"fid","ascendancy","parent","gender"
"GL9R-YL9",23646054892,"LD95-VV6","Male"
"GL9R-YL9",23646054893,"9H2F-HV5","Female"
"LDHQ-P5F",23646054894,"LD9R-RB7","Male"
"LDHQ-P5F",23646054895,"LDSS-6H5","Female"
"M1VS-25N",23646054896,"LDSS-KJ6","Male"
"M1VS-25N",23646054897,"L28D-TJH","Female"
"LDSS-KHY",23646054898,"LYCY-PN6","Male"
"LDSS-KHY",23646054899,"LDSS-KKV","Female"
"LYKM-HPT",23646054900,"LDW2-41W","Male"
"LYKM-HPT",23646054901,"G4NJ-GVF","Female"
"GJK2-FPZ",23646054902,"G28R-HGR","Male"
"K8D7-F5D",23646054904,"LZS9-ZC2","Male"
"K8D7-F5D",23646054905,"LZ61-F76","Female"
"LDZ2-8G7",23646054908,"KNXX-WBQ","Male"
"LDZ2-8G7",23646054909,"LDZ2-8LP","Female"
"LY6V-8G3",23646054910,"LDMT-HMZ","Male"
"LY6V-8G3",23646054911,"LD91-ST3","Female"
"GV8C-DT5",23646054912,"GVM9-C8M","Male"
"GV8C-DT5",23646054913,"G2XQ-3DT","Female"
"GKZZ-H5B",23646054914,"LDW2-RVK","Male"
"GKZZ-H5B",23646054915,"LDW2-RVB","Female"
"9HHG-W26",23646054916,"MBGG-7NP","Male"
"9HHG-W26",23646054917,"LD9R-SHL","Female"
"G9TZ-T8G",23646054918,"M1VS-25N","Male"
"G9TZ-T8G",23646054919,"LDSS-KHY","Female"
"GJBS-S26",23646054920,"LBH8-WL8","Male"
"GJBS-S26",23646054921,"L1P1-VNH","Female"
"GKNC-G8M",23646054922,"GH4L-WDX","Male"
"GKNC-G8M",23646054923,"GZL8-FGB","Female"
"KN84-BQR",23646054924,"LDMK-PYT","Male"
"KN84-BQR",23646054925,"L1WB-GXK","Female"
"LD9R-9TN",23646054926,"2Z98-QKN","Male"
"LD9R-9TN",23646054927,"GDCF-ZCT","Female"
"G6RG-6XQ",23646054928,"GJVC-FKB","Male"
"G6RG-6XQ",23646054929,"GQ21-56Y","Female"
"GKNC-F3X",23646054930,"G2QS-JRV","Male"
"GKNC-F3X",23646054931,"G2QS-6S4","Female"
"LH7S-18K",23646054936,"LDW2-7WW","Male"
"LH7S-18K",23646054937,"LH7S-12Y","Female"
"LDSV-5Q1",23646054938,"LDSQ-XRK","Male"
"LDSV-5Q1",23646054939,"LCFL-9DP","Female"
"9W9Q-M7D",23646054944,"GKFY-TJ4","Male"
"9W9Q-M7D",23646054945,"GKZH-XQH","Female"
"GJ8M-M3K",23646054948,"GJD4-KVX","Male"
"GJ8M-M3K",23646054949,"G242-MFR","Female"
"GWTS-S3L",23646054984,"G77W-6XT","Male"
"GWTS-S3L",23646054985,"MBPF-H89","Female"
"G2G5-FT5",23646054986,"LT3P-8D6","Male"
"G2G5-FT5",23646054987,"G8L3-3JL","Female"
"LYKM-HPT",23646054988,"LDW2-41W","Male"
"LYKM-HPT",23646054989,"G4NJ-GVF","Female"
"GJK2-FPZ",23646054990,"G28R-HGR","Male"
"9MWR-GHW",23646054992,"K8M3-FZQ","Male"
"9MWR-GHW",23646054993,"LVDF-9DW","Female"
"LZ1V-KT6",23646054994,"MBPN-4DK","Male"
"LZ1V-KT6",23646054995,"9H9K-FVG","Female"
"LH8G-2RH",23646054996,"LCVR-TFD","Male"
"LH8G-2RH",23646054997,"9Z4P-BQB","Female"
"LDW2-7JJ",23646054998,"LDW2-41W","Male"
"LDW2-7JJ",23646054999,"G4NJ-GVF","Female"
"GL9R-YL9",23646055000,"LD95-VV6","Male"
"GL9R-YL9",23646055001,"9H2F-HV5","Female"
"LDHQ-P5F",23646055002,"LD9R-RB7","Male"
"LDHQ-P5F",23646055003,"LDSS-6H5","Female"
"KHQ6-TFB",23646055004,"LD97-CH9","Male"
"KHQ6-TFB",23646055005,"KH4Q-2SB","Female"
"LDSM-H39",23646055006,"94YF-JDG","Male"
"LDSM-H39",23646055007,"G8WY-6L8","Female"
"K4J2-DJH",23646055008,"LBH8-WL8","Male"
"K4J2-DJH",23646055009,"L1P1-VNH","Female"
"GKFF-LK8",23646055010,"99PT-R5T","Male"
"GKFF-LK8",23646055011,"GC4M-5C7","Female"
"M1TK-NPC",23646055012,"G6DK-YFB","Male"
"M1TK-NPC",23646055013,"L1P1-VNH","Female"
"GKFN-QJJ",23646055014,"GKZC-MXN","Male"
"GKFN-QJJ",23646055015,"GDN5-BKK","Female"
"GNLR-4V2",23646055021,"GVMZ-74Z","Female"
"GNNF-JLW",23646055032,"G6RW-Z2T","Male"
"GNNF-JLW",23646055033,"G687-CW2","Female"
"9Z8F-7QP",23646055034,"GSVP-H7S","Male"
"9Z8F-7QP",23646055035,"GKDB-2ZZ","Female"
"998F-RYD",23646055036,"GLB9-C37","Male"
"998F-RYD",23646055037,"G2YH-9WG","Female"
"9WYV-M96",23646055038,"GLW3-1SY","Male"
"9WYV-M96",23646055039,"998F-RBL","Female"
"GVNC-TFT",23646055040,"GPMT-SSM","Male"
"GVNC-TFT",23646055041,"GJKV-D8G","Female"
"GNFT-19B",23646055042,"GP9F-DL9","Male"
"GNFT-19B",23646055043,"GP9N-HK8","Female"
"LZLQ-664",23646055044,"9S9W-MPL","Male"
"LZLQ-664",23646055045,"KFX1-BZD","Female"
"94HZ-CG3",23646055048,"L4Y9-TXB","Male"
"94HZ-CG3",23646055049,"GSX5-T31","Female"
"LDSS-BYY",23646055050,"99PY-ZDF","Male"
"LDSS-BYY",23646055051,"LD97-C7T","Female"
"L8RR-S6X",23646055052,"LYCT-Y9Q","Male"
"L8RR-S6X",23646055053,"L142-WBW","Female"
"L8RR-S6J",23646055054,"K6WN-292","Male"
"L8RR-S6J",23646055055,"2NBQ-VZ5","Female"
"99PY-ZDF",23646055056,"GSXG-5MK","Male"
"99PY-ZDF",23646055057,"GH7C-CVR","Female"
"LL43-FM6",23646055060,"G79Q-N5X","Male"
"LL43-FM6",23646055061,"L2J7-KLK","Female"
"9CMJ-R5M",23646055062,"GNSW-BNK","Male"
"9CMJ-R5M",23646055063,"GJG4-L81","Female"
"L15Q-4BH",23646055064,"LDMK-R8Z","Male"
"L15Q-4BH",23646055065,"GS6Z-RB1","Female"
"LT36-BWL",23646055066,"GVB1-XCC","Male"
"LT36-BWL",23646055067,"G3WN-BKZ","Female"
"21JJ-KNR",23646055068,"GX7F-1V3","Male"
"21JJ-KNR",23646055069,"L179-W5T","Female"
"GZL8-6WN",23646055070,"LZPK-K9R","Male"
"GZL8-6WN",23646055071,"GMNF-CHM","Female"
"LZ9M-HWG",23646055072,"LZPK-P7H","Male"
"LZ9M-HWG",23646055073,"GN4S-LXY","Female"
"9M85-YGM",23646055074,"L8YY-PH5","Male"
"9M85-YGM",23646055075,"KFX1-BZD","Female"
"21JJ-KNR",23646055076,"GX7F-1V3","Male"
"21JJ-KNR",23646055077,"L179-W5T","Female"
"GZL8-6WN",23646055078,"LZPK-K9R","Male"
"GZL8-6WN",23646055079,"GMNF-CHM","Female"
"9H6D-XM7",23646055080,"9SVD-TST","Male"
"9H6D-XM7",23646055081,"G71S-P5Y","Female"
"LDSH-MS8",23646055084,"G93L-29T","Male"
"LDSH-MS8",23646055085,"GKZZ-8KV","Female"
"LDSK-W5H",23646055086,"9CW5-MSS","Male"
"LDSK-W5H",23646055087,"LDMK-RDW","Female"
"LDW2-7WW",23646055088,"LD9Y-C7T","Male"
"LDW2-7WW",23646055089,"LD9Y-CW9","Female"
"LH7S-12Y",23646055090,"9CXC-BT8","Male"
"LH7S-12Y",23646055091,"L8MP-T1Y","Female"
"LDSQ-XRK",23646055092,"LDSK-V77","Male"
"LDSQ-XRK",23646055093,"LDSQ-F68","Female"
"LCFL-9DP",23646055094,"LB27-YWT","Male"
"LCFL-9DP",23646055095,"GWZB-NNM","Female"
"G6RG-6XQ",23646055104,"GJVC-FKB","Male"
"G6RG-6XQ",23646055105,"GQ21-56Y","Female"
"GKNC-F3X",23646055106,"G2QS-JRV","Male"
"GKNC-F3X",23646055107,"G2QS-6S4","Female"
"LH7S-18K",23646055112,"LDW2-7WW","Male"
"LH7S-18K",23646055113,"LH7S-12Y","Female"
"LDSV-5Q1",23646055114,"LDSQ-XRK","Male"
"LDSV-5Q1",23646055115,"LCFL-9DP","Female"
"GPM5-DVZ",23646055126,"LRPR-T2Y","Male"
"GPM5-DVZ",23646055127,"GPM5-KQS","Female"
"GDMM-6H6",23646055128,"G8H6-47R","Male"
"GDMM-6H6",23646055129,"GJQ7-5YF","Female"
"GJQW-9XJ",23646055130,"L55S-XD4","Male"
"GZLL-3X1",23646055132,"GK71-1L7","Male"
"GF4X-TFY",23646055134,"G6ZT-SWX","Male"
"GF4X-TFY",23646055135,"GNJF-TDK","Female"
"G8H6-47R",23646055136,"G6VY-YGD","Male"
"G8H6-47R",23646055137,"G6R8-JT5","Female"
"G6ZT-SWX",23646055148,"LDMK-PYT","Male"
"G6ZT-SWX",23646055149,"L1WB-GXK","Female"
"GNJF-TDK",23646055150,"GPMR-1CZ","Male"
"GNJF-TDK",23646055151,"GPMT-2K8","Female"
"G66Q-T96",23646055152,"GCB6-638","Male"
"G6RW-Z2T",23646055168,"GDCP-XJF","Male"
"G6RW-Z2T",23646055169,"GV1M-DCF","Female"
"G687-CW2",23646055170,"LT3P-8D6","Male"
"G687-CW2",23646055171,"G8L3-3JL","Female"
"GSVP-H7S",23646055172,"94HZ-CG3","Male"
"GSVP-H7S",23646055173,"LDSS-BYY","Female"
"GKDB-2ZZ",23646055174,"LDSV-RVD","Male"
"GKDB-2ZZ",23646055175,"LDSV-RG8","Female"
"GLB9-C37",23646055176,"LDSQ-XRK","Male"
"GLB9-C37",23646055177,"LCFL-9DP","Female"
"G2YH-9WG",23646055178,"KDQW-JTJ","Male"
"G2YH-9WG",23646055179,"LDS9-GGV","Female"
"GLW3-1SY",23646055180,"9MWR-GHW","Male"
"GLW3-1SY",23646055181,"LZ1V-KT6","Female"
"998F-RBL",23646055182,"9WL8-7LY","Male"
"998F-RBL",23646055183,"LBJR-K79","Female"
"9MWR-GHW",23646055184,"K8M3-FZQ","Male"
"9MWR-GHW",23646055185,"LVDF-9DW","Female"
"LZ1V-KT6",23646055186,"MBPN-4DK","Male"
"LZ1V-KT6",23646055187,"9H9K-FVG","Female"
"LH8G-2RH",23646055188,"LCVR-TFD","Male"
"LH8G-2RH",23646055189,"9Z4P-BQB","Female"
"LDW2-7JJ",23646055190,"LDW2-41W","Male"
"LDW2-7JJ",23646055191,"G4NJ-GVF","Female"
"LL31-NXN",23646055192,"9CS4-RY3","Male"
"LL31-NXN",23646055193,"GJ11-5FT","Female"
"GJ8K-PWG",23646055200,"LDSK-NZJ","Male"
"GJ8K-PWG",23646055201,"LDSH-S2T","Female"
"LJYH-M8G",23646055202,"GW69-B2J","Male"
"LJYH-M8G",23646055203,"GXQD-1QL","Female"
"LJ4D-ZCK",23646055205,"GVHV-7WD","Female"
"LJ4D-ZCK",23646055204,"G9G8-ZCS","Male"
"9S1L-ZP2",23646055206,"G6Z5-SS2","Male"
"9S1L-ZP2",23646055207,"GX7W-7JP","Female"
"LZGQ-LJX",23646055208,"KDQW-JTJ","Male"
"LZGQ-LJX",23646055209,"LDS9-GGV","Female"
"KDQH-DJG",23646055210,"L1DD-JMP","Male"
"KDQH-DJG",23646055211,"9WY9-HRJ","Female"
"GL9R-YL9",23646055212,"LD95-VV6","Male"
"GL9R-YL9",23646055213,"9H2F-HV5","Female"
"LDHQ-P5F",23646055214,"LD9R-RB7","Male"
"LDHQ-P5F",23646055215,"LDSS-6H5","Female"
"9CXC-QVJ",23646055216,"K4J2-DJH","Male"
"9CXC-QVJ",23646055217,"GKFF-LK8","Female"
"LCRK-1WX",23646055218,"M1TK-NPC","Male"
"LCRK-1WX",23646055219,"GKFN-QJJ","Female"
"KHQ6-TFB",23646055220,"LD97-CH9","Male"
"KHQ6-TFB",23646055221,"KH4Q-2SB","Female"
"LDSM-H39",23646055222,"94YF-JDG","Male"
"LDSM-H39",23646055223,"G8WY-6L8","Female"
"G4FD-78X",23646055224,"GJSD-CLD","Male"
"G4FD-78X",23646055225,"GDV6-4BP","Female"
"GJWS-475",23646055226,"GZRS-MDS","Male"
"GJWS-475",23646055227,"9QQJ-DCB","Female"
"G3SD-DNY",23646055228,"GKH2-284","Male"
"G3SD-DNY",23646055229,"L1HH-YZM","Female"
"GX47-24Y",23646055230,"G8F9-CC5","Male"
"GX47-24Y",23646055231,"L1HG-6TJ","Female"
"GG8R-DMR",23646055236,"GG8T-3F2","Male"
"GG8T-DPT",23646055238,"GGDS-XHY","Male"
"GG8T-DPT",23646055239,"GGDS-2TV","Female"
"GHLJ-GR9",23646055240,"GZ58-YQK","Male"
"GHLJ-GR9",23646055241,"G2S3-J26","Female"
"MBV2-T1M",23646055242,"GVD8-XBR","Male"
"MBV2-T1M",23646055243,"GVD8-NJ7","Female"
"99RW-M7G",23646055244,"GLM4-QSX","Male"
"99RW-M7G",23646055245,"GLMW-NKS","Female"
"LYL8-3HK",23646055248,"G48P-KTH","Male"
"LYL8-3HK",23646055249,"G48P-5JM","Female"
"GP9F-ZMF",23646055252,"GV48-5LB","Male"
"GP9F-ZMF",23646055253,"GV4D-G59","Female"
"GMVK-546",23646055260,"GKDL-M52","Male"
"GMVK-546",23646055261,"GDP2-D75","Female"
"GSD4-JL2",23646055264,"GSZP-DTH","Male"
"GSD4-JL2",23646055265,"GSZP-ZX5","Female"
"L2TT-XK1",23646055268,"GSZP-DD3","Male"
"L2TT-XK1",23646055269,"GSZP-61S","Female"
"GXQY-4W5",23646055272,"GG3Q-9VN","Male"
"GXQY-4W5",23646055273,"L2MS-GP4","Female"
"GG3Z-G3K",23646055274,"GJMH-VTM","Male"
"GG3Z-G3K",23646055275,"GJMH-2XV","Female"
"GJSR-WSZ",23646055276,"LRHN-FX9","Male"
"GJSR-WSZ",23646055277,"GG38-Z6K","Female"
"GJSR-ZD1",23646055278,"GJMH-VTM","Male"
"GJSR-ZD1",23646055279,"GJMH-2XV","Female"
"KLLD-LMW",23646055288,"GLY9-V9X","Male"
"KLLD-LMW",23646055289,"GLY9-DGJ","Female"
"LD9R-RB7",23646055296,"LD9R-RYR","Male"
"LD9R-RB7",23646055297,"M15L-V4Q","Female"
"LDSS-6H5",23646055298,"L133-HLP","Male"
"LDSS-6H5",23646055299,"KH8N-T92","Female"
"LDMT-HMZ",23646055300,"L8BY-3VJ","Male"
"LDMT-HMZ",23646055301,"94BP-X4Z","Female"
"LD91-ST3",23646055302,"L8YY-5HK","Male"
"LD91-ST3",23646055303,"L8WB-D2Z","Female"
"L6JX-69T",23646055304,"9WMP-NNQ","Male"
"L6JX-69T",23646055305,"945D-J9Y","Female"
"LT1B-6DX",23646055306,"LJB3-5XL","Male"
"LT1B-6DX",23646055307,"GNWS-GB4","Female"
"KHQ6-TFB",23646055308,"LD97-CH9","Male"
"KHQ6-TFB",23646055309,"KH4Q-2SB","Female"
"LDSM-H39",23646055310,"94YF-JDG","Male"
"LDSM-H39",23646055311,"G8WY-6L8","Female"
"MGTC-QTS",23646055312,"LZ48-4FD","Male"
"MGTC-QTS",23646055313,"9HMZ-FQH","Female"
"LB23-RVZ",23646055314,"2Z98-QKN","Male"
"LB23-RVZ",23646055315,"GDCF-ZCT","Female"
"9HNL-1HB",23646055316,"G2S2-PGN","Male"
"9HNL-1HB",23646055317,"GFXP-NMG","Female"
"L1TH-HRK",23646055319,"G2C6-3C9","Female"
"GLB9-C37",23646055320,"LDSQ-XRK","Male"
"GLB9-C37",23646055321,"LCFL-9DP","Female"
"G2YH-9WG",23646055322,"KDQW-JTJ","Male"
"G2YH-9WG",23646055323,"LDS9-GGV","Female"
"GLW3-1SY",23646055324,"9MWR-GHW","Male"
"GLW3-1SY",23646055325,"LZ1V-KT6","Female"
"998F-RBL",23646055326,"9WL8-7LY","Male"
"998F-RBL",23646055327,"LBJR-K79","Female"
"G396-RXQ",23646055346,"GJB7-LYF","Male"
"KFK5-ZL5",23646055352,"9HTX-2CD","Male"
"KFK5-ZL5",23646055353,"L83J-4S6","Female"
"LBCC-DW3",23646055354,"G9P6-CHT","Male"
"LBCC-DW3",23646055355,"LVC7-ZZX","Female"
"9Z4Y-46S",23646055360,"GG3L-DQ3","Male"
"9Z4Y-46S",23646055361,"9WQT-6DQ","Female"
"GJSR-WSZ",23646055364,"LRHN-FX9","Male"
"GJSR-WSZ",23646055365,"GG38-Z6K","Female"
"GJSR-ZD1",23646055366,"GJMH-VTM","Male"
"GJSR-ZD1",23646055367,"GJMH-2XV","Female"
"GX26-ZDX",23646055368,"99XR-3XB","Male"
"GX26-ZDX",23646055369,"GGY3-3FC","Female"
"G3PZ-JDS",23646055370,"GG5B-5DB","Male"
"G3PZ-JDS",23646055371,"LDSS-6CT","Female"
"GQ1S-8Z6",23646055376,"GK5X-Y6C","Male"
"GQ1S-8Z6",23646055377,"GGHM-SHT","Female"
"GL5F-2BT",23646055378,"GLHT-H9Z","Male"
"LDW5-66P",23646055384,"LD9R-RB7","Male"
"LDW5-66P",23646055385,"LDSS-6H5","Female"
"LDW5-623",23646055386,"LDMT-HMZ","Male"
"LDW5-623",23646055387,"LD91-ST3","Female"
"KCXK-S69",23646055388,"L8MB-ZMK","Male"
"KCXK-S69",23646055389,"MB1Q-ZWW","Female"
"GJR2-7VD",23646055390,"LDMT-W6R","Male"
"GJR2-7VD",23646055391,"LT83-H6M","Female"
"LM1H-8JF",23646055392,"GL9R-YL9","Male"
"LM1H-8JF",23646055393,"LDHQ-P5F","Female"
"LBDD-T2H",23646055394,"G2G5-WJR","Male"
"LBDD-T2H",23646055395,"G2G5-FT5","Female"
"LYJ2-TZG",23646055396,"LBX8-DDN","Male"
"LYJ2-TZG",23646055397,"LDW2-4JB","Female"
"LYJ2-LF5",23646055398,"M1S9-5V6","Male"
"G95M-WZ9",23646055400,"G6RG-6XQ","Male"
"G95M-WZ9",23646055401,"GKNC-F3X","Female"
"9V7R-KN5",23646055402,"GLXF-42Z","Male"
"9V7R-KN5",23646055403,"GLXF-CH3","Female"
"LDW2-QX1",23646055404,"LH7S-18K","Male"
"LDW2-QX1",23646055405,"LDSV-5Q1","Female"
"LH8G-2RH",23646055408,"LCVR-TFD","Male"
"LH8G-2RH",23646055409,"9Z4P-BQB","Female"
"LDW2-7JJ",23646055410,"LDW2-41W","Male"
"LDW2-7JJ",23646055411,"G4NJ-GVF","Female"
"KHQ6-TFB",23646055412,"LD97-CH9","Male"
"KHQ6-TFB",23646055413,"KH4Q-2SB","Female"
"LDSM-H39",23646055414,"94YF-JDG","Male"
"LDSM-H39",23646055415,"G8WY-6L8","Female"
"LDW2-TDB",23646055416,"MBGG-7NP","Male"
"LDW2-TDB",23646055417,"LD9R-SHL","Female"
"LTG4-3S1",23646055418,"9SVD-TVV","Male"
"LTG4-3S1",23646055419,"GGKB-KCP","Female"
"LDW2-QX1",23646055420,"LH7S-18K","Male"
"LDW2-QX1",23646055421,"LDSV-5Q1","Female"
"LDW5-66P",23646055424,"LD9R-RB7","Male"
"LDW5-66P",23646055425,"LDSS-6H5","Female"
"LDW5-623",23646055426,"LDMT-HMZ","Male"
"LDW5-623",23646055427,"LD91-ST3","Female"
"LYYN-GWQ",23646055428,"L6JX-69T","Male"
"LYYN-GWQ",23646055429,"LT1B-6DX","Female"
"LDSM-4M1",23646055430,"KHQ6-TFB","Male"
"LDSM-4M1",23646055431,"LDSM-H39","Female"
"LYX7-C8M",23646055432,"MGTC-QTS","Male"
"LYX7-C8M",23646055433,"LB23-RVZ","Female"
"L5NV-7ZQ",23646055434,"9HNL-1HB","Male"
"L5NV-7ZQ",23646055435,"L1TH-HRK","Female"
"998F-RYD",23646055436,"GLB9-C37","Male"
"998F-RYD",23646055437,"G2YH-9WG","Female"
"9WYV-M96",23646055438,"GLW3-1SY","Male"
"9WYV-M96",23646055439,"998F-RBL","Female"
"L51Z-XMG",23646055440,"GJ8K-PWG","Male"
"L51Z-XMG",23646055441,"LJYH-M8G","Female"
"KZTY-WSH",23646055442,"LJ4D-ZCK","Male"
"KZTY-WSH",23646055443,"9S1L-ZP2","Female"
"9H17-VTZ",23646055444,"LZGQ-LJX","Male"
"9H17-VTZ",23646055445,"KDQH-DJG","Female"
"LY57-55F",23646055446,"GL9R-YL9","Male"
"LY57-55F",23646055447,"LDHQ-P5F","Female"
"KF51-BG4",23646055448,"9CXC-QVJ","Male"
"KF51-BG4",23646055449,"LCRK-1WX","Female"
"LBWR-LCB",23646055450,"KHQ6-TFB","Male"
"LBWR-LCB",23646055451,"LDSM-H39","Female"
"9HFS-58G",23646055452,"G4FD-78X","Male"
"9HFS-58G",23646055453,"GJWS-475","Female"
"L62Z-DDQ",23646055454,"G3SD-DNY","Male"
"L62Z-DDQ",23646055455,"GX47-24Y","Female"
"GH7M-SN1",23646055456,"LM1H-8JF","Male"
"GH7M-SN1",23646055457,"LBDD-T2H","Female"
"M1TK-CR7",23646055458,"LYJ2-TZG","Male"
"M1TK-CR7",23646055459,"LYJ2-LF5","Female"
"9CSQ-RVL",23646055460,"G95M-WZ9","Male"
"9CSQ-RVL",23646055461,"9V7R-KN5","Female"
"GKNH-2K7",23646055462,"LDW2-QX1","Male"
"GKNH-2K7",23646055463,"267Y-B3F","Female"
"935X-1CT",23646055464,"LH8G-2RH","Male"
"935X-1CT",23646055465,"LDW2-7JJ","Female"
"LZS3-9ZK",23646055466,"KHQ6-TFB","Male"
"LZS3-9ZK",23646055467,"LDSM-H39","Female"
"L812-GLB",23646055468,"LDW2-TDB","Male"
"L812-GLB",23646055469,"LTG4-3S1","Female"
"GKNH-2K7",23646055470,"LDW2-QX1","Male"
"GKNH-2K7",23646055471,"267Y-B3F","Female"
"LZ1V-KTQ",23646055472,"9MWR-GHW","Male"
"LZ1V-KTQ",23646055473,"LZ1V-KT6","Female"
"GDN3-LQK",23646055474,"LH8G-2RH","Male"
"GDN3-LQK",23646055475,"LDW2-7JJ","Female"
"LBTD-DM3",23646055476,"GL9R-YL9","Male"
"LBTD-DM3",23646055477,"LDHQ-P5F","Female"
"LDSM-4M1",23646055478,"KHQ6-TFB","Male"
"LDSM-4M1",23646055479,"LDSM-H39","Female"
"GWMF-GL3",23646055480,"L7LL-FB1","Male"
"GWMF-GL3",23646055481,"LZVR-GMG","Female"
"LDSM-QN8",23646055482,"93LF-J1V","Male"
"LDSM-QN8",23646055483,"931M-DSZ","Female"
"LB4Q-HKB",23646055484,"LHYG-XJF","Male"
"LB4Q-HKB",23646055485,"GDGW-LRZ","Female"
"LZ4V-V9Y",23646055486,"2JFF-BQB","Male"
"LZ4V-V9Y",23646055487,"K83K-RFX","Female"
"998F-RYD",23646055488,"GLB9-C37","Male"
"998F-RYD",23646055489,"G2YH-9WG","Female"
"9WYV-M96",23646055490,"GLW3-1SY","Male"
"9WYV-M96",23646055491,"998F-RBL","Female"
"L8T2-WP2",23646055492,"L1MT-98D","Male"
"L8T2-WP2",23646055493,"G6T4-VHF","Female"
"LQR2-NXQ",23646055494,"LYGH-JR3","Male"
"LQR2-NXQ",23646055495,"L8WY-474","Female"
"M1DV-XGP",23646055496,"LBJM-VXF","Male"
"M1DV-XGP",23646055497,"LBDM-38D","Female"
"L19S-RGW",23646055498,"MSZC-Z12","Male"
"L19S-RGW",23646055499,"MFDV-SRR","Female"
"L8BS-C55",23646055500,"LRHD-9QV","Male"
"L8BS-C55",23646055501,"LB28-GGJ","Female"
"9Z45-3FJ",23646055502,"9HYM-8LQ","Male"
"9Z45-3FJ",23646055503,"99VV-38W","Female"
"LDY5-WRL",23646055504,"G9C2-JC3","Male"
"LDY5-WRL",23646055505,"LLCG-1DK","Female"
"LH8H-YJQ",23646055508,"G929-BHT","Male"
"LH8H-YJQ",23646055509,"GLQD-YT8","Female"
"GVM3-D5C",23646055510,"GLTG-P3R","Male"
"GVM3-D5C",23646055511,"GLRP-57M","Female"
"KHW8-PT2",23646055512,"LDSS-R24","Male"
"KHW8-PT2",23646055513,"GHJB-RRM","Female"
"LT73-7PS",23646055514,"LR6N-PQP","Male"
"LT73-7PS",23646055515,"LDSS-RGB","Female"
"9CJ7-MYH",23646055516,"9Z8X-1VX","Male"
"9CJ7-MYH",23646055517,"9Z8X-1VF","Female"
"GWMF-GL3",23646055520,"L7LL-FB1","Male"
"GWMF-GL3",23646055521,"LZVR-GMG","Female"
"LDSM-QN8",23646055522,"93LF-J1V","Male"
"LDSM-QN8",23646055523,"931M-DSZ","Female"
"LB4Q-HKB",23646055524,"LHYG-XJF","Male"
"LB4Q-HKB",23646055525,"GDGW-LRZ","Female"
"LZ4V-V9Y",23646055526,"2JFF-BQB","Male"
"LZ4V-V9Y",23646055527,"K83K-RFX","Female"
"9H17-VTZ",23646055528,"LZGQ-LJX","Male"
"9H17-VTZ",23646055529,"KDQH-DJG","Female"
"LY57-55F",23646055530,"GL9R-YL9","Male"
"LY57-55F",23646055531,"LDHQ-P5F","Female"
"KN4J-P1M",23646055532,"K8D7-F5D","Male"
"KN4J-P1M",23646055533,"L8MB-CYC","Female"
"L8M6-YW7",23646055534,"LDZ2-8G7","Male"
"L8M6-YW7",23646055535,"LY6V-8G3","Female"
"LDQ2-Z4X",23646055536,"LH7S-18K","Male"
"LDQ2-Z4X",23646055537,"LDSV-5Q1","Female"
"LDS9-G7Q",23646055538,"LYGH-JR3","Male"
"LDS9-G7Q",23646055539,"LZVR-GMG","Female"
"9MC4-P9B",23646055540,"GNYN-63S","Male"
"9MC4-P9B",23646055541,"LBDM-38D","Female"
"9W15-B8Y",23646055542,"9H16-YMP","Male"
"9W15-B8Y",23646055543,"L82R-5HJ","Female"
"GVX1-XXB",23646055544,"G7L7-K4V","Male"
"GVX1-XXB",23646055545,"GVMM-WY2","Female"
"LYR8-2CF",23646055546,"LZJX-4WX","Male"
"LYR8-2CF",23646055547,"2ZVG-JS3","Female"
"LYK6-S2M",23646055548,"94BN-14G","Male"
"LYK6-S2M",23646055549,"LZBC-NVG","Female"
"G236-Z9L",23646055550,"GQP1-GKY","Male"
"G236-Z9L",23646055551,"LD33-H5D","Female"
"M1DV-XGP",23646055552,"LBJM-VXF","Male"
"M1DV-XGP",23646055553,"LBDM-38D","Female"
"L19S-RGW",23646055554,"MSZC-Z12","Male"
"L19S-RGW",23646055555,"MFDV-SRR","Female"
"L8BS-C55",23646055556,"LRHD-9QV","Male"
"L8BS-C55",23646055557,"LB28-GGJ","Female"
"9Z45-3FJ",23646055558,"9HYM-8LQ","Male"
"9Z45-3FJ",23646055559,"99VV-38W","Female"
"9HLX-GWL",23646055560,"L8TT-FPL","Male"
"9HLX-GWL",23646055561,"L8TT-FPP","Female"
"LC7J-KH4",23646055562,"KC9S-MPC","Male"
"LC7J-KH4",23646055563,"L7JF-2YC","Female"
"LBV3-PXG",23646055564,"LDQ2-Z4X","Male"
"LBV3-PXG",23646055565,"LDS9-G7Q","Female"
"L8WB-MRM",23646055566,"9MC4-P9B","Male"
"L8WB-MRM",23646055567,"9W15-B8Y","Female"
"998F-RYD",23646055568,"GLB9-C37","Male"
"998F-RYD",23646055569,"G2YH-9WG","Female"
"9WYV-M96",23646055570,"GLW3-1SY","Male"
"9WYV-M96",23646055571,"998F-RBL","Female"
"L8T2-WP2",23646055572,"L1MT-98D","Male"
"L8T2-WP2",23646055573,"G6T4-VHF","Female"
"LQR2-NXQ",23646055574,"LYGH-JR3","Male"
"LQR2-NXQ",23646055575,"L8WY-474","Female"
"MQBD-YLM",23646055576,"LJLB-5ML","Male"
"MQBD-YLM",23646055577,"L15Q-8X5","Female"
"GV6W-S6F",23646055578,"MW9F-FGX","Male"
"GV6W-S6F",23646055579,"KC21-XJJ","Female"
"LZ18-2BL",23646055580,"LHNV-F14","Male"
"LZ18-2BL",23646055581,"LZ18-2RK","Female"
"LZ18-L3N",23646055582,"LD78-CYZ","Male"
"LZ18-L3N",23646055583,"LZ18-LSK","Female"
"G2B3-DPQ",23646055600,"LZ56-C7W","Male"
"G2B3-DPQ",23646055601,"G217-CMH","Female"
"G2B3-RT9",23646055604,"LZ78-C6G","Male"
"G2B3-RT9",23646055605,"KVFN-V9M","Female"
"GFZ7-L5X",23646055606,"GSY8-G8W","Male"
"GFZ7-L5X",23646055607,"GSY8-P1N","Female"
"LYX7-C8M",23646055616,"MGTC-QTS","Male"
"LYX7-C8M",23646055617,"LB23-RVZ","Female"
"L5NV-7ZQ",23646055618,"9HNL-1HB","Male"
"L5NV-7ZQ",23646055619,"L1TH-HRK","Female"
"998F-RYD",23646055620,"GLB9-C37","Male"
"998F-RYD",23646055621,"G2YH-9WG","Female"
"9WYV-M96",23646055622,"GLW3-1SY","Male"
"9WYV-M96",23646055623,"998F-RBL","Female"
"LCYS-RM7",23646055624,"G95D-VPB","Male"
"LCYS-RM7",23646055625,"94N6-VR2","Female"
"LZ69-FWS",23646055626,"99Y7-8XZ","Male"
"LZ69-FWS",23646055627,"9HDM-MMD","Female"
"LDWL-NG9",23646055628,"LBQ7-VCK","Male"
"LDWL-NG9",23646055629,"LZSJ-4MJ","Female"
"LY1W-YGL",23646055632,"998F-RYD","Male"
"LY1W-YGL",23646055633,"9WYV-M96","Female"
"93T9-FVT",23646055634,"LZ1V-KTQ","Male"
"93T9-FVT",23646055635,"GDN3-LQK","Female"
"KFLG-1TM",23646055636,"G468-KW6","Male"
"KFLG-1TM",23646055637,"GW9P-PVT","Female"
"GNX2-HHL",23646055638,"GWLB-Q3R","Male"
"GNX2-HHL",23646055639,"GWLB-32G","Female"
"GCQG-FB3",23646055640,"L1Y9-2YH","Male"
"GCQG-FB3",23646055641,"GCWL-D2S","Female"
"GGCX-4HH",23646055650,"LYZ9-HQJ","Male"
"GGCX-4HH",23646055651,"MYBX-C2G","Female"
"L1TH-WVP",23646055652,"L1TH-CHT","Male"
"L1TH-WVP",23646055653,"L1TH-WV2","Female"
"9Q3T-9PC",23646055654,"LYZ9-HQJ","Male"
"9Q3T-9PC",23646055655,"9SM1-17D","Female"
"LBJM-VXF",23646055680,"9C8M-C8L","Male"
"LBJM-VXF",23646055681,"GGJD-WC6","Female"
"LBDM-38D",23646055682,"L8R2-SJ9","Male"
"LBDM-38D",23646055683,"LCXP-QW3","Female"
"MSZC-Z12",23646055684,"LBQ7-VCK","Male"
"MSZC-Z12",23646055685,"LZSJ-4MJ","Female"
"MFDV-SRR",23646055686,"G7BH-PLM","Male"
"MFDV-SRR",23646055687,"GL5J-ZG3","Female"
"LRHD-9QV",23646055688,"GHXK-4CC","Male"
"LRHD-9QV",23646055689,"LDT7-TQR","Female"
"LB28-GGJ",23646055690,"KJWK-J9N","Male"
"LB28-GGJ",23646055691,"GZZ1-RZC","Female"
"9HYM-8LQ",23646055693,"LYGC-QWM","Female"
"99VV-38W",23646055694,"GD3G-G7F","Male"
"99VV-38W",23646055695,"G7NR-DKZ","Female"
"L8TT-FPL",23646055696,"9ZC6-52H","Male"
"L8TT-FPL",23646055697,"GLS6-L9W","Female"
"L8TT-FPP",23646055698,"9WL8-7LY","Male"
"L8TT-FPP",23646055699,"LBJR-K79","Female"
"KC9S-MPC",23646055700,"G23C-HT1","Male"
"KC9S-MPC",23646055701,"G652-6K6","Female"
"L7JF-2YC",23646055702,"93LP-LVJ","Male"
"L7JF-2YC",23646055703,"LBSF-ZFR","Female"
"LDQ2-Z4X",23646055704,"LH7S-18K","Male"
"LDQ2-Z4X",23646055705,"LDSV-5Q1","Female"
"LDS9-G7Q",23646055706,"LYGH-JR3","Male"
"LDS9-G7Q",23646055707,"LZVR-GMG","Female"
"9MC4-P9B",23646055708,"GNYN-63S","Male"
"9MC4-P9B",23646055709,"LBDM-38D","Female"
"9W15-B8Y",23646055710,"9H16-YMP","Male"
"9W15-B8Y",23646055711,"L82R-5HJ","Female"
"GLB9-C37",23646055712,"LDSQ-XRK","Male"
"GLB9-C37",23646055713,"LCFL-9DP","Female"
"G2YH-9WG",23646055714,"KDQW-JTJ","Male"
"G2YH-9WG",23646055715,"LDS9-GGV","Female"
"GLW3-1SY",23646055716,"9MWR-GHW","Male"
"GLW3-1SY",23646055717,"LZ1V-KT6","Female"
"998F-RBL",23646055718,"9WL8-7LY","Male"
"998F-RBL",23646055719,"LBJR-K79","Female"
"L1MT-98D",23646055720,"9ZC6-52H","Male"
"L1MT-98D",23646055721,"LDZ2-825","Female"
"G6T4-VHF",23646055722,"L1MN-K1H","Male"
"G6T4-VHF",23646055723,"KZF2-HJC","Female"
"LYGH-JR3",23646055724,"LD9R-RB7","Male"
"LYGH-JR3",23646055725,"LDSS-6H5","Female"
"L8WY-474",23646055726,"9H19-J7X","Male"
"L8WY-474",23646055727,"9H19-J7B","Female"
"LJLB-5ML",23646055728,"LB72-KMS","Male"
"LJLB-5ML",23646055729,"9ZC4-8MC","Female"
"L15Q-8X5",23646055730,"9CFG-QM8","Male"
"L15Q-8X5",23646055731,"MCLW-CKN","Female"
"MW9F-FGX",23646055732,"L4BB-Z8Y","Male"
"MW9F-FGX",23646055733,"GKZ8-6ZX","Female"
"LHNV-F14",23646055736,"G9QV-BP7","Male"
"LHNV-F14",23646055737,"GL1T-G7R","Female"
"LD78-CYZ",23646055740,"LHG4-N8V","Male"
"LD78-CYZ",23646055741,"LDW2-QLB","Female"
"LZ18-LSK",23646055742,"MGTC-QTS","Male"
"LZ18-LSK",23646055743,"LB23-RVZ","Female"
"GVG6-KK3",23646055744,"GGG1-3DL","Male"
"GVG6-KK3",23646055745,"GGG1-364","Female"
"LKGC-R98",23646055746,"G6GQ-R3F","Male"
"LKGC-R98",23646055747,"G8R7-2L1","Female"
"GHGF-YK8",23646055748,"GFHY-37S","Male"
"GHGF-YK8",23646055749,"GJYZ-3ZJ","Female"
"G3BT-C45",23646055750,"GJW4-BT9","Male"
"G3BT-C45",23646055751,"GJWH-3GF","Female"
"LVVK-HVJ",23646055752,"LT83-QKS","Male"
"LVVK-HVJ",23646055753,"GDG2-NJC","Female"
"GX26-XRJ",23646055754,"G9M5-FF1","Male"
"GX26-XRJ",23646055755,"GN9F-M6Q","Female"
"GJ34-YRZ",23646055758,"GKZJ-N6G","Male"
"GJ34-YRZ",23646055759,"G25D-1PW","Female"
"KZGJ-SQ8",23646055760,"LYGH-JR3","Male"
"KZGJ-SQ8",23646055761,"L8WY-474","Female"
"L87F-RS8",23646055762,"9C8M-C8L","Male"
"L87F-RS8",23646055763,"GH7W-LP9","Female"
"998F-RYD",23646055764,"GLB9-C37","Male"
"998F-RYD",23646055765,"G2YH-9WG","Female"
"9WYV-M96",23646055766,"GLW3-1SY","Male"
"9WYV-M96",23646055767,"998F-RBL","Female"
"LYVT-2LR",23646055768,"GCZN-9ZR","Male"
"LYVT-2LR",23646055769,"G272-R16","Female"
"G6CS-LNN",23646055770,"G6CS-5L8","Male"
"G6CS-LNN",23646055771,"G8XT-D64","Female"
"M1TN-H75",23646055772,"GQ1S-8Z6","Male"
"M1TN-H75",23646055773,"GL5F-2BT","Female"
"LYRL-5JV",23646055776,"L5VF-XKM","Male"
"LYRL-5JV",23646055777,"LTB7-ZD6","Female"
"LYR1-TPB",23646055778,"LTB7-5F2","Male"
"LYR1-TPB",23646055779,"GL5F-P19","Female"
"LC8T-BWR",23646055780,"LYBT-Y8V","Male"
"LC8T-BWR",23646055781,"L1SB-FRL","Female"
"946P-W6L",23646055782,"GVXW-SZR","Male"
"946P-W6L",23646055783,"G7N9-BC6","Female"
"LBLP-Q79",23646055784,"GMNS-Q4L","Male"
"LBLP-Q79",23646055785,"GV6H-71V","Female"
"LYJ7-NW3",23646055786,"LTY9-1SH","Male"
"LYJ7-NW3",23646055787,"KN8P-Q1K","Female"
"LYZ9-HQJ",23646055788,"M33D-SL2","Male"
"LYZ9-HQJ",23646055789,"GQXS-8NN","Female"
"MYBX-C2G",23646055790,"MGTC-QTS","Male"
"MYBX-C2G",23646055791,"LB23-RVZ","Female"
"LDQ2-Z4X",23646055792,"LH7S-18K","Male"
"LDQ2-Z4X",23646055793,"LDSV-5Q1","Female"
"LDS9-G7Q",23646055794,"LYGH-JR3","Male"
"LDS9-G7Q",23646055795,"LZVR-GMG","Female"
"9MC4-P9B",23646055796,"GNYN-63S","Male"
"9MC4-P9B",23646055797,"LBDM-38D","Female"
"9W15-B8Y",23646055798,"9H16-YMP","Male"
"9W15-B8Y",23646055799,"L82R-5HJ","Female"
"LRMQ-JWY",23646055800,"MSZC-Z12","Male"
"LRMQ-JWY",23646055801,"9CDZ-Q8X","Female"
"LDSM-QNV",23646055802,"L8WB-MRH","Male"
"LDSM-QNV",23646055803,"GGKR-Y4B","Female"
"GSF4-Z7N",23646055804,"L6JX-4K1","Male"
"GSF4-Z7N",23646055805,"LBS8-7SB","Female"
"LHRH-19N",23646055806,"G994-99J","Male"
"LHRH-19N",23646055807,"GJ8G-C73","Female"
"LD38-423",23646055808,"LBLP-Q79","Male"
"LD38-423",23646055809,"LYJ7-NW3","Female"
"MW9F-FGX",23646055812,"L4BB-Z8Y","Male"
"MW9F-FGX",23646055813,"GKZ8-6ZX","Female"
"LK53-XQC",23646055816,"G9TN-KGF","Male"
"LTBR-4SS",23646055820,"LJLT-6W9","Male"
"LTBR-4SS",23646055821,"LBGF-4RG","Female"
"GKZZ-JN4",23646055822,"LYRL-5JV","Male"
"GKZZ-JN4",23646055823,"LYR1-TPB","Female"
"LYNR-DH4",23646055824,"LDMT-HMZ","Male"
"LYNR-DH4",23646055825,"LD91-ST3","Female"
"LZZ8-DH4",23646055826,"9CMV-DDP","Male"
"LZZ8-DH4",23646055827,"9C3F-KW6","Female"
"999Y-LF2",23646055828,"LY66-YCC","Male"
"999Y-LF2",23646055829,"L1W1-M5G","Female"
"KLYH-884",23646055830,"GKZW-XZM","Male"
"KLYH-884",23646055831,"GKPP-C4G","Female"
"GJTD-6V7",23646055840,"GGHV-V18","Male"
"GJTD-6V7",23646055841,"GGHV-29X","Female"
"G28D-WM3",23646055842,"GJTD-H22","Male"
"G28D-WM3",23646055843,"LZV8-T7J","Female"
"LDW5-66P",23646055872,"LD9R-RB7","Male"
"LDW5-66P",23646055873,"LDSS-6H5","Female"
"LDW5-623",23646055874,"LDMT-HMZ","Male"
"LDW5-623",23646055875,"LD91-ST3","Female"
"LYYN-GWQ",23646055876,"L6JX-69T","Male"
"LYYN-GWQ",23646055877,"LT1B-6DX","Female"
"LDSM-4M1",23646055878,"KHQ6-TFB","Male"
"LDSM-4M1",23646055879,"LDSM-H39","Female"
"LYX7-C8M",23646055880,"MGTC-QTS","Male"
"LYX7-C8M",23646055881,"LB23-RVZ","Female"
"L5NV-7ZQ",23646055882,"9HNL-1HB","Male"
"L5NV-7ZQ",23646055883,"L1TH-HRK","Female"
"998F-RYD",23646055884,"GLB9-C37","Male"
"998F-RYD",23646055885,"G2YH-9WG","Female"
"9WYV-M96",23646055886,"GLW3-1SY","Male"
"9WYV-M96",23646055887,"998F-RBL","Female"
"L8B9-VWR",23646055888,"G9FS-D2J","Male"
"L8B9-VWR",23646055889,"GC9C-89Q","Female"
"9S8J-R9Z",23646055890,"9H27-6Y3","Male"
"9S8J-R9Z",23646055891,"MWBC-XS5","Female"
"LBLQ-5TN",23646055892,"GV18-6H7","Male"
"LBLQ-5TN",23646055893,"GVQY-MVQ","Female"
"G3KW-NLD",23646055894,"M1TN-H75","Male"
"G3KW-NLD",23646055895,"GHRS-RJY","Female"
"9CS3-646",23646055896,"9H17-VTZ","Male"
"9CS3-646",23646055897,"LY57-55F","Female"
"LH1T-486",23646055898,"99JL-VFV","Male"
"LH1T-486",23646055899,"GCS7-3JP","Female"
"LBXC-4KY",23646055900,"LBNP-5M3","Male"
"LBXC-4KY",23646055901,"G4SG-NWR","Female"
"M49C-X4T",23646055902,"LVVW-QMC","Male"
"M49C-X4T",23646055903,"GLGS-JN3","Female"
"GH7M-SN1",23646055904,"LM1H-8JF","Male"
"GH7M-SN1",23646055905,"LBDD-T2H","Female"
"M1TK-CR7",23646055906,"LYJ2-TZG","Male"
"M1TK-CR7",23646055907,"LYJ2-LF5","Female"
"9CSQ-RVL",23646055908,"G95M-WZ9","Male"
"9CSQ-RVL",23646055909,"9V7R-KN5","Female"
"GKNH-2K7",23646055910,"LDW2-QX1","Male"
"GKNH-2K7",23646055911,"267Y-B3F","Female"
"935X-1CT",23646055912,"LH8G-2RH","Male"
"935X-1CT",23646055913,"LDW2-7JJ","Female"
"LZS3-9ZK",23646055914,"KHQ6-TFB","Male"
"LZS3-9ZK",23646055915,"LDSM-H39","Female"
"L812-GLB",23646055916,"LDW2-TDB","Male"
"L812-GLB",23646055917,"LTG4-3S1","Female"
"GKNH-2K7",23646055918,"LDW2-QX1","Male"
"GKNH-2K7",23646055919,"267Y-B3F","Female"
"LZ1V-KTQ",23646055920,"9MWR-GHW","Male"
"LZ1V-KTQ",23646055921,"LZ1V-KT6","Female"
"GDN3-LQK",23646055922,"LH8G-2RH","Male"
"GDN3-LQK",23646055923,"LDW2-7JJ","Female"
"LBTD-DM3",23646055924,"GL9R-YL9","Male"
"LBTD-DM3",23646055925,"LDHQ-P5F","Female"
"LDSM-4M1",23646055926,"KHQ6-TFB","Male"
"LDSM-4M1",23646055927,"LDSM-H39","Female"
"GWMF-GL3",23646055928,"L7LL-FB1","Male"
"GWMF-GL3",23646055929,"LZVR-GMG","Female"
"LDSM-QN8",23646055930,"93LF-J1V","Male"
"LDSM-QN8",23646055931,"931M-DSZ","Female"
"LB4Q-HKB",23646055932,"LHYG-XJF","Male"
"LB4Q-HKB",23646055933,"GDGW-LRZ","Female"
"LZ4V-V9Y",23646055934,"2JFF-BQB","Male"
"LZ4V-V9Y",23646055935,"K83K-RFX","Female"
"LDW5-66P",23646055936,"LD9R-RB7","Male"
"LDW5-66P",23646055937,"LDSS-6H5","Female"
"LDW5-623",23646055938,"LDMT-HMZ","Male"
"LDW5-623",23646055939,"LD91-ST3","Female"
"LYYN-GWQ",23646055940,"L6JX-69T","Male"
"LYYN-GWQ",23646055941,"LT1B-6DX","Female"
"LDSM-4M1",23646055942,"KHQ6-TFB","Male"
"LDSM-4M1",23646055943,"LDSM-H39","Female"
"LYX7-C8M",23646055944,"MGTC-QTS","Male"
"LYX7-C8M",23646055945,"LB23-RVZ","Female"
"L5NV-7ZQ",23646055946,"9HNL-1HB","Male"
"L5NV-7ZQ",23646055947,"L1TH-HRK","Female"
"998F-RYD",23646055948,"GLB9-C37","Male"
"998F-RYD",23646055949,"G2YH-9WG","Female"
"9WYV-M96",23646055950,"GLW3-1SY","Male"
"9WYV-M96",23646055951,"998F-RBL","Female"
"L51Z-XMG",23646055952,"GJ8K-PWG","Male"
"L51Z-XMG",23646055953,"LJYH-M8G","Female"
"KZTY-WSH",23646055954,"LJ4D-ZCK","Male"
"KZTY-WSH",23646055955,"9S1L-ZP2","Female"
"9H17-VTZ",23646055956,"LZGQ-LJX","Male"
"9H17-VTZ",23646055957,"KDQH-DJG","Female"
"LY57-55F",23646055958,"GL9R-YL9","Male"
"LY57-55F",23646055959,"LDHQ-P5F","Female"
"KF51-BG4",23646055960,"9CXC-QVJ","Male"
"KF51-BG4",23646055961,"LCRK-1WX","Female"
"LBWR-LCB",23646055962,"KHQ6-TFB","Male"
"LBWR-LCB",23646055963,"LDSM-H39","Female"
"9HFS-58G",23646055964,"G4FD-78X","Male"
"9HFS-58G",23646055965,"GJWS-475","Female"
"L62Z-DDQ",23646055966,"G3SD-DNY","Male"
"L62Z-DDQ",23646055967,"GX47-24Y","Female"
"GH7M-SN1",23646055968,"LM1H-8JF","Male"
"GH7M-SN1",23646055969,"LBDD-T2H","Female"
"M1TK-CR7",23646055970,"LYJ2-TZG","Male"
"M1TK-CR7",23646055971,"LYJ2-LF5","Female"
"9CSQ-RVL",23646055972,"G95M-WZ9","Male"
"9CSQ-RVL",23646055973,"9V7R-KN5","Female"
"GKNH-2K7",23646055974,"LDW2-QX1","Male"
"GKNH-2K7",23646055975,"267Y-B3F","Female"
"935X-1CT",23646055976,"LH8G-2RH","Male"
"935X-1CT",23646055977,"LDW2-7JJ","Female"
"LZS3-9ZK",23646055978,"KHQ6-TFB","Male"
"LZS3-9ZK",23646055979,"LDSM-H39","Female"
"L812-GLB",23646055980,"LDW2-TDB","Male"
"L812-GLB",23646055981,"LTG4-3S1","Female"
"GKNH-2K7",23646055982,"LDW2-QX1","Male"
"GKNH-2K7",23646055983,"267Y-B3F","Female"
"LZ1V-KTQ",23646055984,"9MWR-GHW","Male"
"LZ1V-KTQ",23646055985,"LZ1V-KT6","Female"
"GDN3-LQK",23646055986,"LH8G-2RH","Male"
"GDN3-LQK",23646055987,"LDW2-7JJ","Female"
"LBTD-DM3",23646055988,"GL9R-YL9","Male"
"LBTD-DM3",23646055989,"LDHQ-P5F","Female"
"LDSM-4M1",23646055990,"KHQ6-TFB","Male"
"LDSM-4M1",23646055991,"LDSM-H39","Female"
"GWMF-GL3",23646055992,"L7LL-FB1","Male"
"GWMF-GL3",23646055993,"LZVR-GMG","Female"
"LDSM-QN8",23646055994,"93LF-J1V","Male"
"LDSM-QN8",23646055995,"931M-DSZ","Female"
"LB4Q-HKB",23646055996,"LHYG-XJF","Male"
"LB4Q-HKB",23646055997,"GDGW-LRZ","Female"
"LZ4V-V9Y",23646055998,"2JFF-BQB","Male"
"LZ4V-V9Y",23646055999,"K83K-RFX","Female"
"998F-RYD",23646056000,"GLB9-C37","Male"
"998F-RYD",23646056001,"G2YH-9WG","Female"
"9WYV-M96",23646056002,"GLW3-1SY","Male"
"9WYV-M96",23646056003,"998F-RBL","Female"
"L8T2-WP2",23646056004,"L1MT-98D","Male"
"L8T2-WP2",23646056005,"G6T4-VHF","Female"
"LQR2-NXQ",23646056006,"LYGH-JR3","Male"
"LQR2-NXQ",23646056007,"L8WY-474","Female"
"M1DV-XGP",23646056008,"LBJM-VXF","Male"
"M1DV-XGP",23646056009,"LBDM-38D","Female"
"L19S-RGW",23646056010,"MSZC-Z12","Male"
"L19S-RGW",23646056011,"MFDV-SRR","Female"
"L8BS-C55",23646056012,"LRHD-9QV","Male"
"L8BS-C55",23646056013,"LB28-GGJ","Female"
"9Z45-3FJ",23646056014,"9HYM-8LQ","Male"
"9Z45-3FJ",23646056015,"99VV-38W","Female"
"LDY5-WRL",23646056016,"G9C2-JC3","Male"
"LDY5-WRL",23646056017,"LLCG-1DK","Female"
"LH8H-YJQ",23646056020,"G929-BHT","Male"
"LH8H-YJQ",23646056021,"GLQD-YT8","Female"
"GVM3-D5C",23646056022,"GLTG-P3R","Male"
"GVM3-D5C",23646056023,"GLRP-57M","Female"
"KHW8-PT2",23646056024,"LDSS-R24","Male"
"KHW8-PT2",23646056025,"GHJB-RRM","Female"
"LT73-7PS",23646056026,"LR6N-PQP","Male"
"LT73-7PS",23646056027,"LDSS-RGB","Female"
"9CJ7-MYH",23646056028,"9Z8X-1VX","Male"
"9CJ7-MYH",23646056029,"9Z8X-1VF","Female"
"GWMF-GL3",23646056032,"L7LL-FB1","Male"
"GWMF-GL3",23646056033,"LZVR-GMG","Female"
"LDSM-QN8",23646056034,"93LF-J1V","Male"
"LDSM-QN8",23646056035,"931M-DSZ","Female"
"LB4Q-HKB",23646056036,"LHYG-XJF","Male"
"LB4Q-HKB",23646056037,"GDGW-LRZ","Female"
"LZ4V-V9Y",23646056038,"2JFF-BQB","Male"
"LZ4V-V9Y",23646056039,"K83K-RFX","Female"
"9H17-VTZ",23646056040,"LZGQ-LJX","Male"
"9H17-VTZ",23646056041,"KDQH-DJG","Female"
"LY57-55F",23646056042,"GL9R-YL9","Male"
"LY57-55F",23646056043,"LDHQ-P5F","Female"
"KN4J-P1M",23646056044,"K8D7-F5D","Male"
"KN4J-P1M",23646056045,"L8MB-CYC","Female"
"L8M6-YW7",23646056046,"LDZ2-8G7","Male"
"L8M6-YW7",23646056047,"LY6V-8G3","Female"
"LDQ2-Z4X",23646056048,"LH7S-18K","Male"
"LDQ2-Z4X",23646056049,"LDSV-5Q1","Female"
"LDS9-G7Q",23646056050,"LYGH-JR3","Male"
"LDS9-G7Q",23646056051,"LZVR-GMG","Female"
"9MC4-P9B",23646056052,"GNYN-63S","Male"
"9MC4-P9B",23646056053,"LBDM-38D","Female"
"9W15-B8Y",23646056054,"9H16-YMP","Male"
"9W15-B8Y",23646056055,"L82R-5HJ","Female"
"GVX1-XXB",23646056056,"G7L7-K4V","Male"
"GVX1-XXB",23646056057,"GVMM-WY2","Female"
"LYR8-2CF",23646056058,"LZJX-4WX","Male"
"LYR8-2CF",23646056059,"2ZVG-JS3","Female"
"LYK6-S2M",23646056060,"94BN-14G","Male"
"LYK6-S2M",23646056061,"LZBC-NVG","Female"
"G236-Z9L",23646056062,"GQP1-GKY","Male"
"G236-Z9L",23646056063,"LD33-H5D","Female"
"M1DV-XGP",23646056064,"LBJM-VXF","Male"
"M1DV-XGP",23646056065,"LBDM-38D","Female"
"L19S-RGW",23646056066,"MSZC-Z12","Male"
"L19S-RGW",23646056067,"MFDV-SRR","Female"
"L8BS-C55",23646056068,"LRHD-9QV","Male"
"L8BS-C55",23646056069,"LB28-GGJ","Female"
"9Z45-3FJ",23646056070,"9HYM-8LQ","Male"
"9Z45-3FJ",23646056071,"99VV-38W","Female"
"9HLX-GWL",23646056072,"L8TT-FPL","Male"
"9HLX-GWL",23646056073,"L8TT-FPP","Female"
"LC7J-KH4",23646056074,"KC9S-MPC","Male"
"LC7J-KH4",23646056075,"L7JF-2YC","Female"
"LBV3-PXG",23646056076,"LDQ2-Z4X","Male"
"LBV3-PXG",23646056077,"LDS9-G7Q","Female"
"L8WB-MRM",23646056078,"9MC4-P9B","Male"
"L8WB-MRM",23646056079,"9W15-B8Y","Female"
"998F-RYD",23646056080,"GLB9-C37","Male"
"998F-RYD",23646056081,"G2YH-9WG","Female"
"9WYV-M96",23646056082,"GLW3-1SY","Male"
"9WYV-M96",23646056083,"998F-RBL","Female"
"L8T2-WP2",23646056084,"L1MT-98D","Male"
"L8T2-WP2",23646056085,"G6T4-VHF","Female"
"LQR2-NXQ",23646056086,"LYGH-JR3","Male"
"LQR2-NXQ",23646056087,"L8WY-474","Female"
"MQBD-YLM",23646056088,"LJLB-5ML","Male"
"MQBD-YLM",23646056089,"L15Q-8X5","Female"
"GV6W-S6F",23646056090,"MW9F-FGX","Male"
"GV6W-S6F",23646056091,"KC21-XJJ","Female"
"LZ18-2BL",23646056092,"LHNV-F14","Male"
"LZ18-2BL",23646056093,"LZ18-2RK","Female"
"LZ18-L3N",23646056094,"LD78-CYZ","Male"
"LZ18-L3N",23646056095,"LZ18-LSK","Female"
"G2B3-DPQ",23646056112,"LZ56-C7W","Male"
"G2B3-DPQ",23646056113,"G217-CMH","Female"
"G2B3-RT9",23646056116,"LZ78-C6G","Male"
"G2B3-RT9",23646056117,"KVFN-V9M","Female"
"GFZ7-L5X",23646056118,"GSY8-G8W","Male"
"GFZ7-L5X",23646056119,"GSY8-P1N","Female"
"LYX7-C8M",23646056128,"MGTC-QTS","Male"
"LYX7-C8M",23646056129,"LB23-RVZ","Female"
"L5NV-7ZQ",23646056130,"9HNL-1HB","Male"
"L5NV-7ZQ",23646056131,"L1TH-HRK","Female"
"998F-RYD",23646056132,"GLB9-C37","Male"
"998F-RYD",23646056133,"G2YH-9WG","Female"
"9WYV-M96",23646056134,"GLW3-1SY","Male"
"9WYV-M96",23646056135,"998F-RBL","Female"
"LCYS-RM7",23646056136,"G95D-VPB","Male"
"LCYS-RM7",23646056137,"94N6-VR2","Female"
"LZ69-FWS",23646056138,"99Y7-8XZ","Male"
"LZ69-FWS",23646056139,"9HDM-MMD","Female"
"LDWL-NG9",23646056140,"LBQ7-VCK","Male"
"LDWL-NG9",23646056141,"LZSJ-4MJ","Female"
"LY1W-YGL",23646056144,"998F-RYD","Male"
"LY1W-YGL",23646056145,"9WYV-M96","Female"
"93T9-FVT",23646056146,"LZ1V-KTQ","Male"
"93T9-FVT",23646056147,"GDN3-LQK","Female"
"KFLG-1TM",23646056148,"G468-KW6","Male"
"KFLG-1TM",23646056149,"GW9P-PVT","Female"
"GNX2-HHL",23646056150,"GWLB-Q3R","Male"
"GNX2-HHL",23646056151,"GWLB-32G","Female"
"GCQG-FB3",23646056152,"L1Y9-2YH","Male"
"GCQG-FB3",23646056153,"GCWL-D2S","Female"
"GGCX-4HH",23646056162,"LYZ9-HQJ","Male"
"GGCX-4HH",23646056163,"MYBX-C2G","Female"
"L1TH-WVP",23646056164,"L1TH-CHT","Male"
"L1TH-WVP",23646056165,"L1TH-WV2","Female"
"9Q3T-9PC",23646056166,"LYZ9-HQJ","Male"
"9Q3T-9PC",23646056167,"9SM1-17D","Female"
"933H-W94",23646056192,"LD38-423","Male"
"933H-W94",23646056193,"L1TZ-YTN","Female"
"LRM1-QF5",23646056194,"MW9F-FGX","Male"
"LRM1-QF5",23646056195,"KC21-XJJ","Female"
"L8BY-9XF",23646056196,"LK53-XQC","Male"
"G69C-LP6",23646056198,"LTBR-4SS","Male"
"G69C-LP6",23646056199,"GKZZ-JN4","Female"
"LT5N-277",23646056200,"LYNR-DH4","Male"
"LT5N-277",23646056201,"LZZ8-DH4","Female"
"9W34-T7R",23646056202,"999Y-LF2","Male"
"9W34-T7R",23646056203,"KLYH-884","Female"
"9HKX-QZW",23646056204,"GZ5D-9KN","Male"
"LYQQ-JMZ",23646056208,"GJTD-6V7","Male"
"LYQQ-JMZ",23646056209,"G28D-WM3","Female"
"G6WV-CVW",23646056224,"9HST-9PV","Male"
"G6WV-CVW",23646056225,"L1BP-2FV","Female"
"KCWP-Z82",23646056226,"KN84-BQR","Male"
"KCWP-Z82",23646056227,"LD9R-9TN","Female"
"G29L-R9Y",23646056228,"MY4M-31D","Male"
"G29L-R9Y",23646056229,"MKG4-RM3","Female"
"KHBK-91J",23646056230,"KF51-BG4","Male"
"KHBK-91J",23646056231,"LBWR-LCB","Female"
"G29L-K4G",23646056232,"GVSZ-8G1","Male"
"G29L-K4G",23646056233,"G6BD-39L","Female"
"G29L-LR5",23646056236,"G2SJ-56D","Male"
"G29L-LR5",23646056237,"G2SJ-8P4","Female"
"GNYR-D4S",23646056240,"GNYR-HJS","Male"
"GJDQ-T1S",23646056244,"GCPV-Z93","Male"
"GJDQ-T1S",23646056245,"GCPV-C92","Female"
"GZRV-PBS",23646056246,"G4B1-M6Z","Male"
"GZRV-PBS",23646056247,"LZ18-L3N","Female"
"LYR3-G6S",23646056248,"G95M-WZ9","Male"
"LYR3-G6S",23646056249,"9V7R-KN5","Female"
"L1RL-FKC",23646056252,"GHNY-7ZB","Male"
"L1RL-FKC",23646056253,"9HMZ-TBZ","Female"
"G7TH-7FK",23646056254,"GKZC-BKM","Male"
"G7TH-7FK",23646056255,"GKZZ-H2V","Female"
"L5P9-GVV",23646056264,"LYRL-5JV","Male"
"L5P9-GVV",23646056265,"LYR1-TPB","Female"
"L2PN-NHV",23646056266,"LC8T-BWR","Male"
"L2PN-NHV",23646056267,"946P-W6L","Female"
"GQ1X-99J",23646056268,"LBLP-Q79","Male"
"GQ1X-99J",23646056269,"LYJ7-NW3","Female"
"K64R-P2Q",23646056270,"LYZ9-HQJ","Male"
"K64R-P2Q",23646056271,"MYBX-C2G","Female"
"LYJC-R6G",23646056272,"L2Y4-5RX","Male"
"LYJC-R6G",23646056273,"9CXC-5D5","Female"
"L5VF-F9J",23646056274,"LRWW-Q95","Male"
"L5VF-F9J",23646056275,"LRWW-SNV","Female"
"LZGW-978",23646056276,"LC8T-BWR","Male"
"LZGW-978",23646056277,"946P-W6L","Female"
"GZRD-6C6",23646056320,"GZRD-N1B","Male"
"GZRD-6C6",23646056321,"GJTG-WV8","Female"
"LY8B-Z4J",23646056448,"G2BQ-PQR","Male"
"GLT4-TVW",23646056456,"GDHY-7SR","Male"
"GLT4-TVW",23646056457,"GLTH-3M3","Female"
"K4LT-K4X",23646056460,"LD1R-LZF","Male"
"K4LT-K4X",23646056461,"LZ2K-W9Y","Female"
"LVV3-7SJ",23646056462,"9MH5-29J","Male"
"LVV3-7SJ",23646056463,"LZZW-6XG","Female"
"KN4J-P1M",23646056464,"K8D7-F5D","Male"
"KN4J-P1M",23646056465,"L8MB-CYC","Female"
"L8M6-YW7",23646056466,"LDZ2-8G7","Male"
"L8M6-YW7",23646056467,"LY6V-8G3","Female"
"LDSS-ZMW",23646056468,"LDSS-8WS","Male"
"LDSS-ZMW",23646056469,"9ZCG-R7L","Female"
"LDSS-ZMD",23646056470,"LRHH-9JN","Male"
"LDSS-ZMD",23646056471,"LZGK-6BD","Female"
"LDSS-ZCS",23646056472,"G652-89H","Male"
"LDSS-ZCS",23646056473,"GQJ4-YYT","Female"
"LBDX-4LG",23646056474,"G78W-VCW","Male"
"LBDX-4LG",23646056475,"MM93-ND3","Female"
"LDW5-FB6",23646056476,"LDW5-66P","Male"
"LDW5-FB6",23646056477,"LDW5-623","Female"
"LDW5-N39",23646056478,"KCXK-S69","Male"
"LDW5-N39",23646056479,"GJR2-7VD","Female"
"LZXN-K7L",23646056480,"GJ15-2NP","Male"
"LZXN-K7L",23646056481,"LZGK-6BD","Female"
"G95Q-XJK",23646056482,"9CHV-B26","Male"
"G95Q-XJK",23646056483,"LZ2Z-ZZ8","Female"
"9HPD-Z18",23646056484,"KJW1-J7M","Male"
"9HPD-Z18",23646056485,"LC3N-52R","Female"
"9CZ7-PW4",23646056486,"KHGK-FT4","Male"
"9CZ7-PW4",23646056487,"GZLL-ZY9","Female"
"KX2S-NX6",23646056488,"LCCR-Z5Z","Male"
"KX2S-NX6",23646056489,"G215-J1Y","Female"
"M9QY-6V5",23646056490,"9CWM-CC2","Male"
"M9QY-6V5",23646056491,"LY27-P3Z","Female"
"9HPD-Z18",23646056492,"KJW1-J7M","Male"
"9HPD-Z18",23646056493,"LC3N-52R","Female"
"9CZ7-PW4",23646056494,"KHGK-FT4","Male"
"9CZ7-PW4",23646056495,"GZLL-ZY9","Female"
"GLCZ-GVR",23646056496,"GSHD-PKT","Male"
"GLCZ-GVR",23646056497,"L8Y9-Y94","Female"
"LCXF-K8D",23646056498,"KHGK-FT4","Male"
"LCXF-K8D",23646056499,"GZLL-ZY9","Female"
"KX2S-NX6",23646056500,"LCCR-Z5Z","Male"
"KX2S-NX6",23646056501,"G215-J1Y","Female"
"M9QY-6V5",23646056502,"9CWM-CC2","Male"
"M9QY-6V5",23646056503,"LY27-P3Z","Female"
"9Z8M-TYY",23646056512,"9Z8M-TBM","Male"
"9Z8M-TYY",23646056513,"LBDM-38D","Female"
"9412-WDX",23646056514,"LZJX-4WX","Male"
"9412-WDX",23646056515,"2ZVG-JS3","Female"
"G2T7-WTJ",23646056520,"G38D-WMG","Male"
"G2T7-WTJ",23646056521,"949N-2DP","Female"
"L7VM-GY8",23646056522,"GKYY-83J","Male"
"L7VM-GY8",23646056523,"GG63-C8V","Female"
"G38D-WMG",23646056528,"LLC4-F6R","Male"
"G38D-WMG",23646056529,"KJJC-9WW","Female"
"949N-2DP",23646056530,"L2RD-92M","Male"
"949N-2DP",23646056531,"G8WB-SVN","Female"
"GKYY-83J",23646056532,"9CZC-GSR","Male"
"GKYY-83J",23646056533,"GJBZ-QGS","Female"
"GG63-C8V",23646056534,"GG63-7XH","Male"
"GG63-C8V",23646056535,"GG63-T2S","Female"
"94RF-8W3",23646056544,"LR72-2LH","Male"
"9Z8F-4XF",23646056546,"94RF-8ZT","Male"
"9Z8F-4XF",23646056547,"MDMV-GWM","Female"
"LZD1-94T",23646056548,"LCP1-19Y","Male"
"LZD1-94T",23646056549,"2CNB-WKW","Female"
"GFPJ-VNZ",23646056550,"9CWM-F9G","Male"
"GFPJ-VNZ",23646056551,"G6X1-655","Female"
"KNWG-RM2",23646056552,"M8NQ-LCW","Male"
"KNWG-RM2",23646056553,"LBFC-H6J","Female"
"GNZN-487",23646056554,"LH86-MHT","Male"
"GNZN-487",23646056555,"MHQ8-C73","Female"
"G71Q-6TD",23646056556,"LYJ2-TZG","Male"
"G71Q-6TD",23646056557,"LYJ2-LF5","Female"
"9HZQ-S28",23646056558,"GSW1-4MT","Male"
"9HZQ-S28",23646056559,"L28C-QYX","Female"
"LBBZ-8DB",23646056560,"GWMF-GL3","Male"
"LBBZ-8DB",23646056561,"LDSM-QN8","Female"
"LHZT-ZL9",23646056562,"LB4Q-HKB","Male"
"LHZT-ZL9",23646056563,"LZ4V-V9Y","Female"
"LYPR-VX5",23646056576,"GD65-2F2","Male"
"LYPR-VX5",23646056577,"KNSN-3NT","Female"
"LY6D-WK1",23646056578,"LT8Q-95L","Male"
"LY6D-WK1",23646056579,"G63V-9WW","Female"
"LY6D-VDY",23646056580,"KFRR-NHN","Male"
"LY6D-VDY",23646056581,"9QQN-L3P","Female"
"LY6D-V66",23646056582,"LVVK-HVJ","Male"
"LY6D-V66",23646056583,"GX26-XRJ","Female"
"GLT4-TVW",23646056584,"GDHY-7SR","Male"
"GLT4-TVW",23646056585,"GLTH-3M3","Female"
"K4LT-K4X",23646056588,"LD1R-LZF","Male"
"K4LT-K4X",23646056589,"LZ2K-W9Y","Female"
"LVV3-7SJ",23646056590,"9MH5-29J","Male"
"LVV3-7SJ",23646056591,"LZZW-6XG","Female"
"GSRV-2D8",23646056592,"GMP6-NXR","Male"
"GSRV-2D8",23646056593,"G39X-CX3","Female"
"L55P-QVF",23646056648,"GGQM-DVN","Male"
"LBKB-VP5",23646056664,"GQMG-G62","Male"
"LBKB-VP5",23646056665,"GN4C-8ND","Female"
"LHLV-GKQ",23646056669,"G6R8-N1X","Female"
"LHLV-GKQ",23646056668,"G8KM-JF3","Male"
"M12G-SFX",23646056670,"LBM7-XLR","Male"
"M12G-SFX",23646056671,"LDSR-1Y7","Female"
"M9L6-6YN",23646056672,"K84R-TMS","Male"
"M9L6-6YN",23646056673,"GGGW-RYH","Female"
"2MYM-NS1",23646056674,"LTF2-JTC","Male"
"2MYM-NS1",23646056675,"LKNM-HR3","Female"
"GD4S-KVF",23646056676,"L1QD-DXV","Male"
"GD4S-KVF",23646056677,"LD9P-M8N","Female"
"L1Z8-522",23646056680,"99Y7-MCD","Male"
"L1Z8-522",23646056681,"LBKM-9MP","Female"
"L1S4-4N9",23646056682,"L1QG-G8M","Male"
"L1S4-4N9",23646056683,"LD97-QLP","Female"
"LDW5-FB6",23646056684,"LDW5-66P","Male"
"LDW5-FB6",23646056685,"LDW5-623","Female"
"LDW5-N39",23646056686,"KCXK-S69","Male"
"LDW5-N39",23646056687,"GJR2-7VD","Female"
"LHF5-NRF",23646056688,"9HYM-87T","Male"
"LHF5-NRF",23646056689,"LTK3-YL5","Female"
"L8YS-939",23646056690,"9915-W3T","Male"
"L8YS-939",23646056691,"G34F-CPK","Female"
"GNSC-GX2",23646056692,"G6T4-VS4","Male"
"G6T4-Y59",23646056694,"29YL-C18","Male"
"G6T4-Y59",23646056695,"KGCM-X4S","Female"
"KZ38-GLR",23646056696,"9CCZ-PKB","Male"
"KZ38-GLR",23646056697,"L75S-MVR","Female"
"LZLH-GT3",23646056698,"GFDK-48G","Male"
"LZLH-GT3",23646056699,"GNC1-PKH","Female"
"G9GH-9BQ",23646056700,"GD2L-TGY","Male"
"G9GH-9BQ",23646056701,"LJL1-FRP","Female"
"LHXS-J8W",23646056702,"G6R8-7WV","Male"
"LHXS-J8W",23646056703,"L7GV-JX4","Female"
"LRHH-DHX",23646056706,"G4HF-GYD","Male"
"LRHH-DHX",23646056707,"G6TV-9F2","Female"
"G88B-91T",23646056708,"G7SN-W7F","Male"
"G88B-91T",23646056709,"GS63-K55","Female"
"9WQT-DRR",23646056712,"G6PH-CW6","Male"
"9WQT-DRR",23646056713,"G8W1-NFV","Female"
"GHXP-711",23646056714,"LKC4-6WB","Male"
"GHXP-711",23646056715,"LKCH-N9Q","Female"
"LCCR-Z5Z",23646056740,"GVHW-NRT","Male"
"LCCR-Z5Z",23646056741,"GKJV-BPC","Female"
"GZ7L-WGP",23646056744,"L2Y4-PVS","Male"
"GZ7L-WGP",23646056745,"LRHH-6SF","Female"
"GCKD-YVB",23646056746,"LV57-XVZ","Male"
"GCKD-YVB",23646056747,"GX8W-RVQ","Female"
"9WQT-DRR",23646056748,"G6PH-CW6","Male"
"9WQT-DRR",23646056749,"G8W1-NFV","Female"
"GHXP-711",23646056750,"LKC4-6WB","Male"
"GHXP-711",23646056751,"LKCH-N9Q","Female"
"GQPW-7F4",23646056752,"LCPL-B93","Male"
"GQPW-7F4",23646056753,"LHKK-4PN","Female"
"GK56-S2G",23646056754,"LRWQ-B3P","Male"
"GK56-S2G",23646056755,"GK56-SW9","Female"
"L8B9-R7W",23646056756,"GGSV-LFL","Male"
"L8B9-R7W",23646056757,"GGSK-HFX","Female"
"LDSS-1KQ",23646056768,"29H4-2Y1","Male"
"G21T-2NY",23646056772,"G7BV-VZL","Male"
"G21T-2NY",23646056773,"GV6J-RQ7","Female"
"GKXZ-H66",23646056774,"G21T-L5C","Male"
"GKXZ-H66",23646056775,"G21T-L5Z","Female"
"GNNF-JLW",23646056784,"G6RW-Z2T","Male"
"GNNF-JLW",23646056785,"G687-CW2","Female"
"9Z8F-7QP",23646056786,"GSVP-H7S","Male"
"9Z8F-7QP",23646056787,"GKDB-2ZZ","Female"
"998F-RYD",23646056788,"GLB9-C37","Male"
"998F-RYD",23646056789,"G2YH-9WG","Female"
"9WYV-M96",23646056790,"GLW3-1SY","Male"
"9WYV-M96",23646056791,"998F-RBL","Female"
"LZ1V-KTQ",23646056792,"9MWR-GHW","Male"
"LZ1V-KTQ",23646056793,"LZ1V-KT6","Female"
"GDN3-LQK",23646056794,"LH8G-2RH","Male"
"GDN3-LQK",23646056795,"LDW2-7JJ","Female"
"GGCR-SMM",23646056796,"LL31-NXN","Male"
"GGCR-SMM",23646056797,"GLWQ-CLK","Female"
"GJ2V-WRY",23646056800,"G233-LXN","Male"
"GJ2V-WRY",23646056801,"GGWK-NT3","Female"
"LD9P-MFB",23646056804,"GC7G-R6L","Male"
"LD9P-MFB",23646056805,"GC7P-77S","Female"
"GNNF-JLW",23646056816,"G6RW-Z2T","Male"
"GNNF-JLW",23646056817,"G687-CW2","Female"
"9Z8F-7QP",23646056818,"GSVP-H7S","Male"
"9Z8F-7QP",23646056819,"GKDB-2ZZ","Female"
"998F-RYD",23646056820,"GLB9-C37","Male"
"998F-RYD",23646056821,"G2YH-9WG","Female"
"9WYV-M96",23646056822,"GLW3-1SY","Male"
"9WYV-M96",23646056823,"998F-RBL","Female"
"LZ1V-KTQ",23646056824,"9MWR-GHW","Male"
"LZ1V-KTQ",23646056825,"LZ1V-KT6","Female"
"GDN3-LQK",23646056826,"LH8G-2RH","Male"
"GDN3-LQK",23646056827,"LDW2-7JJ","Female"
"GGCR-SMM",23646056828,"LL31-NXN","Male"
"GGCR-SMM",23646056829,"GLWQ-CLK","Female"
"GHDT-QDY",23646056832,"GC5W-7SC","Male"
"GHDT-QDY",23646056833,"GNQQ-DLH","Female"
"G233-Z3Q",23646056834,"G23Z-T5F","Male"
"G233-Z3Q",23646056835,"GFJR-GNC","Female"
"MFHW-5JK",23646056840,"GDTQ-S2P","Male"
"MFHW-5JK",23646056841,"GJHW-QG5","Female"
"MFHW-5VS",23646056842,"G2LB-FNQ","Male"
"MFHW-5VS",23646056843,"G6CD-BPD","Female"
"GDDX-26N",23646056866,"L44F-CR9","Male"
"GDDX-26N",23646056867,"KZYR-P8Q","Female"
"GL19-WZ2",23646056865,"GX3Y-LYL","Female"
"GL19-WZ2",23646056864,"GZ16-XQQ","Male"
"L44F-CR9",23646056868,"G247-DDN","Male"
"L44F-CR9",23646056869,"G8W1-3LQ","Female"
"GJHN-D6T",23646056880,"GZLK-BC6","Male"
"GJHN-D6T",23646056881,"GX7F-SCJ","Female"
"GG3N-MY5",23646056882,"GG3N-M8V","Male"
"GG3N-MY5",23646056883,"KF1J-JNH","Female"
"GG91-F5X",23646056884,"GH4Z-B4K","Male"
"GG91-F5X",23646056885,"GJSM-632","Female"
"LRHH-6PZ",23646056886,"L2TR-BZN","Male"
"LRHH-6PZ",23646056887,"L2TR-BDQ","Female"
"LM1H-8JF",23646056888,"GL9R-YL9","Male"
"LM1H-8JF",23646056889,"LDHQ-P5F","Female"
"LBDD-T2H",23646056890,"G2G5-WJR","Male"
"LBDD-T2H",23646056891,"G2G5-FT5","Female"
"LYJ2-TZG",23646056892,"LBX8-DDN","Male"
"LYJ2-TZG",23646056893,"LDW2-4JB","Female"
"LYJ2-LF5",23646056894,"M1S9-5V6","Male"
"GXL2-JW3",23646056912,"9S6P-LSW","Male"
"GXL2-JW3",23646056913,"LRHN-FPJ","Female"
"LB6T-R26",23646056914,"G8TG-KS2","Male"
"LB6T-R26",23646056915,"GJT5-1YP","Female"
"GXL2-PWL",23646056916,"G691-VWG","Male"
"GXL2-PWL",23646056917,"GV6J-RQ7","Female"
"G691-QBT",23646056918,"L2TG-TCJ","Male"
"G691-QBT",23646056919,"L2TG-T8G","Female"
"G8WB-FXH",23646056920,"GNBC-564","Male"
"G8WB-FXH",23646056921,"GNBC-Y2W","Female"
"LRCX-B7P",23646056922,"GNBC-JPH","Male"
"LRCX-B7P",23646056923,"GNBC-T1C","Female"
"GCHN-1NN",23646056924,"L2TT-SGW","Male"
"GCHN-1NN",23646056925,"L2TT-S53","Female"
"LRC2-BZP",23646056926,"L2YR-1PK","Male"
"LRC2-BZP",23646056927,"L2YR-1R8","Female"
"GKKR-SJS",23646056928,"GKZ7-3FR","Male"
"GKKR-SJS",23646056929,"GX7F-4KT","Female"
"GJ1K-3TF",23646056932,"LV57-XVZ","Male"
"GJ1K-3TF",23646056933,"GX8W-RVQ","Female"
"GJ1K-Z21",23646056934,"GVG6-KK3","Male"
"GJ1K-Z21",23646056935,"G8DS-X2X","Female"
"GVML-H6M",23646056936,"GVG6-KK3","Male"
"GVML-H6M",23646056937,"LKGC-R98","Female"
"L2TG-GJM",23646056938,"GHGF-YK8","Male"
"L2TG-GJM",23646056939,"G3BT-C45","Female"
"GJLX-96Z",23646056940,"LVVK-HVJ","Male"
"GJLX-96Z",23646056941,"GX26-XRJ","Female"
"GQQ4-7ZD",23646056942,"GJ34-P31","Male"
"GQQ4-7ZD",23646056943,"GJ34-YRZ","Female"
"GNRP-KHY",23646056944,"GNPC-462","Male"
"GNRP-KHY",23646056945,"G8ML-PM9","Female"
"GJG3-DF2",23646056946,"GNPC-JCY","Male"
"GJG3-DF2",23646056947,"GNR5-4CW","Female"
"9WQB-K5S",23646056952,"LTX7-7HV","Male"
"9WQB-K5S",23646056953,"GVNG-8S3","Female"
"GXRK-V4T",23646056954,"GVG6-KK3","Male"
"GXRK-V4T",23646056955,"G8DS-X2X","Female"
"L7LL-FB1",23646056960,"GGJ6-93F","Male"
"L7LL-FB1",23646056961,"94RZ-9KC","Female"
"LZVR-GMG",23646056962,"L18X-ZNH","Male"
"LZVR-GMG",23646056963,"MVL6-5PR","Female"
"93LF-J1V",23646056964,"L1HZ-WR2","Male"
"93LF-J1V",23646056965,"MDWC-L73","Female"
"931M-DSZ",23646056966,"KFLG-12B","Male"
"931M-DSZ",23646056967,"M5YG-GGX","Female"
"LHYG-XJF",23646056968,"M1TN-H75","Male"
"LHYG-XJF",23646056969,"GHRS-RJY","Female"
"GDGW-LRZ",23646056970,"LJ4D-ZCK","Male"
"GDGW-LRZ",23646056971,"9S1L-ZP2","Female"
"2JFF-BQB",23646056972,"G87Q-Z3W","Male"
"2JFF-BQB",23646056973,"GC32-FML","Female"
"K83K-RFX",23646056975,"G2GZ-4JW","Female"
"LZGQ-LJX",23646056976,"KDQW-JTJ","Male"
"LZGQ-LJX",23646056977,"LDS9-GGV","Female"
"KDQH-DJG",23646056978,"L1DD-JMP","Male"
"KDQH-DJG",23646056979,"9WY9-HRJ","Female"
"GL9R-YL9",23646056980,"LD95-VV6","Male"
"GL9R-YL9",23646056981,"9H2F-HV5","Female"
"LDHQ-P5F",23646056982,"LD9R-RB7","Male"
"LDHQ-P5F",23646056983,"LDSS-6H5","Female"
"K8D7-F5D",23646056984,"LZS9-ZC2","Male"
"K8D7-F5D",23646056985,"LZ61-F76","Female"
"LDZ2-8G7",23646056988,"KNXX-WBQ","Male"
"LDZ2-8G7",23646056989,"LDZ2-8LP","Female"
"LY6V-8G3",23646056990,"LDMT-HMZ","Male"
"LY6V-8G3",23646056991,"LD91-ST3","Female"
"LH7S-18K",23646056992,"LDW2-7WW","Male"
"LH7S-18K",23646056993,"LH7S-12Y","Female"
"LDSV-5Q1",23646056994,"LDSQ-XRK","Male"
"LDSV-5Q1",23646056995,"LCFL-9DP","Female"
"LYGH-JR3",23646056996,"LD9R-RB7","Male"
"LYGH-JR3",23646056997,"LDSS-6H5","Female"
"LZVR-GMG",23646056998,"L18X-ZNH","Male"
"LZVR-GMG",23646056999,"MVL6-5PR","Female"
"GNYN-63S",23646057000,"L8YY-G2B","Male"
"GNYN-63S",23646057001,"93BR-9XQ","Female"
"LBDM-38D",23646057002,"L8R2-SJ9","Male"
"LBDM-38D",23646057003,"LCXP-QW3","Female"
"9H16-YMP",23646057004,"L18B-R3G","Male"
"9H16-YMP",23646057005,"KDQH-DJG","Female"
"L82R-5HJ",23646057006,"LD9R-5G3","Male"
"L82R-5HJ",23646057007,"M897-QTS","Female"
"G7L7-K4V",23646057008,"GJN4-XTB","Male"
"G7L7-K4V",23646057009,"GVSX-46Q","Female"
"GVMM-WY2",23646057010,"GSD6-K7P","Male"
"GVMM-WY2",23646057011,"G6WQ-WBM","Female"
"LZJX-4WX",23646057012,"G95X-P39","Male"
"LZJX-4WX",23646057013,"GSBX-MD1","Female"
"2ZVG-JS3",23646057014,"L1QG-G8M","Male"
"2ZVG-JS3",23646057015,"LD97-QLP","Female"
"94BN-14G",23646057016,"G27Z-3CW","Male"
"94BN-14G",23646057017,"G27Z-QDV","Female"
"GQP1-GKY",23646057020,"G6MW-WVX","Male"
"GQP1-GKY",23646057021,"GX82-GBC","Female"
"LD33-H5D",23646057022,"GMXF-JSD","Male"
"LD33-H5D",23646057023,"GQSG-1F8","Female"
"GGS1-ZP5",23646057028,"GGS1-V6Q","Male"
"GGS1-ZP5",23646057029,"G4PV-VBR","Female"
"9CJ7-366",23646057024,"GGJD-J7J","Male"
"9CJ7-366",23646057025,"GGJ6-SCY","Female"
"L8YM-6TB",23646057026,"GL64-75Z","Male"
"L8YM-6TB",23646057027,"9C46-RRR","Female"
"LD9R-5G3",23646057032,"LD9R-RCZ","Male"
"LD9R-5G3",23646057033,"MBWQ-SF3","Female"
"M897-QTS",23646057034,"L1R3-QH7","Male"
"M897-QTS",23646057035,"M33Z-FHV","Female"
"GHJP-XZD",23646057036,"L8R2-SJ9","Male"
"GHJP-XZD",23646057037,"LCXP-QW3","Female"
"9ZHQ-5BN",23646057040,"LDL5-RBZ","Male"
"9ZHQ-5BN",23646057041,"LZZ3-SKR","Female"
"L4JJ-5SL",23646057044,"GQQH-N8X","Male"
"L4JJ-5SL",23646057045,"LJ2S-X9N","Female"
"9Z8X-1VX",23646057048,"L2SG-RHC","Male"
"9Z8X-1VX",23646057049,"GX4P-D1J","Female"
"9Z8X-1VF",23646057050,"9Z4Y-476","Male"
"9Z8X-1VF",23646057051,"G396-J2Q","Female"
"LDW5-66P",23646057056,"LD9R-RB7","Male"
"LDW5-66P",23646057057,"LDSS-6H5","Female"
"LDW5-623",23646057058,"LDMT-HMZ","Male"
"LDW5-623",23646057059,"LD91-ST3","Female"
"LYYN-GWQ",23646057060,"L6JX-69T","Male"
"LYYN-GWQ",23646057061,"LT1B-6DX","Female"
"LDSM-4M1",23646057062,"KHQ6-TFB","Male"
"LDSM-4M1",23646057063,"LDSM-H39","Female"
"LYX7-C8M",23646057064,"MGTC-QTS","Male"
"LYX7-C8M",23646057065,"LB23-RVZ","Female"
"L5NV-7ZQ",23646057066,"9HNL-1HB","Male"
"L5NV-7ZQ",23646057067,"L1TH-HRK","Female"
"998F-RYD",23646057068,"GLB9-C37","Male"
"998F-RYD",23646057069,"G2YH-9WG","Female"
"9WYV-M96",23646057070,"GLW3-1SY","Male"
"9WYV-M96",23646057071,"998F-RBL","Female"
"L8B9-VWR",23646057072,"G9FS-D2J","Male"
"L8B9-VWR",23646057073,"GC9C-89Q","Female"
"9S8J-R9Z",23646057074,"9H27-6Y3","Male"
"9S8J-R9Z",23646057075,"MWBC-XS5","Female"
"LBLQ-5TN",23646057076,"GV18-6H7","Male"
"LBLQ-5TN",23646057077,"GVQY-MVQ","Female"
"G3KW-NLD",23646057078,"M1TN-H75","Male"
"G3KW-NLD",23646057079,"GHRS-RJY","Female"
"9CS3-646",23646057080,"9H17-VTZ","Male"
"9CS3-646",23646057081,"LY57-55F","Female"
"LH1T-486",23646057082,"99JL-VFV","Male"
"LH1T-486",23646057083,"GCS7-3JP","Female"
"LBXC-4KY",23646057084,"LBNP-5M3","Male"
"LBXC-4KY",23646057085,"G4SG-NWR","Female"
"M49C-X4T",23646057086,"LVVW-QMC","Male"
"M49C-X4T",23646057087,"GLGS-JN3","Female"
"M1DV-XGP",23646057088,"LBJM-VXF","Male"
"M1DV-XGP",23646057089,"LBDM-38D","Female"
"L19S-RGW",23646057090,"MSZC-Z12","Male"
"L19S-RGW",23646057091,"MFDV-SRR","Female"
"L8BS-C55",23646057092,"LRHD-9QV","Male"
"L8BS-C55",23646057093,"LB28-GGJ","Female"
"9Z45-3FJ",23646057094,"9HYM-8LQ","Male"
"9Z45-3FJ",23646057095,"99VV-38W","Female"
"9HLX-GWL",23646057096,"L8TT-FPL","Male"
"9HLX-GWL",23646057097,"L8TT-FPP","Female"
"LC7J-KH4",23646057098,"KC9S-MPC","Male"
"LC7J-KH4",23646057099,"L7JF-2YC","Female"
"LBV3-PXG",23646057100,"LDQ2-Z4X","Male"
"LBV3-PXG",23646057101,"LDS9-G7Q","Female"
"L8WB-MRM",23646057102,"9MC4-P9B","Male"
"L8WB-MRM",23646057103,"9W15-B8Y","Female"
"998F-RYD",23646057104,"GLB9-C37","Male"
"998F-RYD",23646057105,"G2YH-9WG","Female"
"9WYV-M96",23646057106,"GLW3-1SY","Male"
"9WYV-M96",23646057107,"998F-RBL","Female"
"L8T2-WP2",23646057108,"L1MT-98D","Male"
"L8T2-WP2",23646057109,"G6T4-VHF","Female"
"LQR2-NXQ",23646057110,"LYGH-JR3","Male"
"LQR2-NXQ",23646057111,"L8WY-474","Female"
"MQBD-YLM",23646057112,"LJLB-5ML","Male"
"MQBD-YLM",23646057113,"L15Q-8X5","Female"
"GV6W-S6F",23646057114,"MW9F-FGX","Male"
"GV6W-S6F",23646057115,"KC21-XJJ","Female"
"LZ18-2BL",23646057116,"LHNV-F14","Male"
"LZ18-2BL",23646057117,"LZ18-2RK","Female"
"LZ18-L3N",23646057118,"LD78-CYZ","Male"
"LZ18-L3N",23646057119,"LZ18-LSK","Female"
"G2B3-DPQ",23646057136,"LZ56-C7W","Male"
"G2B3-DPQ",23646057137,"G217-CMH","Female"
"G2B3-RT9",23646057140,"LZ78-C6G","Male"
"G2B3-RT9",23646057141,"KVFN-V9M","Female"
"GFZ7-L5X",23646057142,"GSY8-G8W","Male"
"GFZ7-L5X",23646057143,"GSY8-P1N","Female"
"LYX7-C8M",23646057152,"MGTC-QTS","Male"
"LYX7-C8M",23646057153,"LB23-RVZ","Female"
"L5NV-7ZQ",23646057154,"9HNL-1HB","Male"
"L5NV-7ZQ",23646057155,"L1TH-HRK","Female"
"998F-RYD",23646057156,"GLB9-C37","Male"
"998F-RYD",23646057157,"G2YH-9WG","Female"
"9WYV-M96",23646057158,"GLW3-1SY","Male"
"9WYV-M96",23646057159,"998F-RBL","Female"
"LCYS-RM7",23646057160,"G95D-VPB","Male"
"LCYS-RM7",23646057161,"94N6-VR2","Female"
"LZ69-FWS",23646057162,"99Y7-8XZ","Male"
"LZ69-FWS",23646057163,"9HDM-MMD","Female"
"LDWL-NG9",23646057164,"LBQ7-VCK","Male"
"LDWL-NG9",23646057165,"LZSJ-4MJ","Female"
"LY1W-YGL",23646057168,"998F-RYD","Male"
"LY1W-YGL",23646057169,"9WYV-M96","Female"
"93T9-FVT",23646057170,"LZ1V-KTQ","Male"
"93T9-FVT",23646057171,"GDN3-LQK","Female"
"KFLG-1TM",23646057172,"G468-KW6","Male"
"KFLG-1TM",23646057173,"GW9P-PVT","Female"
"GNX2-HHL",23646057174,"GWLB-Q3R","Male"
"GNX2-HHL",23646057175,"GWLB-32G","Female"
"GCQG-FB3",23646057176,"L1Y9-2YH","Male"
"GCQG-FB3",23646057177,"GCWL-D2S","Female"
"GGCX-4HH",23646057186,"LYZ9-HQJ","Male"
"GGCX-4HH",23646057187,"MYBX-C2G","Female"
"L1TH-WVP",23646057188,"L1TH-CHT","Male"
"L1TH-WVP",23646057189,"L1TH-WV2","Female"
"9Q3T-9PC",23646057190,"LYZ9-HQJ","Male"
"9Q3T-9PC",23646057191,"9SM1-17D","Female"
"GLB9-C37",23646057216,"LDSQ-XRK","Male"
"GLB9-C37",23646057217,"LCFL-9DP","Female"
"G2YH-9WG",23646057218,"KDQW-JTJ","Male"
"G2YH-9WG",23646057219,"LDS9-GGV","Female"
"GLW3-1SY",23646057220,"9MWR-GHW","Male"
"GLW3-1SY",23646057221,"LZ1V-KT6","Female"
"998F-RBL",23646057222,"9WL8-7LY","Male"
"998F-RBL",23646057223,"LBJR-K79","Female"
"L1MT-98D",23646057224,"9ZC6-52H","Male"
"L1MT-98D",23646057225,"LDZ2-825","Female"
"G6T4-VHF",23646057226,"L1MN-K1H","Male"
"G6T4-VHF",23646057227,"KZF2-HJC","Female"
"LYGH-JR3",23646057228,"LD9R-RB7","Male"
"LYGH-JR3",23646057229,"LDSS-6H5","Female"
"L8WY-474",23646057230,"9H19-J7X","Male"
"L8WY-474",23646057231,"9H19-J7B","Female"
"LBJM-VXF",23646057232,"9C8M-C8L","Male"
"LBJM-VXF",23646057233,"GGJD-WC6","Female"
"LBDM-38D",23646057234,"L8R2-SJ9","Male"
"LBDM-38D",23646057235,"LCXP-QW3","Female"
"MSZC-Z12",23646057236,"LBQ7-VCK","Male"
"MSZC-Z12",23646057237,"LZSJ-4MJ","Female"
"MFDV-SRR",23646057238,"G7BH-PLM","Male"
"MFDV-SRR",23646057239,"GL5J-ZG3","Female"
"LRHD-9QV",23646057240,"GHXK-4CC","Male"
"LRHD-9QV",23646057241,"LDT7-TQR","Female"
"LB28-GGJ",23646057242,"KJWK-J9N","Male"
"LB28-GGJ",23646057243,"GZZ1-RZC","Female"
"9HYM-8LQ",23646057245,"LYGC-QWM","Female"
"99VV-38W",23646057246,"GD3G-G7F","Male"
"99VV-38W",23646057247,"G7NR-DKZ","Female"
"LYGH-JR3",23646057248,"LD9R-RB7","Male"
"LYGH-JR3",23646057249,"LDSS-6H5","Female"
"L8WY-474",23646057250,"9H19-J7X","Male"
"L8WY-474",23646057251,"9H19-J7B","Female"
"9C8M-C8L",23646057252,"GSXR-ZTK","Male"
"9C8M-C8L",23646057253,"L1B9-5FC","Female"
"GH7W-LP9",23646057254,"G2QK-94H","Male"
"GH7W-LP9",23646057255,"G75J-1J1","Female"
"L1MT-98D",23646057256,"9ZC6-52H","Male"
"L1MT-98D",23646057257,"LDZ2-825","Female"
"G6T4-VHF",23646057258,"L1MN-K1H","Male"
"G6T4-VHF",23646057259,"KZF2-HJC","Female"
"GNYK-VBB",23646057260,"GLST-ZC8","Male"
"GNYK-VBB",23646057261,"LZ4L-Q9S","Female"
"GD11-LV8",23646057262,"GLH6-MCP","Male"
"GD11-LV8",23646057263,"GV9W-5BZ","Female"
"LYX7-C8M",23646057264,"MGTC-QTS","Male"
"LYX7-C8M",23646057265,"LB23-RVZ","Female"
"L5NV-7ZQ",23646057266,"9HNL-1HB","Male"
"L5NV-7ZQ",23646057267,"L1TH-HRK","Female"
"998F-RYD",23646057268,"GLB9-C37","Male"
"998F-RYD",23646057269,"G2YH-9WG","Female"
"9WYV-M96",23646057270,"GLW3-1SY","Male"
"9WYV-M96",23646057271,"998F-RBL","Female"
"LCYS-RM7",23646057272,"G95D-VPB","Male"
"LCYS-RM7",23646057273,"94N6-VR2","Female"
"LZ69-FWS",23646057274,"99Y7-8XZ","Male"
"LZ69-FWS",23646057275,"9HDM-MMD","Female"
"LDWL-NG9",23646057276,"LBQ7-VCK","Male"
"LDWL-NG9",23646057277,"LZSJ-4MJ","Female"
"998F-RYD",23646057280,"GLB9-C37","Male"
"998F-RYD",23646057281,"G2YH-9WG","Female"
"9WYV-M96",23646057282,"GLW3-1SY","Male"
"9WYV-M96",23646057283,"998F-RBL","Female"
"L8T2-WP2",23646057284,"L1MT-98D","Male"
"L8T2-WP2",23646057285,"G6T4-VHF","Female"
"LQR2-NXQ",23646057286,"LYGH-JR3","Male"
"LQR2-NXQ",23646057287,"L8WY-474","Female"
"M1DV-XGP",23646057288,"LBJM-VXF","Male"
"M1DV-XGP",23646057289,"LBDM-38D","Female"
"L19S-RGW",23646057290,"MSZC-Z12","Male"
"L19S-RGW",23646057291,"MFDV-SRR","Female"
"L8BS-C55",23646057292,"LRHD-9QV","Male"
"L8BS-C55",23646057293,"LB28-GGJ","Female"
"9Z45-3FJ",23646057294,"9HYM-8LQ","Male"
"9Z45-3FJ",23646057295,"99VV-38W","Female"
"LDY5-WRL",23646057296,"G9C2-JC3","Male"
"LDY5-WRL",23646057297,"LLCG-1DK","Female"
"LH8H-YJQ",23646057300,"G929-BHT","Male"
"LH8H-YJQ",23646057301,"GLQD-YT8","Female"
"GVM3-D5C",23646057302,"GLTG-P3R","Male"
"GVM3-D5C",23646057303,"GLRP-57M","Female"
"KHW8-PT2",23646057304,"LDSS-R24","Male"
"KHW8-PT2",23646057305,"GHJB-RRM","Female"
"LT73-7PS",23646057306,"LR6N-PQP","Male"
"LT73-7PS",23646057307,"LDSS-RGB","Female"
"9CJ7-MYH",23646057308,"9Z8X-1VX","Male"
"9CJ7-MYH",23646057309,"9Z8X-1VF","Female"
"GWMF-GL3",23646057312,"L7LL-FB1","Male"
"GWMF-GL3",23646057313,"LZVR-GMG","Female"
"LDSM-QN8",23646057314,"93LF-J1V","Male"
"LDSM-QN8",23646057315,"931M-DSZ","Female"
"LB4Q-HKB",23646057316,"LHYG-XJF","Male"
"LB4Q-HKB",23646057317,"GDGW-LRZ","Female"
"LZ4V-V9Y",23646057318,"2JFF-BQB","Male"
"LZ4V-V9Y",23646057319,"K83K-RFX","Female"
"9H17-VTZ",23646057320,"LZGQ-LJX","Male"
"9H17-VTZ",23646057321,"KDQH-DJG","Female"
"LY57-55F",23646057322,"GL9R-YL9","Male"
"LY57-55F",23646057323,"LDHQ-P5F","Female"
"KN4J-P1M",23646057324,"K8D7-F5D","Male"
"KN4J-P1M",23646057325,"L8MB-CYC","Female"
"L8M6-YW7",23646057326,"LDZ2-8G7","Male"
"L8M6-YW7",23646057327,"LY6V-8G3","Female"
"LDQ2-Z4X",23646057328,"LH7S-18K","Male"
"LDQ2-Z4X",23646057329,"LDSV-5Q1","Female"
"LDS9-G7Q",23646057330,"LYGH-JR3","Male"
"LDS9-G7Q",23646057331,"LZVR-GMG","Female"
"9MC4-P9B",23646057332,"GNYN-63S","Male"
"9MC4-P9B",23646057333,"LBDM-38D","Female"
"9W15-B8Y",23646057334,"9H16-YMP","Male"
"9W15-B8Y",23646057335,"L82R-5HJ","Female"
"GVX1-XXB",23646057336,"G7L7-K4V","Male"
"GVX1-XXB",23646057337,"GVMM-WY2","Female"
"LYR8-2CF",23646057338,"LZJX-4WX","Male"
"LYR8-2CF",23646057339,"2ZVG-JS3","Female"
"LYK6-S2M",23646057340,"94BN-14G","Male"
"LYK6-S2M",23646057341,"LZBC-NVG","Female"
"G236-Z9L",23646057342,"GQP1-GKY","Male"
"G236-Z9L",23646057343,"LD33-H5D","Female"
"LDSS-1KQ",23646057344,"29H4-2Y1","Male"
"G21T-2NY",23646057348,"G7BV-VZL","Male"
"G21T-2NY",23646057349,"GV6J-RQ7","Female"
"GKXZ-H66",23646057350,"G21T-L5C","Male"
"GKXZ-H66",23646057351,"G21T-L5Z","Female"
"GNNF-JLW",23646057360,"G6RW-Z2T","Male"
"GNNF-JLW",23646057361,"G687-CW2","Female"
"9Z8F-7QP",23646057362,"GSVP-H7S","Male"
"9Z8F-7QP",23646057363,"GKDB-2ZZ","Female"
"998F-RYD",23646057364,"GLB9-C37","Male"
"998F-RYD",23646057365,"G2YH-9WG","Female"
"9WYV-M96",23646057366,"GLW3-1SY","Male"
"9WYV-M96",23646057367,"998F-RBL","Female"
"LZ1V-KTQ",23646057368,"9MWR-GHW","Male"
"LZ1V-KTQ",23646057369,"LZ1V-KT6","Female"
"GDN3-LQK",23646057370,"LH8G-2RH","Male"
"GDN3-LQK",23646057371,"LDW2-7JJ","Female"
"GGCR-SMM",23646057372,"LL31-NXN","Male"
"GGCR-SMM",23646057373,"GLWQ-CLK","Female"
"GJ2V-WRY",23646057376,"G233-LXN","Male"
"GJ2V-WRY",23646057377,"GGWK-NT3","Female"
"LD9P-MFB",23646057380,"GC7G-R6L","Male"
"LD9P-MFB",23646057381,"GC7P-77S","Female"
"GNNF-JLW",23646057392,"G6RW-Z2T","Male"
"GNNF-JLW",23646057393,"G687-CW2","Female"
"9Z8F-7QP",23646057394,"GSVP-H7S","Male"
"9Z8F-7QP",23646057395,"GKDB-2ZZ","Female"
"998F-RYD",23646057396,"GLB9-C37","Male"
"998F-RYD",23646057397,"G2YH-9WG","Female"
"9WYV-M96",23646057398,"GLW3-1SY","Male"
"9WYV-M96",23646057399,"998F-RBL","Female"
"LZ1V-KTQ",23646057400,"9MWR-GHW","Male"
"LZ1V-KTQ",23646057401,"LZ1V-KT6","Female"
"GDN3-LQK",23646057402,"LH8G-2RH","Male"
"GDN3-LQK",23646057403,"LDW2-7JJ","Female"
"GGCR-SMM",23646057404,"LL31-NXN","Male"
"GGCR-SMM",23646057405,"GLWQ-CLK","Female"
"9C9F-XG2",23646057408,"LD9R-5G3","Male"
"9C9F-XG2",23646057409,"M897-QTS","Female"
"M1HL-BR5",23646057410,"L2RM-X42","Male"
"M1HL-BR5",23646057411,"GK25-59W","Female"
"GMS1-QKF",23646057412,"KZGJ-SQ8","Male"
"GMS1-QKF",23646057413,"L87F-RS8","Female"
"L87F-RS8",23646057414,"9C8M-C8L","Male"
"L87F-RS8",23646057415,"GH7W-LP9","Female"
"GNHS-LS7",23646057416,"G9M5-FF1","Male"
"GNHS-LS7",23646057417,"GN9F-M6Q","Female"
"LZKK-CTR",23646057418,"GJ15-2NP","Male"
"LZKK-CTR",23646057419,"LZGK-6BD","Female"
"LD8Q-FFQ",23646057420,"LRHH-8BQ","Male"
"LD8Q-FFQ",23646057421,"LD8C-SHK","Female"
"LD8C-SHR",23646057422,"G67X-FDY","Male"
"LD8C-SHR",23646057423,"LRC2-Q6C","Female"
"GNHS-LS7",23646057424,"G9M5-FF1","Male"
"GNHS-LS7",23646057425,"GN9F-M6Q","Female"
"LZKK-CTR",23646057426,"GJ15-2NP","Male"
"LZKK-CTR",23646057427,"LZGK-6BD","Female"
"LD8Q-FFQ",23646057428,"LRHH-8BQ","Male"
"LD8Q-FFQ",23646057429,"LD8C-SHK","Female"
"LD8C-SHR",23646057430,"G67X-FDY","Male"
"LD8C-SHR",23646057431,"LRC2-Q6C","Female"
"LCP1-19Y",23646057432,"L51Z-XMG","Male"
"LCP1-19Y",23646057433,"KZTY-WSH","Female"
"2CNB-WKW",23646057434,"9H17-VTZ","Male"
"2CNB-WKW",23646057435,"LY57-55F","Female"
"G8WY-XZV",23646057436,"LBL3-PTN","Male"
"G8WY-XZV",23646057437,"LZG2-MSS","Female"
"M1VV-TDQ",23646057438,"KN4J-P1M","Male"
"M1VV-TDQ",23646057439,"L8M6-YW7","Female"
"LDW5-66P",23646057440,"LD9R-RB7","Male"
"LDW5-66P",23646057441,"LDSS-6H5","Female"
"LDW5-623",23646057442,"LDMT-HMZ","Male"
"LDW5-623",23646057443,"LD91-ST3","Female"
"LYYN-GWQ",23646057444,"L6JX-69T","Male"
"LYYN-GWQ",23646057445,"LT1B-6DX","Female"
"LDSM-4M1",23646057446,"KHQ6-TFB","Male"
"LDSM-4M1",23646057447,"LDSM-H39","Female"
"LYX7-C8M",23646057448,"MGTC-QTS","Male"
"LYX7-C8M",23646057449,"LB23-RVZ","Female"
"L5NV-7ZQ",23646057450,"9HNL-1HB","Male"
"L5NV-7ZQ",23646057451,"L1TH-HRK","Female"
"998F-RYD",23646057452,"GLB9-C37","Male"
"998F-RYD",23646057453,"G2YH-9WG","Female"
"9WYV-M96",23646057454,"GLW3-1SY","Male"
"9WYV-M96",23646057455,"998F-RBL","Female"
"998F-RYD",23646057456,"GLB9-C37","Male"
"998F-RYD",23646057457,"G2YH-9WG","Female"
"9WYV-M96",23646057458,"GLW3-1SY","Male"
"9WYV-M96",23646057459,"998F-RBL","Female"
"L8T2-WP2",23646057460,"L1MT-98D","Male"
"L8T2-WP2",23646057461,"G6T4-VHF","Female"
"LQR2-NXQ",23646057462,"LYGH-JR3","Male"
"LQR2-NXQ",23646057463,"L8WY-474","Female"
"M1DV-XGP",23646057464,"LBJM-VXF","Male"
"M1DV-XGP",23646057465,"LBDM-38D","Female"
"L19S-RGW",23646057466,"MSZC-Z12","Male"
"L19S-RGW",23646057467,"MFDV-SRR","Female"
"L8BS-C55",23646057468,"LRHD-9QV","Male"
"L8BS-C55",23646057469,"LB28-GGJ","Female"
"9Z45-3FJ",23646057470,"9HYM-8LQ","Male"
"9Z45-3FJ",23646057471,"99VV-38W","Female"
"G83G-BCN",23646057920,"GXVP-5Q2","Male"
"G83G-BCN",23646057921,"GVS5-WKQ","Female"
"LYSG-SY9",23646057922,"LJG4-5YW","Male"
"LYSG-SY9",23646057923,"GH91-DSB","Female"
"M9L6-6YN",23646057984,"K84R-TMS","Male"
"M9L6-6YN",23646057985,"GGGW-RYH","Female"
"2MYM-NS1",23646057986,"LTF2-JTC","Male"
"2MYM-NS1",23646057987,"LKNM-HR3","Female"
"GD4S-KVF",23646057988,"L1QD-DXV","Male"
"GD4S-KVF",23646057989,"LD9P-M8N","Female"
"LH86-HY5",23646057992,"KNDD-84D","Male"
"LH86-HY5",23646057993,"GQQX-89B","Female"
"GZRV-4MX",23646057994,"LR6N-PQP","Male"
"GZRV-4MX",23646057995,"LDSS-RGB","Female"
"GN38-YJ6",23646057998,"LYRG-K5J","Male"
"GN38-YJ6",23646057999,"LBLP-PPD","Female"
"G29L-DN9",23646058000,"GQRQ-LYV","Male"
"G29L-DN9",23646058001,"G6TY-2YB","Female"
"9H17-VTZ",23646058016,"LZGQ-LJX","Male"
"9H17-VTZ",23646058017,"KDQH-DJG","Female"
"LY57-55F",23646058018,"GL9R-YL9","Male"
"LY57-55F",23646058019,"LDHQ-P5F","Female"
"LD9R-5G3",23646058028,"LD9R-RCZ","Male"
"LD9R-5G3",23646058029,"MBWQ-SF3","Female"
"M897-QTS",23646058030,"L1R3-QH7","Male"
"M897-QTS",23646058031,"M33Z-FHV","Female"
"L55P-QVF",23646058056,"GGQM-DVN","Male"
"LBKB-VP5",23646058072,"GQMG-G62","Male"
"LBKB-VP5",23646058073,"GN4C-8ND","Female"
"LHLV-GKQ",23646058077,"G6R8-N1X","Female"
"LHLV-GKQ",23646058076,"G8KM-JF3","Male"
"M12G-SFX",23646058078,"LBM7-XLR","Male"
"M12G-SFX",23646058079,"LDSR-1Y7","Female"
"M9L6-6YN",23646058080,"K84R-TMS","Male"
"M9L6-6YN",23646058081,"GGGW-RYH","Female"
"2MYM-NS1",23646058082,"LTF2-JTC","Male"
"2MYM-NS1",23646058083,"LKNM-HR3","Female"
"GD4S-KVF",23646058084,"L1QD-DXV","Male"
"GD4S-KVF",23646058085,"LD9P-M8N","Female"
"L1Z8-522",23646058088,"99Y7-MCD","Male"
"L1Z8-522",23646058089,"LBKM-9MP","Female"
"L1S4-4N9",23646058090,"L1QG-G8M","Male"
"L1S4-4N9",23646058091,"LD97-QLP","Female"
"LDW5-FB6",23646058092,"LDW5-66P","Male"
"LDW5-FB6",23646058093,"LDW5-623","Female"
"LDW5-N39",23646058094,"KCXK-S69","Male"
"LDW5-N39",23646058095,"GJR2-7VD","Female"
"LHF5-NRF",23646058096,"9HYM-87T","Male"
"LHF5-NRF",23646058097,"LTK3-YL5","Female"
"L8YS-939",23646058098,"9915-W3T","Male"
"L8YS-939",23646058099,"G34F-CPK","Female"
"GNSC-GX2",23646058100,"G6T4-VS4","Male"
"G6T4-Y59",23646058102,"29YL-C18","Male"
"G6T4-Y59",23646058103,"KGCM-X4S","Female"
"KZ38-GLR",23646058104,"9CCZ-PKB","Male"
"KZ38-GLR",23646058105,"L75S-MVR","Female"
"LZLH-GT3",23646058106,"GFDK-48G","Male"
"LZLH-GT3",23646058107,"GNC1-PKH","Female"
"G9GH-9BQ",23646058108,"GD2L-TGY","Male"
"G9GH-9BQ",23646058109,"LJL1-FRP","Female"
"LHXS-J8W",23646058110,"G6R8-7WV","Male"
"LHXS-J8W",23646058111,"L7GV-JX4","Female"
"LBH1-CN5",23646058112,"9ZZ1-5Z1","Male"
"LBH1-CN5",23646058113,"G91P-199","Female"
"9S8D-D66",23646058116,"GXRR-LZX","Male"
"GSHP-SHH",23646058120,"LT3M-GVB","Male"
"GSHP-SHH",23646058121,"GMNR-6FT","Female"
"M5YG-KD2",23646058124,"MVPP-6V1","Male"
"M5YG-KD2",23646058125,"9H6R-RX2","Female"
"9H8X-KY4",23646058126,"9CJ7-MYH","Male"
"9H8X-KY4",23646058127,"KZ5G-H74","Female"
"M9L6-6YN",23646058144,"K84R-TMS","Male"
"M9L6-6YN",23646058145,"GGGW-RYH","Female"
"2MYM-NS1",23646058146,"LTF2-JTC","Male"
"2MYM-NS1",23646058147,"LKNM-HR3","Female"
"GD4S-KVF",23646058148,"L1QD-DXV","Male"
"GD4S-KVF",23646058149,"LD9P-M8N","Female"
"LH86-HY5",23646058152,"KNDD-84D","Male"
"LH86-HY5",23646058153,"GQQX-89B","Female"
"GZRV-4MX",23646058154,"LR6N-PQP","Male"
"GZRV-4MX",23646058155,"LDSS-RGB","Female"
"GN38-YJ6",23646058158,"LYRG-K5J","Male"
"GN38-YJ6",23646058159,"LBLP-PPD","Female"
"G29L-DN9",23646058160,"GQRQ-LYV","Male"
"G29L-DN9",23646058161,"G6TY-2YB","Female"
"9CXW-GQR",23646058176,"G6B1-NGH","Male"
"9CXW-GQR",23646058177,"GJXP-LCC","Female"
"LBSY-43P",23646058180,"L619-MQH","Male"
"LBSY-43P",23646058181,"GK8M-8WF","Female"
"L8M6-YWJ",23646058182,"LDSS-ZMW","Male"
"L8M6-YWJ",23646058183,"LDSS-ZMD","Female"
"G7XM-XH5",23646058184,"LLCW-6W8","Male"
"G7XM-XH5",23646058185,"GWK5-12V","Female"
"KDQW-FYD",23646058186,"LBSY-43P","Male"
"KDQW-FYD",23646058187,"L8M6-YWJ","Female"
"M6Z8-D8X",23646058188,"9HGP-DBV","Male"
"M6Z8-D8X",23646058189,"LXWD-248","Female"
"L1Q8-65G",23646058192,"L1Z8-522","Male"
"L1Q8-65G",23646058193,"L1S4-4N9","Female"
"MXWH-HJ8",23646058194,"LDW5-FB6","Male"
"MXWH-HJ8",23646058195,"LDW5-N39","Female"
"L8YB-8WZ",23646058196,"M4N1-6BT","Male"
"L8YB-8WZ",23646058197,"L8PY-H7K","Female"
"GFG3-G3F",23646058198,"G8PF-7ZF","Male"
"9HZL-Y9F",23646058200,"9HZL-Y92","Male"
"LBS1-VRM",23646058204,"LJRG-7ST","Male"
"LBS1-VRM",23646058205,"28WM-FQ6","Female"
"LT7J-3T8",23646058206,"GDTX-41X","Male"
"LT7J-3T8",23646058207,"GX4S-QCJ","Female"
"LH86-HY5",23646058208,"KNDD-84D","Male"
"LH86-HY5",23646058209,"GQQX-89B","Female"
"GZRV-4MX",23646058210,"LR6N-PQP","Male"
"GZRV-4MX",23646058211,"LDSS-RGB","Female"
"GN38-YJ6",23646058214,"LYRG-K5J","Male"
"GN38-YJ6",23646058215,"LBLP-PPD","Female"
"9CS3-646",23646058216,"9H17-VTZ","Male"
"9CS3-646",23646058217,"LY57-55F","Female"
"KDQH-YTP",23646058220,"GGTT-FJW","Male"
"KDQH-YTP",23646058221,"GGT5-2TY","Female"
"LBH5-S3X",23646058222,"LD9R-5G3","Male"
"LBH5-S3X",23646058223,"M897-QTS","Female"
"93LF-J1V",23646058224,"L1HZ-WR2","Male"
"93LF-J1V",23646058225,"MDWC-L73","Female"
"931M-DSZ",23646058226,"KFLG-12B","Male"
"931M-DSZ",23646058227,"M5YG-GGX","Female"
"9WC7-CFS",23646058228,"GF4P-DDQ","Male"
"9WC7-CFS",23646058229,"GVW6-VCK","Female"
"KZQY-4CD",23646058230,"LJG8-98D","Male"
"KZQY-4CD",23646058231,"LBS6-SSC","Female"
"L1Q8-65G",23646058232,"L1Z8-522","Male"
"L1Q8-65G",23646058233,"L1S4-4N9","Female"
"MXWH-HJ8",23646058234,"LDW5-FB6","Male"
"MXWH-HJ8",23646058235,"LDW5-N39","Female"
"L8YB-8WZ",23646058236,"M4N1-6BT","Male"
"L8YB-8WZ",23646058237,"L8PY-H7K","Female"
"GFG3-G3F",23646058238,"G8PF-7ZF","Male"
"L6RN-2TH",23646058240,"GC35-5JN","Male"
"L6RN-2TH",23646058241,"LRG2-ZPX","Female"
"LD32-VMD",23646058248,"2R5H-Q2Q","Male"
"LD32-VMD",23646058249,"KLBK-XDY","Female"
"LQ55-3HJ",23646058252,"LH74-HV9","Male"
"LQ55-3HJ",23646058253,"9HVH-9GD","Female"
"LZDQ-RC1",23646058254,"GQSS-GWX","Male"
"LZDQ-RC1",23646058255,"93QL-QQ9","Female"
"LZXN-K7L",23646058296,"GJ15-2NP","Male"
"LZXN-K7L",23646058297,"LZGK-6BD","Female"
"G95Q-XJK",23646058298,"9CHV-B26","Male"
"G95Q-XJK",23646058299,"LZ2Z-ZZ8","Female"
"LBH1-CN5",23646058300,"9ZZ1-5Z1","Male"
"LBH1-CN5",23646058301,"G91P-199","Female"
"G8V1-T3B",23646058372,"G8V1-RVB","Male"
"G8V1-T3B",23646058373,"GDTX-GL8","Female"
"LHVH-1SW",23646058384,"L6RN-2TH","Male"
"LHVH-1SW",23646058385,"GG5L-71Q","Female"
"LRHG-G1W",23646058386,"GD2T-KQT","Male"
"LRHG-G1W",23646058387,"GF3G-5VX","Female"
"9S8K-MBN",23646058388,"LD32-VMD","Male"
"LBZ1-F4V",23646058390,"LQ55-3HJ","Male"
"LBZ1-F4V",23646058391,"LZDQ-RC1","Female"
"KHGK-FT4",23646058416,"M9L6-6YN","Male"
"KHGK-FT4",23646058417,"2MYM-NS1","Female"
"GZLL-ZY9",23646058418,"GD4S-KVF","Male"
"GZLL-ZY9",23646058419,"GX7F-TKC","Female"
"L1Q8-65G",23646058420,"L1Z8-522","Male"
"L1Q8-65G",23646058421,"L1S4-4N9","Female"
"MXWH-HJ8",23646058422,"LDW5-FB6","Male"
"MXWH-HJ8",23646058423,"LDW5-N39","Female"
"G67D-75Y",23646058432,"KC5V-1SS","Male"
"LVYT-WNW",23646058436,"LVYT-WY1","Male"
"LVYT-WNW",23646058437,"LD19-JPJ","Female"
"GZKT-1YM",23646058438,"GZRW-YJ6","Male"
"GZKT-1YM",23646058439,"G63X-TBR","Female"
"GD2L-3G9",23646058448,"G8W1-9VC","Male"
"GD2L-3G9",23646058449,"LCZD-G2Y","Female"
"G8D1-KH9",23646058450,"LHWG-CC2","Male"
"G8D1-KH9",23646058451,"946D-MLM","Female"
"GHGS-D5X",23646058452,"G8D1-62Y","Male"
"GHGS-D5X",23646058453,"GHGS-8G4","Female"
"LR5W-LJ9",23646058456,"LHF5-NRF","Male"
"LR5W-LJ9",23646058457,"L8YS-939","Female"
"LVYZ-59L",23646058458,"GNSC-GX2","Male"
"LVYZ-59L",23646058459,"G6T4-Y59","Female"
"GSHT-SV8",23646058464,"LDSR-1RL","Male"
"GSHT-SV8",23646058465,"GLV5-N1H","Female"
"G9V8-JZD",23646058472,"LZJW-MTS","Male"
"KHGK-FT4",23646058476,"M9L6-6YN","Male"
"KHGK-FT4",23646058477,"2MYM-NS1","Female"
"GZLL-ZY9",23646058478,"GD4S-KVF","Male"
"GZLL-ZY9",23646058479,"GX7F-TKC","Female"
"9HVG-3HS",23646058480,"LYPR-VX5","Male"
"9HVG-3HS",23646058481,"LY6D-WK1","Female"
"MRRC-VW8",23646058482,"LY6D-VDY","Male"
"MRRC-VW8",23646058483,"LY6D-V66","Female"
"9CX7-S59",23646058484,"GLT4-TVW","Male"
"934P-KGV",23646058486,"K4LT-K4X","Male"
"934P-KGV",23646058487,"LVV3-7SJ","Female"
"LH73-3ML",23646058488,"GSRV-2D8","Male"
"LH73-3ML",23646058489,"LBZ2-33H","Female"
"9HQ6-6GH",23646058496,"GLTR-YDK","Male"
"9HQ6-6GH",23646058497,"GLB1-8LR","Female"
"LBKY-PR1",23646058498,"M1W5-BFF","Male"
"LBKY-PR1",23646058499,"GGRM-VGM","Female"
"LHLV-GKQ",23646058501,"G6R8-N1X","Female"
"LHLV-GKQ",23646058500,"G8KM-JF3","Male"
"M12G-SFX",23646058502,"LBM7-XLR","Male"
"M12G-SFX",23646058503,"LDSR-1Y7","Female"
"GHKK-6HQ",23646058504,"G96M-2XD","Male"
"GHKK-6HQ",23646058505,"G6H4-KLQ","Female"
"GSHT-SV8",23646058512,"LDSR-1RL","Male"
"GSHT-SV8",23646058513,"GLV5-N1H","Female"
"G9V8-JZD",23646058520,"LZJW-MTS","Male"
"KHGK-FT4",23646058524,"M9L6-6YN","Male"
"KHGK-FT4",23646058525,"2MYM-NS1","Female"
"GZLL-ZY9",23646058526,"GD4S-KVF","Male"
"GZLL-ZY9",23646058527,"GX7F-TKC","Female"
"KNWG-RM2",23646058528,"M8NQ-LCW","Male"
"KNWG-RM2",23646058529,"LBFC-H6J","Female"
"GNZN-487",23646058530,"LH86-MHT","Male"
"GNZN-487",23646058531,"MHQ8-C73","Female"
"G71Q-6TD",23646058532,"LYJ2-TZG","Male"
"G71Q-6TD",23646058533,"LYJ2-LF5","Female"
"9HZQ-S28",23646058534,"GSW1-4MT","Male"
"9HZQ-S28",23646058535,"L28C-QYX","Female"
"GF87-QNQ",23646058536,"G29L-DN9","Male"
"GF87-QNQ",23646058537,"G29L-DM9","Female"
"LZK6-P8K",23646058544,"LH86-HY5","Male"
"LZK6-P8K",23646058545,"GZRV-4MX","Female"
"2YGB-N2M",23646058546,"GN38-JJY","Male"
"2YGB-N2M",23646058547,"GN38-YJ6","Female"
"9CS2-22H",23646058548,"9CS3-646","Male"
"9CZC-NNC",23646058550,"KDQH-YTP","Male"
"9CZC-NNC",23646058551,"LBH5-S3X","Female"
"LCMC-VB4",23646058552,"93LF-J1V","Male"
"LCMC-VB4",23646058553,"931M-DSZ","Female"
"KZQT-JV1",23646058554,"9WC7-CFS","Male"
"KZQT-JV1",23646058555,"KZQY-4CD","Female"
"LHRH-LVR",23646058556,"L1Q8-65G","Male"
"LHRH-LVR",23646058557,"MXWH-HJ8","Female"
"L8YM-JSK",23646058558,"L8YB-8WZ","Male"
"L8YM-JSK",23646058559,"GFG3-G3F","Female"
"KHGK-FT4",23646058560,"M9L6-6YN","Male"
"KHGK-FT4",23646058561,"2MYM-NS1","Female"
"GZLL-ZY9",23646058562,"GD4S-KVF","Male"
"GZLL-ZY9",23646058563,"GX7F-TKC","Female"
"GFGQ-SK2",23646058572,"LZXN-K7L","Male"
"GFGQ-SK2",23646058573,"G95Q-XJK","Female"
"G74V-2J9",23646058574,"LBH1-CN5","Male"
"G74V-2J9",23646058575,"GZ54-F3Q","Female"
"GKRD-MX2",23646058576,"MFT7-D8V","Male"
"GG5H-CV7",23646058590,"GXBV-X8H","Male"
"GG5H-CV7",23646058591,"GLMN-2F1","Female"
"L1QK-47X",23646058592,"GDLZ-HKD","Male"
"L1QK-47X",23646058593,"G6DW-371","Female"
"93QW-7B5",23646058624,"9WCC-XRD","Male"
"93QW-7B5",23646058625,"G3SZ-S8L","Female"
"LH86-HY5",23646058632,"KNDD-84D","Male"
"LH86-HY5",23646058633,"GQQX-89B","Female"
"GZRV-4MX",23646058634,"LR6N-PQP","Male"
"GZRV-4MX",23646058635,"LDSS-RGB","Female"
"LTGT-MY8",23646058636,"G8W1-ZV8","Male"
"LTGT-MY8",23646058637,"9HT5-B49","Female"
"9SPK-69R",23646058640,"LTWR-DQ6","Male"
"9SPK-69R",23646058641,"GX28-S5M","Female"
"GKHH-3WG",23646058642,"LY3P-BPB","Male"
"GKHH-3WG",23646058643,"M8X3-52W","Female"
"KDQZ-4C9",23646058644,"LZGX-NYL","Male"
"KDQZ-4C9",23646058645,"G3MQ-3C9","Female"
"GXX3-RNC",23646058646,"9CNZ-SHX","Male"
"GXX3-RNC",23646058647,"M692-VL6","Female"
"9HVG-3HS",23646058648,"LYPR-VX5","Male"
"9HVG-3HS",23646058649,"LY6D-WK1","Female"
"MRRC-VW8",23646058650,"LY6D-VDY","Male"
"MRRC-VW8",23646058651,"LY6D-V66","Female"
"9CX7-S59",23646058652,"GLT4-TVW","Male"
"934P-KGV",23646058654,"K4LT-K4X","Male"
"934P-KGV",23646058655,"LVV3-7SJ","Female"
"9CN3-8JY",23646058656,"9CS6-TP3","Male"
"9CN3-8JY",23646058657,"M9BB-C3Y","Female"
"M1XY-96Y",23646058658,"L1VL-MX4","Male"
"M1XY-96Y",23646058659,"L6KR-TGH","Female"
"LB3H-3BD",23646058660,"L8WY-4NN","Male"
"LB3H-3BD",23646058661,"LZZW-6XG","Female"
"9WPR-2DC",23646058662,"LYQ1-9KM","Male"
"9WPR-2DC",23646058663,"GLKF-YTD","Female"
"9C69-N2F",23646058664,"L1H5-WPB","Male"
"9C69-N2F",23646058665,"LCRB-QSW","Female"
"L133-6GS",23646058666,"G8WB-VNV","Male"
"L133-6GS",23646058667,"GZVQ-B5V","Female"
"9CN3-8JY",23646058668,"9CS6-TP3","Male"
"9CN3-8JY",23646058669,"M9BB-C3Y","Female"
"M1XY-96Y",23646058670,"L1VL-MX4","Male"
"M1XY-96Y",23646058671,"L6KR-TGH","Female"
"9HBT-X6S",23646058672,"LBBZ-8DB","Male"
"9HBT-X6S",23646058673,"LHZT-ZL9","Female"
"9CW3-3SK",23646058674,"9CS3-646","Male"
"9CW3-3SK",23646058675,"LY6J-G8R","Female"
"KF9B-5KD",23646058676,"LBV3-PXG","Male"
"KF9B-5KD",23646058677,"L8WB-MRM","Female"
"LDSM-3YK",23646058678,"LTC9-L6F","Male"
"LDSM-3YK",23646058679,"LTC9-G9Y","Female"
"9HVG-3HS",23646058688,"LYPR-VX5","Male"
"9HVG-3HS",23646058689,"LY6D-WK1","Female"
"MRRC-VW8",23646058690,"LY6D-VDY","Male"
"MRRC-VW8",23646058691,"LY6D-V66","Female"
"9CX7-S59",23646058692,"GLT4-TVW","Male"
"934P-KGV",23646058694,"K4LT-K4X","Male"
"934P-KGV",23646058695,"LVV3-7SJ","Female"
"LH73-3ML",23646058696,"GSRV-2D8","Male"
"LH73-3ML",23646058697,"LBZ2-33H","Female"
"G2JV-2R6",23646058724,"L55P-QVF","Male"
"G2JV-2R6",23646058725,"GGQM-PJZ","Female"
"L133-KLM",23646058732,"LBKB-VP5","Male"
"L133-KLM",23646058733,"29YP-N36","Female"
"LZKN-97G",23646058734,"LHLV-GKQ","Male"
"LZKN-97G",23646058735,"M12G-SFX","Female"
"KHGK-FT4",23646058736,"M9L6-6YN","Male"
"KHGK-FT4",23646058737,"2MYM-NS1","Female"
"GZLL-ZY9",23646058738,"GD4S-KVF","Male"
"GZLL-ZY9",23646058739,"GX7F-TKC","Female"
"L1Q8-65G",23646058740,"L1Z8-522","Male"
"L1Q8-65G",23646058741,"L1S4-4N9","Female"
"MXWH-HJ8",23646058742,"LDW5-FB6","Male"
"MXWH-HJ8",23646058743,"LDW5-N39","Female"
"LR5W-LJ9",23646058744,"LHF5-NRF","Male"
"LR5W-LJ9",23646058745,"L8YS-939","Female"
"LVYZ-59L",23646058746,"GNSC-GX2","Male"
"LVYZ-59L",23646058747,"G6T4-Y59","Female"
"LB5L-3KM",23646058748,"KZ38-GLR","Male"
"LB5L-3KM",23646058749,"LZLH-GT3","Female"
"9C42-Q4M",23646058750,"G9GH-9BQ","Male"
"9C42-Q4M",23646058751,"LHXS-J8W","Female"
"GKM5-D1B",23646058752,"9CMV-6PG","Male"
"GKM5-D1B",23646058753,"GNT9-D36","Female"
"G27F-6B7",23646058754,"2Z98-QKN","Male"
"G27F-6B7",23646058755,"GDCF-ZCT","Female"
"GNLG-R7X",23646058756,"MGTC-QTS","Male"
"GNLG-R7X",23646058757,"LB23-RVZ","Female"
"GNLG-LJ7",23646058758,"LDW2-QX1","Male"
"GNLG-LJ7",23646058759,"267Y-B3F","Female"
"GJ98-8FX",23646058760,"LYLP-MLV","Male"
"LH2L-C28",23646058764,"GHTQ-CF6","Male"
"LH2L-C28",23646058765,"GJ3W-QMB","Female"
"G24W-PC4",23646058768,"9HVL-6ZB","Male"
"G24W-PC4",23646058769,"GJFH-C7G","Female"
"GQ5J-2BR",23646058770,"GCWQ-VMY","Male"
"GQ5J-2BR",23646058771,"L14H-9BP","Female"
"998F-RYD",23646058772,"GLB9-C37","Male"
"998F-RYD",23646058773,"G2YH-9WG","Female"
"9WYV-M96",23646058774,"GLW3-1SY","Male"
"9WYV-M96",23646058775,"998F-RBL","Female"
"LHNV-F14",23646058776,"G9QV-BP7","Male"
"LHNV-F14",23646058777,"GL1T-G7R","Female"
"LD78-CYZ",23646058780,"LHG4-N8V","Male"
"LD78-CYZ",23646058781,"LDW2-QLB","Female"
"LZ18-LSK",23646058782,"MGTC-QTS","Male"
"LZ18-LSK",23646058783,"LB23-RVZ","Female"
"G647-9V7",23646058784,"L27L-6Y2","Male"
"G647-9V7",23646058785,"LH2L-688","Female"
"9HV8-PY3",23646058786,"9HL1-KV5","Male"
"GXPX-K7H",23646058792,"GWH5-T19","Male"
"GXPX-K7H",23646058793,"GWH5-BNJ","Female"
"G78V-HMB",23646058800,"L27L-XXX","Male"
"G78V-HMB",23646058801,"LH2L-ZCM","Female"
"G78V-SS8",23646058802,"G6MV-PWN","Male"
"G78V-SS8",23646058803,"G6MV-JLV","Female"
"93QC-WRW",23646058816,"LYX7-C8M","Male"
"93QC-WRW",23646058817,"L5NV-7ZQ","Female"
"LVD6-PLK",23646058818,"998F-RYD","Male"
"LVD6-PLK",23646058819,"9WYV-M96","Female"
"L8T2-W14",23646058820,"LCYS-RM7","Male"
"L8T2-W14",23646058821,"LZ69-FWS","Female"
"L64T-8MH",23646058822,"LDWL-NG9","Male"
"G2B6-4PV",23646058824,"LY1W-YGL","Male"
"G2B6-4PV",23646058825,"93T9-FVT","Female"
"LZ82-9QL",23646058826,"KFLG-1TM","Male"
"LZ82-9QL",23646058827,"GNX2-HHL","Female"
"K1TD-8TS",23646058828,"GCQG-FB3","Male"
"K1TD-8TS",23646058829,"L1RF-27W","Female"
"KN1K-WGF",23646058832,"KDQ4-WKJ","Male"
"KN1K-WGF",23646058833,"GGCX-4HH","Female"
"LTTH-P6X",23646058834,"L1TH-WVP","Male"
"LTTH-P6X",23646058835,"9Q3T-9PC","Female"
"GMS1-QKF",23646058848,"KZGJ-SQ8","Male"
"GMS1-QKF",23646058849,"L87F-RS8","Female"
"GXGW-541",23646058850,"998F-RYD","Male"
"GXGW-541",23646058851,"9WYV-M96","Female"
"GGDB-YLM",23646058852,"LYVT-2LR","Male"
"GGDB-YLM",23646058853,"G6CS-LNN","Female"
"G4CX-BLK",23646058854,"M1TN-H75","Male"
"G4CX-BLK",23646058855,"GHRS-RJY","Female"
"LCP1-19Y",23646058856,"L51Z-XMG","Male"
"LCP1-19Y",23646058857,"KZTY-WSH","Female"
"2CNB-WKW",23646058858,"9H17-VTZ","Male"
"2CNB-WKW",23646058859,"LY57-55F","Female"
"LZ8K-BBS",23646058860,"KF51-BG4","Male"
"LZ8K-BBS",23646058861,"LBWR-LCB","Female"
"L83J-BYF",23646058862,"9HFS-58G","Male"
"L83J-BYF",23646058863,"L62Z-DDQ","Female"
"L8T2-W14",23646058864,"LCYS-RM7","Male"
"L8T2-W14",23646058865,"LZ69-FWS","Female"
"L64T-8MH",23646058866,"LDWL-NG9","Male"
"LY1W-YGL",23646058868,"998F-RYD","Male"
"LY1W-YGL",23646058869,"9WYV-M96","Female"
"93T9-FVT",23646058870,"LZ1V-KTQ","Male"
"93T9-FVT",23646058871,"GDN3-LQK","Female"
"M8X3-PH2",23646058872,"G24W-PC4","Male"
"M8X3-PH2",23646058873,"GQ5J-2BR","Female"
"LVD6-PLK",23646058874,"998F-RYD","Male"
"LVD6-PLK",23646058875,"9WYV-M96","Female"
"LZ18-2BL",23646058876,"LHNV-F14","Male"
"LZ18-2BL",23646058877,"LZ18-2RK","Female"
"LZ18-L3N",23646058878,"LD78-CYZ","Male"
"LZ18-L3N",23646058879,"LZ18-LSK","Female"
"GKM5-D1B",23646058880,"9CMV-6PG","Male"
"GKM5-D1B",23646058881,"GNT9-D36","Female"
"G27F-6B7",23646058882,"2Z98-QKN","Male"
"G27F-6B7",23646058883,"GDCF-ZCT","Female"
"GNLG-R7X",23646058884,"MGTC-QTS","Male"
"GNLG-R7X",23646058885,"LB23-RVZ","Female"
"GNLG-LJ7",23646058886,"LDW2-QX1","Male"
"GNLG-LJ7",23646058887,"267Y-B3F","Female"
"GKM5-D1B",23646058912,"9CMV-6PG","Male"
"GKM5-D1B",23646058913,"GNT9-D36","Female"
"G27F-6B7",23646058914,"2Z98-QKN","Male"
"G27F-6B7",23646058915,"GDCF-ZCT","Female"
"GNLG-R7X",23646058916,"MGTC-QTS","Male"
"GNLG-R7X",23646058917,"LB23-RVZ","Female"
"GNLG-LJ7",23646058918,"LDW2-QX1","Male"
"GNLG-LJ7",23646058919,"267Y-B3F","Female"
"GJ98-8FX",23646058920,"LYLP-MLV","Male"
"LH2L-C28",23646058924,"GHTQ-CF6","Male"
"LH2L-C28",23646058925,"GJ3W-QMB","Female"
"G24W-PC4",23646058928,"9HVL-6ZB","Male"
"G24W-PC4",23646058929,"GJFH-C7G","Female"
"GQ5J-2BR",23646058930,"GCWQ-VMY","Male"
"GQ5J-2BR",23646058931,"L14H-9BP","Female"
"998F-RYD",23646058932,"GLB9-C37","Male"
"998F-RYD",23646058933,"G2YH-9WG","Female"
"9WYV-M96",23646058934,"GLW3-1SY","Male"
"9WYV-M96",23646058935,"998F-RBL","Female"
"LHNV-F14",23646058936,"G9QV-BP7","Male"
"LHNV-F14",23646058937,"GL1T-G7R","Female"
"LD78-CYZ",23646058940,"LHG4-N8V","Male"
"LD78-CYZ",23646058941,"LDW2-QLB","Female"
"LZ18-LSK",23646058942,"MGTC-QTS","Male"
"LZ18-LSK",23646058943,"LB23-RVZ","Female"
"GK6R-L35",23646058944,"LYSL-M94","Male"
"GK6R-L35",23646058945,"KZTY-WSH","Female"
"L7LL-FB1",23646059008,"GGJ6-93F","Male"
"L7LL-FB1",23646059009,"94RZ-9KC","Female"
"LZVR-GMG",23646059010,"L18X-ZNH","Male"
"LZVR-GMG",23646059011,"MVL6-5PR","Female"
"93LF-J1V",23646059012,"L1HZ-WR2","Male"
"93LF-J1V",23646059013,"MDWC-L73","Female"
"931M-DSZ",23646059014,"KFLG-12B","Male"
"931M-DSZ",23646059015,"M5YG-GGX","Female"
"LHYG-XJF",23646059016,"M1TN-H75","Male"
"LHYG-XJF",23646059017,"GHRS-RJY","Female"
"GDGW-LRZ",23646059018,"LJ4D-ZCK","Male"
"GDGW-LRZ",23646059019,"9S1L-ZP2","Female"
"2JFF-BQB",23646059020,"G87Q-Z3W","Male"
"2JFF-BQB",23646059021,"GC32-FML","Female"
"K83K-RFX",23646059023,"G2GZ-4JW","Female"
"LZGC-T3V",23646059040,"9HBT-X6S","Male"
"9HNL-VTQ",23646059042,"LT6K-DY9","Male"
"9HNL-VTQ",23646059043,"9HZT-7LN","Female"
"M6HL-7N8",23646059044,"GGP9-PVT","Male"
"48HM-XVK",23646059046,"GGPS-Z3V","Male"
"48HM-XVK",23646059047,"GGPS-W5B","Female"
"M1G9-D88",23646059048,"G4XC-Z25","Male"
"M1G9-D88",23646059049,"GXW3-FM3","Female"
"G6HB-74V",23646059050,"GXQL-V29","Male"
"G6HB-74V",23646059051,"GK96-PTN","Female"
"MRMP-3HL",23646059052,"MQ97-2VC","Male"
"MRMP-3HL",23646059053,"L812-1MZ","Female"
"LZ1V-VQ4",23646059054,"GSWG-DB2","Male"
"LZ1V-VQ4",23646059055,"LBVL-MQ9","Female"
"L19Z-CL1",23646059056,"9S1N-9NW","Male"
"L19Z-CL1",23646059057,"GGG7-ZFW","Female"
"LTRP-RR9",23646059058,"9STQ-HGV","Male"
"LTRP-RR9",23646059059,"GC81-6YM","Female"
"LB2S-YQF",23646059060,"LDGP-6LG","Male"
"LB2S-YQF",23646059061,"KC5N-C3N","Female"
"9SR5-TGZ",23646059062,"LRBK-WPN","Male"
"9SR5-TGZ",23646059063,"9WWL-HYB","Female"
"GJTB-SFG",23646059064,"LCB7-3YS","Male"
"GJTB-SFG",23646059065,"L8T3-L1F","Female"
"G9SD-RC6",23646059066,"LYV5-RQ5","Male"
"G9SD-RC6",23646059067,"L1QP-JJ6","Female"
"97D4-D9M",23646059068,"G9Z2-7RY","Male"
"97D4-D9M",23646059069,"L4BD-6XM","Female"
"9H92-XWD",23646059070,"L528-M9W","Male"
"9H92-XWD",23646059071,"L812-24W","Female"
"G8W1-ZMX",23646059168,"GX7F-SMG","Male"
"G8W1-ZMX",23646059169,"GNMN-MLB","Female"
"G6RP-58K",23646059170,"GCSW-VTX","Male"
"G6RP-58K",23646059171,"LQ5P-NJD","Female"
"GQS8-4FH",23646059176,"KGCY-X93","Male"
"GQS8-4FH",23646059177,"LKN1-5C4","Female"
"9HLB-3Z2",23646059180,"L2TT-S8Y","Male"
"9HLB-3Z2",23646059181,"LT7M-GBH","Female"
"K4DT-PL4",23646059182,"GQSD-6N5","Male"
"K4DT-PL4",23646059183,"G8WB-GCZ","Female"
"KGCY-X93",23646059184,"LZJX-4WX","Male"
"KGCY-X93",23646059185,"2ZVG-JS3","Female"
"LKN1-5C4",23646059186,"G8WB-KV6","Male"
"L2TT-S8Y",23646059192,"GH77-P5P","Male"
"GQSD-6N5",23646059196,"GW9H-BG2","Male"
"GQSD-6N5",23646059197,"KHFM-BHS","Female"
"GGS1-ZP5",23646059204,"GGS1-V6Q","Male"
"GGS1-ZP5",23646059205,"G4PV-VBR","Female"
"9CJ7-366",23646059200,"GGJD-J7J","Male"
"9CJ7-366",23646059201,"GGJ6-SCY","Female"
"L8YM-6TB",23646059202,"GL64-75Z","Male"
"L8YM-6TB",23646059203,"9C46-RRR","Female"
"LD9R-5G3",23646059208,"LD9R-RCZ","Male"
"LD9R-5G3",23646059209,"MBWQ-SF3","Female"
"M897-QTS",23646059210,"L1R3-QH7","Male"
"M897-QTS",23646059211,"M33Z-FHV","Female"
"GHJP-XZD",23646059212,"L8R2-SJ9","Male"
"GHJP-XZD",23646059213,"LCXP-QW3","Female"
"9ZHQ-5BN",23646059216,"LDL5-RBZ","Male"
"9ZHQ-5BN",23646059217,"LZZ3-SKR","Female"
"L4JJ-5SL",23646059220,"GQQH-N8X","Male"
"L4JJ-5SL",23646059221,"LJ2S-X9N","Female"
"9Z8X-1VX",23646059224,"L2SG-RHC","Male"
"9Z8X-1VX",23646059225,"GX4P-D1J","Female"
"9Z8X-1VF",23646059226,"9Z4Y-476","Male"
"9Z8X-1VF",23646059227,"G396-J2Q","Female"
"LDW5-66P",23646059232,"LD9R-RB7","Male"
"LDW5-66P",23646059233,"LDSS-6H5","Female"
"LDW5-623",23646059234,"LDMT-HMZ","Male"
"LDW5-623",23646059235,"LD91-ST3","Female"
"LYYN-GWQ",23646059236,"L6JX-69T","Male"
"LYYN-GWQ",23646059237,"LT1B-6DX","Female"
"LDSM-4M1",23646059238,"KHQ6-TFB","Male"
"LDSM-4M1",23646059239,"LDSM-H39","Female"
"LYX7-C8M",23646059240,"MGTC-QTS","Male"
"LYX7-C8M",23646059241,"LB23-RVZ","Female"
"L5NV-7ZQ",23646059242,"9HNL-1HB","Male"
"L5NV-7ZQ",23646059243,"L1TH-HRK","Female"
"998F-RYD",23646059244,"GLB9-C37","Male"
"998F-RYD",23646059245,"G2YH-9WG","Female"
"9WYV-M96",23646059246,"GLW3-1SY","Male"
"9WYV-M96",23646059247,"998F-RBL","Female"
"L8B9-VWR",23646059248,"G9FS-D2J","Male"
"L8B9-VWR",23646059249,"GC9C-89Q","Female"
"9S8J-R9Z",23646059250,"9H27-6Y3","Male"
"9S8J-R9Z",23646059251,"MWBC-XS5","Female"
"LBLQ-5TN",23646059252,"GV18-6H7","Male"
"LBLQ-5TN",23646059253,"GVQY-MVQ","Female"
"G3KW-NLD",23646059254,"M1TN-H75","Male"
"G3KW-NLD",23646059255,"GHRS-RJY","Female"
"9CS3-646",23646059256,"9H17-VTZ","Male"
"9CS3-646",23646059257,"LY57-55F","Female"
"LH1T-486",23646059258,"99JL-VFV","Male"
"LH1T-486",23646059259,"GCS7-3JP","Female"
"LBXC-4KY",23646059260,"LBNP-5M3","Male"
"LBXC-4KY",23646059261,"G4SG-NWR","Female"
"M49C-X4T",23646059262,"LVVW-QMC","Male"
"M49C-X4T",23646059263,"GLGS-JN3","Female"
"G2J9-N5G",23646059268,"GLL2-BZV","Male"
"LT6Z-NRQ",23646059270,"GC4V-KPG","Male"
"LT6Z-NRQ",23646059271,"L175-67M","Female"
"GS1M-7DD",23646059280,"GDX2-95K","Male"
"GS1M-7DD",23646059281,"GDX2-QNX","Female"
"LH86-MHT",23646059284,"GMVG-TRT","Male"
"LH86-MHT",23646059285,"GLX6-MY5","Female"
"MHQ8-C73",23646059286,"LB23-61T","Male"
"MHQ8-C73",23646059287,"LH73-BMR","Female"
"LZXN-K7L",23646059288,"GJ15-2NP","Male"
"LZXN-K7L",23646059289,"LZGK-6BD","Female"
"G95Q-XJK",23646059290,"9CHV-B26","Male"
"G95Q-XJK",23646059291,"LZ2Z-ZZ8","Female"
"LBH1-CN5",23646059292,"9ZZ1-5Z1","Male"
"LBH1-CN5",23646059293,"G91P-199","Female"
"GZG7-7V9",23646059296,"GZGZ-5Y1","Male"
"GZG7-7V9",23646059297,"GZG8-MWD","Female"
"G6B1-NGH",23646059328,"G6B1-LGM","Male"
"L619-MQH",23646059336,"934P-X69","Male"
"L619-MQH",23646059337,"GLVM-QFF","Female"
"LDSS-ZMW",23646059340,"LDSS-8WS","Male"
"LDSS-ZMW",23646059341,"9ZCG-R7L","Female"
"LDSS-ZMD",23646059342,"LRHH-9JN","Male"
"LDSS-ZMD",23646059343,"LZGK-6BD","Female"
"LLCW-6W8",23646059344,"GWK5-T5S","Male"
"LLCW-6W8",23646059345,"GWKR-4T6","Female"
"LBSY-43P",23646059348,"L619-MQH","Male"
"LBSY-43P",23646059349,"GK8M-8WF","Female"
"L8M6-YWJ",23646059350,"LDSS-ZMW","Male"
"L8M6-YWJ",23646059351,"LDSS-ZMD","Female"
"9HGP-DBV",23646059352,"GDLQ-MX5","Male"
"9HGP-DBV",23646059353,"LY72-MRC","Female"
"LXWD-248",23646059354,"GXGS-JGW","Male"
"LXWD-248",23646059355,"L8T9-YR8","Female"
"L1Z8-522",23646059360,"99Y7-MCD","Male"
"L1Z8-522",23646059361,"LBKM-9MP","Female"
"L1S4-4N9",23646059362,"L1QG-G8M","Male"
"L1S4-4N9",23646059363,"LD97-QLP","Female"
"LDW5-FB6",23646059364,"LDW5-66P","Male"
"LDW5-FB6",23646059365,"LDW5-623","Female"
"LDW5-N39",23646059366,"KCXK-S69","Male"
"LDW5-N39",23646059367,"GJR2-7VD","Female"
"M4N1-6BT",23646059368,"MKKN-R3H","Male"
"M4N1-6BT",23646059369,"9Q6D-L88","Female"
"L8PY-H7K",23646059370,"K417-PHT","Male"
"L8PY-H7K",23646059371,"9S3D-N8F","Female"
"LJRG-7ST",23646059384,"GN9S-PHK","Male"
"28WM-FQ6",23646059386,"9HV8-NJK","Male"
"28WM-FQ6",23646059387,"GV2T-G5N","Female"
"GDTX-41X",23646059388,"G6Y8-CVK","Male"
"GX4S-QCJ",23646059390,"L8MP-TBP","Male"
"GX4S-QCJ",23646059391,"GQPW-RMC","Female"
"LS68-F4Z",23646059392,"LQ56-1QX","Male"
"LS68-F4Z",23646059393,"GWMM-HHB","Female"
"M256-FF4",23646059428,"LK3R-8J7","Male"
"M256-FF4",23646059429,"GJ6N-1YL","Female"
"LH1T-486",23646059430,"99JL-VFV","Male"
"LH1T-486",23646059431,"GCS7-3JP","Female"
"GM75-BMY",23646059432,"G8W1-69Y","Male"
"GM75-BMY",23646059433,"GXQV-1YQ","Female"
"G8W1-HLX",23646059434,"GD1C-5T6","Male"
"LBJZ-7TV",23646059448,"GJQQ-LFS","Male"
"LBJZ-7TV",23646059449,"GDCW-HBV","Female"
"LZ8Y-GQM",23646059456,"LZFB-W1L","Male"
"LZ8Y-GQM",23646059457,"GK4Q-9CH","Female"
"G84H-1YB",23646059458,"GH3J-W4T","Male"
"G84H-1YB",23646059459,"GHHV-HD8","Female"
"GGYS-CMR",23646059460,"GGY9-NV6","Male"
"GGYS-CMR",23646059461,"GGY9-B5K","Female"
"GN9D-2BS",23646059462,"G8XJ-QH9","Male"
"GN9D-2BS",23646059463,"LVL1-K2M","Female"
"LBL6-LW3",23646059464,"GXDM-JXD","Male"
"LBL6-LW3",23646059465,"L85Z-921","Female"
"G4YN-6FY",23646059466,"L811-RJ3","Male"
"G4YN-6FY",23646059467,"LDHQ-589","Female"
"GWMF-GL3",23646059468,"L7LL-FB1","Male"
"GWMF-GL3",23646059469,"LZVR-GMG","Female"
"LVK4-6GN",23646059470,"M1TN-H75","Male"
"LVK4-6GN",23646059471,"GHRS-RJY","Female"
"L8W6-CCS",23646059472,"9ZCW-GRV","Male"
"L8W6-CCS",23646059473,"G6JZ-CRF","Female"
"G7ZW-KZQ",23646059474,"LYQ5-67Y","Male"
"G7ZW-KZQ",23646059475,"GGR4-9CN","Female"
"LH86-HY5",23646059480,"KNDD-84D","Male"
"LH86-HY5",23646059481,"GQQX-89B","Female"
"GZRV-4MX",23646059482,"LR6N-PQP","Male"
"GZRV-4MX",23646059483,"LDSS-RGB","Female"
"LTGT-MY8",23646059484,"G8W1-ZV8","Male"
"LTGT-MY8",23646059485,"9HT5-B49","Female"
"G935-88D",23646059488,"GD3P-3HD","Male"
"G935-88D",23646059489,"L1NG-DT9","Female"
"LBH1-CN5",23646059504,"9ZZ1-5Z1","Male"
"LBH1-CN5",23646059505,"G91P-199","Female"
"9S8D-D66",23646059508,"GXRR-LZX","Male"
"GSHP-SHH",23646059512,"LT3M-GVB","Male"
"GSHP-SHH",23646059513,"GMNR-6FT","Female"
"M5YG-KD2",23646059516,"MVPP-6V1","Male"
"M5YG-KD2",23646059517,"9H6R-RX2","Female"
"9H8X-KY4",23646059518,"9CJ7-MYH","Male"
"9H8X-KY4",23646059519,"KZ5G-H74","Female"
"L7LL-FB1",23646059520,"GGJ6-93F","Male"
"L7LL-FB1",23646059521,"94RZ-9KC","Female"
"LZVR-GMG",23646059522,"L18X-ZNH","Male"
"LZVR-GMG",23646059523,"MVL6-5PR","Female"
"93LF-J1V",23646059524,"L1HZ-WR2","Male"
"93LF-J1V",23646059525,"MDWC-L73","Female"
"931M-DSZ",23646059526,"KFLG-12B","Male"
"931M-DSZ",23646059527,"M5YG-GGX","Female"
"LHYG-XJF",23646059528,"M1TN-H75","Male"
"LHYG-XJF",23646059529,"GHRS-RJY","Female"
"GDGW-LRZ",23646059530,"LJ4D-ZCK","Male"
"GDGW-LRZ",23646059531,"9S1L-ZP2","Female"
"2JFF-BQB",23646059532,"G87Q-Z3W","Male"
"2JFF-BQB",23646059533,"GC32-FML","Female"
"K83K-RFX",23646059535,"G2GZ-4JW","Female"
"LZGQ-LJX",23646059536,"KDQW-JTJ","Male"
"LZGQ-LJX",23646059537,"LDS9-GGV","Female"
"KDQH-DJG",23646059538,"L1DD-JMP","Male"
"KDQH-DJG",23646059539,"9WY9-HRJ","Female"
"GL9R-YL9",23646059540,"LD95-VV6","Male"
"GL9R-YL9",23646059541,"9H2F-HV5","Female"
"LDHQ-P5F",23646059542,"LD9R-RB7","Male"
"LDHQ-P5F",23646059543,"LDSS-6H5","Female"
"K8D7-F5D",23646059544,"LZS9-ZC2","Male"
"K8D7-F5D",23646059545,"LZ61-F76","Female"
"LDZ2-8G7",23646059548,"KNXX-WBQ","Male"
"LDZ2-8G7",23646059549,"LDZ2-8LP","Female"
"LY6V-8G3",23646059550,"LDMT-HMZ","Male"
"LY6V-8G3",23646059551,"LD91-ST3","Female"
"LH7S-18K",23646059552,"LDW2-7WW","Male"
"LH7S-18K",23646059553,"LH7S-12Y","Female"
"LDSV-5Q1",23646059554,"LDSQ-XRK","Male"
"LDSV-5Q1",23646059555,"LCFL-9DP","Female"
"LYGH-JR3",23646059556,"LD9R-RB7","Male"
"LYGH-JR3",23646059557,"LDSS-6H5","Female"
"LZVR-GMG",23646059558,"L18X-ZNH","Male"
"LZVR-GMG",23646059559,"MVL6-5PR","Female"
"GNYN-63S",23646059560,"L8YY-G2B","Male"
"GNYN-63S",23646059561,"93BR-9XQ","Female"
"LBDM-38D",23646059562,"L8R2-SJ9","Male"
"LBDM-38D",23646059563,"LCXP-QW3","Female"
"9H16-YMP",23646059564,"L18B-R3G","Male"
"9H16-YMP",23646059565,"KDQH-DJG","Female"
"L82R-5HJ",23646059566,"LD9R-5G3","Male"
"L82R-5HJ",23646059567,"M897-QTS","Female"
"G7L7-K4V",23646059568,"GJN4-XTB","Male"
"G7L7-K4V",23646059569,"GVSX-46Q","Female"
"GVMM-WY2",23646059570,"GSD6-K7P","Male"
"GVMM-WY2",23646059571,"G6WQ-WBM","Female"
"LZJX-4WX",23646059572,"G95X-P39","Male"
"LZJX-4WX",23646059573,"GSBX-MD1","Female"
"2ZVG-JS3",23646059574,"L1QG-G8M","Male"
"2ZVG-JS3",23646059575,"LD97-QLP","Female"
"94BN-14G",23646059576,"G27Z-3CW","Male"
"94BN-14G",23646059577,"G27Z-QDV","Female"
"GQP1-GKY",23646059580,"G6MW-WVX","Male"
"GQP1-GKY",23646059581,"GX82-GBC","Female"
"LD33-H5D",23646059582,"GMXF-JSD","Male"
"LD33-H5D",23646059583,"GQSG-1F8","Female"
"GGS1-ZP5",23646059588,"GGS1-V6Q","Male"
"GGS1-ZP5",23646059589,"G4PV-VBR","Female"
"9CJ7-366",23646059584,"GGJD-J7J","Male"
"9CJ7-366",23646059585,"GGJ6-SCY","Female"
"L8YM-6TB",23646059586,"GL64-75Z","Male"
"L8YM-6TB",23646059587,"9C46-RRR","Female"
"LD9R-5G3",23646059592,"LD9R-RCZ","Male"
"LD9R-5G3",23646059593,"MBWQ-SF3","Female"
"M897-QTS",23646059594,"L1R3-QH7","Male"
"M897-QTS",23646059595,"M33Z-FHV","Female"
"GHJP-XZD",23646059596,"L8R2-SJ9","Male"
"GHJP-XZD",23646059597,"LCXP-QW3","Female"
"9ZHQ-5BN",23646059600,"LDL5-RBZ","Male"
"9ZHQ-5BN",23646059601,"LZZ3-SKR","Female"
"L4JJ-5SL",23646059604,"GQQH-N8X","Male"
"L4JJ-5SL",23646059605,"LJ2S-X9N","Female"
"9Z8X-1VX",23646059608,"L2SG-RHC","Male"
"9Z8X-1VX",23646059609,"GX4P-D1J","Female"
"9Z8X-1VF",23646059610,"9Z4Y-476","Male"
"9Z8X-1VF",23646059611,"G396-J2Q","Female"
"LDW5-66P",23646059616,"LD9R-RB7","Male"
"LDW5-66P",23646059617,"LDSS-6H5","Female"
"LDW5-623",23646059618,"LDMT-HMZ","Male"
"LDW5-623",23646059619,"LD91-ST3","Female"
"LYYN-GWQ",23646059620,"L6JX-69T","Male"
"LYYN-GWQ",23646059621,"LT1B-6DX","Female"
"LDSM-4M1",23646059622,"KHQ6-TFB","Male"
"LDSM-4M1",23646059623,"LDSM-H39","Female"
"LYX7-C8M",23646059624,"MGTC-QTS","Male"
"LYX7-C8M",23646059625,"LB23-RVZ","Female"
"L5NV-7ZQ",23646059626,"9HNL-1HB","Male"
"L5NV-7ZQ",23646059627,"L1TH-HRK","Female"
"998F-RYD",23646059628,"GLB9-C37","Male"
"998F-RYD",23646059629,"G2YH-9WG","Female"
"9WYV-M96",23646059630,"GLW3-1SY","Male"
"9WYV-M96",23646059631,"998F-RBL","Female"
"L8B9-VWR",23646059632,"G9FS-D2J","Male"
"L8B9-VWR",23646059633,"GC9C-89Q","Female"
"9S8J-R9Z",23646059634,"9H27-6Y3","Male"
"9S8J-R9Z",23646059635,"MWBC-XS5","Female"
"LBLQ-5TN",23646059636,"GV18-6H7","Male"
"LBLQ-5TN",23646059637,"GVQY-MVQ","Female"
"G3KW-NLD",23646059638,"M1TN-H75","Male"
"G3KW-NLD",23646059639,"GHRS-RJY","Female"
"9CS3-646",23646059640,"9H17-VTZ","Male"
"9CS3-646",23646059641,"LY57-55F","Female"
"LH1T-486",23646059642,"99JL-VFV","Male"
"LH1T-486",23646059643,"GCS7-3JP","Female"
"LBXC-4KY",23646059644,"LBNP-5M3","Male"
"LBXC-4KY",23646059645,"G4SG-NWR","Female"
"M49C-X4T",23646059646,"LVVW-QMC","Male"
"M49C-X4T",23646059647,"GLGS-JN3","Female"
"M1DV-XGP",23646059648,"LBJM-VXF","Male"
"M1DV-XGP",23646059649,"LBDM-38D","Female"
"L19S-RGW",23646059650,"MSZC-Z12","Male"
"L19S-RGW",23646059651,"MFDV-SRR","Female"
"L8BS-C55",23646059652,"LRHD-9QV","Male"
"L8BS-C55",23646059653,"LB28-GGJ","Female"
"9Z45-3FJ",23646059654,"9HYM-8LQ","Male"
"9Z45-3FJ",23646059655,"99VV-38W","Female"
"9HLX-GWL",23646059656,"L8TT-FPL","Male"
"9HLX-GWL",23646059657,"L8TT-FPP","Female"
"LC7J-KH4",23646059658,"KC9S-MPC","Male"
"LC7J-KH4",23646059659,"L7JF-2YC","Female"
"LBV3-PXG",23646059660,"LDQ2-Z4X","Male"
"LBV3-PXG",23646059661,"LDS9-G7Q","Female"
"L8WB-MRM",23646059662,"9MC4-P9B","Male"
"L8WB-MRM",23646059663,"9W15-B8Y","Female"
"998F-RYD",23646059664,"GLB9-C37","Male"
"998F-RYD",23646059665,"G2YH-9WG","Female"
"9WYV-M96",23646059666,"GLW3-1SY","Male"
"9WYV-M96",23646059667,"998F-RBL","Female"
"L8T2-WP2",23646059668,"L1MT-98D","Male"
"L8T2-WP2",23646059669,"G6T4-VHF","Female"
"LQR2-NXQ",23646059670,"LYGH-JR3","Male"
"LQR2-NXQ",23646059671,"L8WY-474","Female"
"MQBD-YLM",23646059672,"LJLB-5ML","Male"
"MQBD-YLM",23646059673,"L15Q-8X5","Female"
"GV6W-S6F",23646059674,"MW9F-FGX","Male"
"GV6W-S6F",23646059675,"KC21-XJJ","Female"
"LZ18-2BL",23646059676,"LHNV-F14","Male"
"LZ18-2BL",23646059677,"LZ18-2RK","Female"
"LZ18-L3N",23646059678,"LD78-CYZ","Male"
"LZ18-L3N",23646059679,"LZ18-LSK","Female"
"G2B3-DPQ",23646059696,"LZ56-C7W","Male"
"G2B3-DPQ",23646059697,"G217-CMH","Female"
"G2B3-RT9",23646059700,"LZ78-C6G","Male"
"G2B3-RT9",23646059701,"KVFN-V9M","Female"
"GFZ7-L5X",23646059702,"GSY8-G8W","Male"
"GFZ7-L5X",23646059703,"GSY8-P1N","Female"
"LYX7-C8M",23646059712,"MGTC-QTS","Male"
"LYX7-C8M",23646059713,"LB23-RVZ","Female"
"L5NV-7ZQ",23646059714,"9HNL-1HB","Male"
"L5NV-7ZQ",23646059715,"L1TH-HRK","Female"
"998F-RYD",23646059716,"GLB9-C37","Male"
"998F-RYD",23646059717,"G2YH-9WG","Female"
"9WYV-M96",23646059718,"GLW3-1SY","Male"
"9WYV-M96",23646059719,"998F-RBL","Female"
"LCYS-RM7",23646059720,"G95D-VPB","Male"
"LCYS-RM7",23646059721,"94N6-VR2","Female"
"LZ69-FWS",23646059722,"99Y7-8XZ","Male"
"LZ69-FWS",23646059723,"9HDM-MMD","Female"
"LDWL-NG9",23646059724,"LBQ7-VCK","Male"
"LDWL-NG9",23646059725,"LZSJ-4MJ","Female"
"LY1W-YGL",23646059728,"998F-RYD","Male"
"LY1W-YGL",23646059729,"9WYV-M96","Female"
"93T9-FVT",23646059730,"LZ1V-KTQ","Male"
"93T9-FVT",23646059731,"GDN3-LQK","Female"
"KFLG-1TM",23646059732,"G468-KW6","Male"
"KFLG-1TM",23646059733,"GW9P-PVT","Female"
"GNX2-HHL",23646059734,"GWLB-Q3R","Male"
"GNX2-HHL",23646059735,"GWLB-32G","Female"
"GCQG-FB3",23646059736,"L1Y9-2YH","Male"
"GCQG-FB3",23646059737,"GCWL-D2S","Female"
"GGCX-4HH",23646059746,"LYZ9-HQJ","Male"
"GGCX-4HH",23646059747,"MYBX-C2G","Female"
"L1TH-WVP",23646059748,"L1TH-CHT","Male"
"L1TH-WVP",23646059749,"L1TH-WV2","Female"
"9Q3T-9PC",23646059750,"LYZ9-HQJ","Male"
"9Q3T-9PC",23646059751,"9SM1-17D","Female"
"LDW5-66P",23646059776,"LD9R-RB7","Male"
"LDW5-66P",23646059777,"LDSS-6H5","Female"
"LDW5-623",23646059778,"LDMT-HMZ","Male"
"LDW5-623",23646059779,"LD91-ST3","Female"
"LYYN-GWQ",23646059780,"L6JX-69T","Male"
"LYYN-GWQ",23646059781,"LT1B-6DX","Female"
"LDSM-4M1",23646059782,"KHQ6-TFB","Male"
"LDSM-4M1",23646059783,"LDSM-H39","Female"
"LYX7-C8M",23646059784,"MGTC-QTS","Male"
"LYX7-C8M",23646059785,"LB23-RVZ","Female"
"L5NV-7ZQ",23646059786,"9HNL-1HB","Male"
"L5NV-7ZQ",23646059787,"L1TH-HRK","Female"
"998F-RYD",23646059788,"GLB9-C37","Male"
"998F-RYD",23646059789,"G2YH-9WG","Female"
"9WYV-M96",23646059790,"GLW3-1SY","Male"
"9WYV-M96",23646059791,"998F-RBL","Female"
"L51Z-XMG",23646059792,"GJ8K-PWG","Male"
"L51Z-XMG",23646059793,"LJYH-M8G","Female"
"KZTY-WSH",23646059794,"LJ4D-ZCK","Male"
"KZTY-WSH",23646059795,"9S1L-ZP2","Female"
"9H17-VTZ",23646059796,"LZGQ-LJX","Male"
"9H17-VTZ",23646059797,"KDQH-DJG","Female"
"LY57-55F",23646059798,"GL9R-YL9","Male"
"LY57-55F",23646059799,"LDHQ-P5F","Female"
"KF51-BG4",23646059800,"9CXC-QVJ","Male"
"KF51-BG4",23646059801,"LCRK-1WX","Female"
"LBWR-LCB",23646059802,"KHQ6-TFB","Male"
"LBWR-LCB",23646059803,"LDSM-H39","Female"
"9HFS-58G",23646059804,"G4FD-78X","Male"
"9HFS-58G",23646059805,"GJWS-475","Female"
"L62Z-DDQ",23646059806,"G3SD-DNY","Male"
"L62Z-DDQ",23646059807,"GX47-24Y","Female"
"GH7M-SN1",23646059808,"LM1H-8JF","Male"
"GH7M-SN1",23646059809,"LBDD-T2H","Female"
"M1TK-CR7",23646059810,"LYJ2-TZG","Male"
"M1TK-CR7",23646059811,"LYJ2-LF5","Female"
"9CSQ-RVL",23646059812,"G95M-WZ9","Male"
"9CSQ-RVL",23646059813,"9V7R-KN5","Female"
"GKNH-2K7",23646059814,"LDW2-QX1","Male"
"GKNH-2K7",23646059815,"267Y-B3F","Female"
"935X-1CT",23646059816,"LH8G-2RH","Male"
"935X-1CT",23646059817,"LDW2-7JJ","Female"
"LZS3-9ZK",23646059818,"KHQ6-TFB","Male"
"LZS3-9ZK",23646059819,"LDSM-H39","Female"
"L812-GLB",23646059820,"LDW2-TDB","Male"
"L812-GLB",23646059821,"LTG4-3S1","Female"
"GKNH-2K7",23646059822,"LDW2-QX1","Male"
"GKNH-2K7",23646059823,"267Y-B3F","Female"
"LZ1V-KTQ",23646059824,"9MWR-GHW","Male"
"LZ1V-KTQ",23646059825,"LZ1V-KT6","Female"
"GDN3-LQK",23646059826,"LH8G-2RH","Male"
"GDN3-LQK",23646059827,"LDW2-7JJ","Female"
"LBTD-DM3",23646059828,"GL9R-YL9","Male"
"LBTD-DM3",23646059829,"LDHQ-P5F","Female"
"LDSM-4M1",23646059830,"KHQ6-TFB","Male"
"LDSM-4M1",23646059831,"LDSM-H39","Female"
"GWMF-GL3",23646059832,"L7LL-FB1","Male"
"GWMF-GL3",23646059833,"LZVR-GMG","Female"
"LDSM-QN8",23646059834,"93LF-J1V","Male"
"LDSM-QN8",23646059835,"931M-DSZ","Female"
"LB4Q-HKB",23646059836,"LHYG-XJF","Male"
"LB4Q-HKB",23646059837,"GDGW-LRZ","Female"
"LZ4V-V9Y",23646059838,"2JFF-BQB","Male"
"LZ4V-V9Y",23646059839,"K83K-RFX","Female"
"998F-RYD",23646059840,"GLB9-C37","Male"
"998F-RYD",23646059841,"G2YH-9WG","Female"
"9WYV-M96",23646059842,"GLW3-1SY","Male"
"9WYV-M96",23646059843,"998F-RBL","Female"
"L8T2-WP2",23646059844,"L1MT-98D","Male"
"L8T2-WP2",23646059845,"G6T4-VHF","Female"
"LQR2-NXQ",23646059846,"LYGH-JR3","Male"
"LQR2-NXQ",23646059847,"L8WY-474","Female"
"M1DV-XGP",23646059848,"LBJM-VXF","Male"
"M1DV-XGP",23646059849,"LBDM-38D","Female"
"L19S-RGW",23646059850,"MSZC-Z12","Male"
"L19S-RGW",23646059851,"MFDV-SRR","Female"
"L8BS-C55",23646059852,"LRHD-9QV","Male"
"L8BS-C55",23646059853,"LB28-GGJ","Female"
"9Z45-3FJ",23646059854,"9HYM-8LQ","Male"
"9Z45-3FJ",23646059855,"99VV-38W","Female"
"LDY5-WRL",23646059856,"G9C2-JC3","Male"
"LDY5-WRL",23646059857,"LLCG-1DK","Female"
"LH8H-YJQ",23646059860,"G929-BHT","Male"
"LH8H-YJQ",23646059861,"GLQD-YT8","Female"
"GVM3-D5C",23646059862,"GLTG-P3R","Male"
"GVM3-D5C",23646059863,"GLRP-57M","Female"
"KHW8-PT2",23646059864,"LDSS-R24","Male"
"KHW8-PT2",23646059865,"GHJB-RRM","Female"
"LT73-7PS",23646059866,"LR6N-PQP","Male"
"LT73-7PS",23646059867,"LDSS-RGB","Female"
"9CJ7-MYH",23646059868,"9Z8X-1VX","Male"
"9CJ7-MYH",23646059869,"9Z8X-1VF","Female"
"GWMF-GL3",23646059872,"L7LL-FB1","Male"
"GWMF-GL3",23646059873,"LZVR-GMG","Female"
"LDSM-QN8",23646059874,"93LF-J1V","Male"
"LDSM-QN8",23646059875,"931M-DSZ","Female"
"LB4Q-HKB",23646059876,"LHYG-XJF","Male"
"LB4Q-HKB",23646059877,"GDGW-LRZ","Female"
"LZ4V-V9Y",23646059878,"2JFF-BQB","Male"
"LZ4V-V9Y",23646059879,"K83K-RFX","Female"
"9H17-VTZ",23646059880,"LZGQ-LJX","Male"
"9H17-VTZ",23646059881,"KDQH-DJG","Female"
"LY57-55F",23646059882,"GL9R-YL9","Male"
"LY57-55F",23646059883,"LDHQ-P5F","Female"
"KN4J-P1M",23646059884,"K8D7-F5D","Male"
"KN4J-P1M",23646059885,"L8MB-CYC","Female"
"L8M6-YW7",23646059886,"LDZ2-8G7","Male"
"L8M6-YW7",23646059887,"LY6V-8G3","Female"
"LDQ2-Z4X",23646059888,"LH7S-18K","Male"
"LDQ2-Z4X",23646059889,"LDSV-5Q1","Female"
"LDS9-G7Q",23646059890,"LYGH-JR3","Male"
"LDS9-G7Q",23646059891,"LZVR-GMG","Female"
"9MC4-P9B",23646059892,"GNYN-63S","Male"
"9MC4-P9B",23646059893,"LBDM-38D","Female"
"9W15-B8Y",23646059894,"9H16-YMP","Male"
"9W15-B8Y",23646059895,"L82R-5HJ","Female"
"GVX1-XXB",23646059896,"G7L7-K4V","Male"
"GVX1-XXB",23646059897,"GVMM-WY2","Female"
"LYR8-2CF",23646059898,"LZJX-4WX","Male"
"LYR8-2CF",23646059899,"2ZVG-JS3","Female"
"LYK6-S2M",23646059900,"94BN-14G","Male"
"LYK6-S2M",23646059901,"LZBC-NVG","Female"
"G236-Z9L",23646059902,"GQP1-GKY","Male"
"G236-Z9L",23646059903,"LD33-H5D","Female"
"LYJ2-TZG",23646059904,"LBX8-DDN","Male"
"LYJ2-TZG",23646059905,"LDW2-4JB","Female"
"LYJ2-LF5",23646059906,"M1S9-5V6","Male"
"GSW1-4MT",23646059908,"G8WY-NB7","Male"
"GSW1-4MT",23646059909,"9Z8H-QFQ","Female"
"L28C-QYX",23646059910,"935X-1CT","Male"
"L28C-QYX",23646059911,"LZS3-9ZK","Female"
"GKZZ-G86",23646059912,"G2C4-QBG","Male"
"GKZZ-G86",23646059913,"LYKL-Q41","Female"
"GG3V-MT8",23646059914,"GKZZ-32Y","Male"
"GG3V-MT8",23646059915,"L17Y-BLH","Female"
"G4D6-T9T",23646059916,"GJ4X-C6N","Male"
"G4D6-T9T",23646059917,"G4QS-TSJ","Female"
"GNXV-D5B",23646059918,"GNXV-C33","Male"
"GNXV-D5B",23646059919,"GS4N-539","Female"
"GX28-5SG",23646059920,"GX2Q-HY5","Male"
"GX28-5SG",23646059921,"GKZZ-JVH","Female"
"GK94-G65",23646059922,"GJBS-C31","Male"
"GK94-G65",23646059923,"GXQT-DLW","Female"
"9CSQ-RVL",23646059924,"G95M-WZ9","Male"
"9CSQ-RVL",23646059925,"9V7R-KN5","Female"
"GKNH-2K7",23646059926,"LDW2-QX1","Male"
"GKNH-2K7",23646059927,"267Y-B3F","Female"
"GJZ1-VHV",23646059928,"GKZZ-FLZ","Male"
"GJZ1-VHV",23646059929,"GKFB-368","Female"
"GKFJ-3NP",23646059934,"GJ89-N8N","Male"
"GKFJ-3NP",23646059935,"GLCM-C2W","Female"
"LZ1V-KTQ",23646059936,"9MWR-GHW","Male"
"LZ1V-KTQ",23646059937,"LZ1V-KT6","Female"
"GDN3-LQK",23646059938,"LH8G-2RH","Male"
"GDN3-LQK",23646059939,"LDW2-7JJ","Female"
"LBTD-DM3",23646059940,"GL9R-YL9","Male"
"LBTD-DM3",23646059941,"LDHQ-P5F","Female"
"LDSM-4M1",23646059942,"KHQ6-TFB","Male"
"LDSM-4M1",23646059943,"LDSM-H39","Female"
"GWMF-GL3",23646059944,"L7LL-FB1","Male"
"GWMF-GL3",23646059945,"LZVR-GMG","Female"
"LDSM-QN8",23646059946,"93LF-J1V","Male"
"LDSM-QN8",23646059947,"931M-DSZ","Female"
"LB4Q-HKB",23646059948,"LHYG-XJF","Male"
"LB4Q-HKB",23646059949,"GDGW-LRZ","Female"
"LZ4V-V9Y",23646059950,"2JFF-BQB","Male"
"LZ4V-V9Y",23646059951,"K83K-RFX","Female"
"L51Z-XMG",23646059952,"GJ8K-PWG","Male"
"L51Z-XMG",23646059953,"LJYH-M8G","Female"
"KZTY-WSH",23646059954,"LJ4D-ZCK","Male"
"KZTY-WSH",23646059955,"9S1L-ZP2","Female"
"9H17-VTZ",23646059956,"LZGQ-LJX","Male"
"9H17-VTZ",23646059957,"KDQH-DJG","Female"
"LY57-55F",23646059958,"GL9R-YL9","Male"
"LY57-55F",23646059959,"LDHQ-P5F","Female"
"LBL3-PTN",23646059960,"M1VS-25N","Male"
"LBL3-PTN",23646059961,"LDSS-KHY","Female"
"LZG2-MSS",23646059962,"LYKM-HPT","Male"
"LZG2-MSS",23646059963,"GJK2-FPZ","Female"
"KN4J-P1M",23646059964,"K8D7-F5D","Male"
"KN4J-P1M",23646059965,"L8MB-CYC","Female"
"L8M6-YW7",23646059966,"LDZ2-8G7","Male"
"L8M6-YW7",23646059967,"LY6V-8G3","Female"
"GKDY-KLB",23646059968,"9HST-9PV","Male"
"GKDY-KLB",23646059969,"GNQH-HYL","Female"
"G6MT-Z2P",23646059970,"GJND-GTY","Male"
"G6MT-Z2P",23646059971,"G6QD-G3J","Female"
"LD78-CYZ",23646059972,"LHG4-N8V","Male"
"LD78-CYZ",23646059973,"LDW2-QLB","Female"
"LZ18-LSK",23646059974,"MGTC-QTS","Male"
"LZ18-LSK",23646059975,"LB23-RVZ","Female"
"LKPK-JYB",23646059976,"LYSL-M94","Male"
"LKPK-JYB",23646059977,"GKQY-VR6","Female"
"9CZJ-FHN",23646059978,"LD95-VV6","Male"
"9CZJ-FHN",23646059979,"LDS9-GP7","Female"
"L8WY-4K5",23646059980,"L7DH-8LR","Male"
"L8WY-4K5",23646059981,"LBLP-XKT","Female"
"MKG4-RM3",23646059982,"LBLP-Q79","Male"
"MKG4-RM3",23646059983,"LYJ7-NW3","Female"
"998F-RYD",23646059984,"GLB9-C37","Male"
"998F-RYD",23646059985,"G2YH-9WG","Female"
"9WYV-M96",23646059986,"GLW3-1SY","Male"
"9WYV-M96",23646059987,"998F-RBL","Female"
"LZ1V-KTQ",23646059988,"9MWR-GHW","Male"
"LZ1V-KTQ",23646059989,"LZ1V-KT6","Female"
"GDN3-LQK",23646059990,"LH8G-2RH","Male"
"GDN3-LQK",23646059991,"LDW2-7JJ","Female"
"LKPF-K3S",23646059992,"LZ1V-KTQ","Male"
"LKPF-K3S",23646059993,"GDN3-LQK","Female"
"LZ1V-K5X",23646059994,"9HTP-WN5","Male"
"LZ1V-K5X",23646059995,"GGT2-D9P","Female"
"GXQJ-T8C",23646059996,"LYJ2-TZG","Male"
"GXQJ-T8C",23646059997,"LYJ2-LF5","Female"
"LV7M-MT9",23646059998,"LBTD-DM3","Male"
"LV7M-MT9",23646059999,"LDSM-4M1","Female"
"LYRG-LS2",23646060000,"LT5P-5HP","Male"
"9WM5-NQ7",23646060002,"GGLN-NMR","Male"
"L5P9-GVV",23646060004,"LYRL-5JV","Male"
"L5P9-GVV",23646060005,"LYR1-TPB","Female"
"L2PN-NHV",23646060006,"LC8T-BWR","Male"
"L2PN-NHV",23646060007,"946P-W6L","Female"
"99PY-HTK",23646060008,"LYJC-R6G","Male"
"99PY-HTK",23646060009,"L5VF-F9J","Female"
"L5VF-897",23646060010,"LZGW-978","Male"
"L5VF-897",23646060011,"LBGF-4RQ","Female"
"GHZM-JJK",23646060016,"M7KY-F9V","Male"
"GHZM-JJK",23646060017,"M7KY-FS7","Female"
"97LP-9RK",23646060018,"LC8T-BWR","Male"
"97LP-9RK",23646060019,"946P-W6L","Female"
"L5P9-GVV",23646060020,"LYRL-5JV","Male"
"L5P9-GVV",23646060021,"LYR1-TPB","Female"
"L2PN-NHV",23646060022,"LC8T-BWR","Male"
"L2PN-NHV",23646060023,"946P-W6L","Female"
"GL5N-63V",23646060028,"GL5N-FH9","Male"
"GL5N-63V",23646060029,"GL5F-5SM","Female"
"LBKB-VP5",23646060032,"GQMG-G62","Male"
"LBKB-VP5",23646060033,"GN4C-8ND","Female"
"LHLV-GKQ",23646060037,"G6R8-N1X","Female"
"LHLV-GKQ",23646060036,"G8KM-JF3","Male"
"M12G-SFX",23646060038,"LBM7-XLR","Male"
"M12G-SFX",23646060039,"LDSR-1Y7","Female"
"GNPG-M72",23646060116,"GNPG-MH8","Male"
"GNPG-M72",23646060117,"KFVP-R4Y","Female"
"LZRH-6VD",23646060120,"LY1Q-F7D","Male"
"LZRH-6VD",23646060121,"G6VH-KZ9","Female"
"9QQG-4DF",23646060122,"LKDZ-DHV","Male"
"9QQG-4DF",23646060123,"LYSB-S7B","Female"
"MGRJ-LP1",23646060288,"K1T8-C3G","Male"
"MGRJ-LP1",23646060289,"LZGR-FC8","Female"
"L8MP-2V2",23646060290,"LYQG-KX3","Male"
"L8MP-2V2",23646060291,"GSQB-YJ6","Female"
"9HVG-3HS",23646060292,"LYPR-VX5","Male"
"9HVG-3HS",23646060293,"LY6D-WK1","Female"
"MRRC-VW8",23646060294,"LY6D-VDY","Male"
"MRRC-VW8",23646060295,"LY6D-V66","Female"
"LYPR-VX5",23646060304,"GD65-2F2","Male"
"LYPR-VX5",23646060305,"KNSN-3NT","Female"
"LY6D-WK1",23646060306,"LT8Q-95L","Male"
"LY6D-WK1",23646060307,"G63V-9WW","Female"
"LY6D-VDY",23646060308,"KFRR-NHN","Male"
"LY6D-VDY",23646060309,"9QQN-L3P","Female"
"LY6D-V66",23646060310,"LVVK-HVJ","Male"
"LY6D-V66",23646060311,"GX26-XRJ","Female"
"GLT4-TVW",23646060312,"GDHY-7SR","Male"
"GLT4-TVW",23646060313,"GLTH-3M3","Female"
"K4LT-K4X",23646060316,"LD1R-LZF","Male"
"K4LT-K4X",23646060317,"LZ2K-W9Y","Female"
"LVV3-7SJ",23646060318,"9MH5-29J","Male"
"LVV3-7SJ",23646060319,"LZZW-6XG","Female"
"93QW-7B5",23646060320,"9WCC-XRD","Male"
"93QW-7B5",23646060321,"G3SZ-S8L","Female"
"LH86-HY5",23646060328,"KNDD-84D","Male"
"LH86-HY5",23646060329,"GQQX-89B","Female"
"GZRV-4MX",23646060330,"LR6N-PQP","Male"
"GZRV-4MX",23646060331,"LDSS-RGB","Female"
"LTGT-MY8",23646060332,"G8W1-ZV8","Male"
"LTGT-MY8",23646060333,"9HT5-B49","Female"
"9SPK-69R",23646060336,"LTWR-DQ6","Male"
"9SPK-69R",23646060337,"GX28-S5M","Female"
"GKHH-3WG",23646060338,"LY3P-BPB","Male"
"GKHH-3WG",23646060339,"M8X3-52W","Female"
"KDQZ-4C9",23646060340,"LZGX-NYL","Male"
"KDQZ-4C9",23646060341,"G3MQ-3C9","Female"
"GXX3-RNC",23646060342,"9CNZ-SHX","Male"
"GXX3-RNC",23646060343,"M692-VL6","Female"
"9HVG-3HS",23646060344,"LYPR-VX5","Male"
"9HVG-3HS",23646060345,"LY6D-WK1","Female"
"MRRC-VW8",23646060346,"LY6D-VDY","Male"
"MRRC-VW8",23646060347,"LY6D-V66","Female"
"9CX7-S59",23646060348,"GLT4-TVW","Male"
"934P-KGV",23646060350,"K4LT-K4X","Male"
"934P-KGV",23646060351,"LVV3-7SJ","Female"
"GGFC-X5N",23646060352,"LY8N-RRL","Male"
"GGFC-X5N",23646060353,"9ZC1-9W5","Female"
"LZZ4-564",23646060356,"GK1J-238","Male"
"LZZ4-564",23646060357,"G29N-C8T","Female"
"MHNN-NW9",23646060358,"GLGJ-DN1","Male"
"LBSY-43P",23646060360,"L619-MQH","Male"
"LBSY-43P",23646060361,"GK8M-8WF","Female"
"L8M6-YWJ",23646060362,"LDSS-ZMW","Male"
"L8M6-YWJ",23646060363,"LDSS-ZMD","Female"
"LHRH-LVR",23646060364,"L1Q8-65G","Male"
"LHRH-LVR",23646060365,"MXWH-HJ8","Female"
"L8YM-JSK",23646060366,"L8YB-8WZ","Male"
"L8YM-JSK",23646060367,"GFG3-G3F","Female"
"M256-FF4",23646060372,"LK3R-8J7","Male"
"M256-FF4",23646060373,"GJ6N-1YL","Female"
"LH1T-486",23646060374,"99JL-VFV","Male"
"LH1T-486",23646060375,"GCS7-3JP","Female"
"GM75-BMY",23646060376,"G8W1-69Y","Male"
"GM75-BMY",23646060377,"GXQV-1YQ","Female"
"G8W1-HLX",23646060378,"GD1C-5T6","Male"
"L1Z8-522",23646060384,"99Y7-MCD","Male"
"L1Z8-522",23646060385,"LBKM-9MP","Female"
"L1S4-4N9",23646060386,"L1QG-G8M","Male"
"L1S4-4N9",23646060387,"LD97-QLP","Female"
"9CJ7-MYH",23646060388,"9Z8X-1VX","Male"
"9CJ7-MYH",23646060389,"9Z8X-1VF","Female"
"GGM9-7L1",23646060400,"94T6-NJF","Male"
"GGM9-7L1",23646060401,"LBW9-Y2N","Female"
"GN11-RMC",23646060404,"9HVG-3HS","Male"
"GN11-RMC",23646060405,"MRRC-VW8","Female"
"G64M-51K",23646060406,"G6XL-6SW","Male"
"G64M-51K",23646060407,"G6XL-JYL","Female"
"GJ87-38Q",23646060412,"L6JX-4K1","Male"
"GJ87-38Q",23646060413,"LBS8-7SB","Female"
"LDRC-2QG",23646060414,"KCZD-JKX","Male"
"LDRC-2QG",23646060415,"K8LH-9LJ","Female"
"GJ15-2NP",23646060416,"G9M5-FF1","Male"
"GJ15-2NP",23646060417,"GN9F-M6Q","Female"
"LZGK-6BD",23646060418,"LZGQ-LJX","Male"
"LZGK-6BD",23646060419,"GG5V-KXG","Female"
"9CHV-B26",23646060420,"GNSH-WMX","Male"
"9CHV-B26",23646060421,"G215-3C9","Female"
"LC3N-52R",23646060426,"G2J9-N5G","Male"
"LC3N-52R",23646060427,"LT6Z-NRQ","Female"
"KHGK-FT4",23646060428,"M9L6-6YN","Male"
"KHGK-FT4",23646060429,"2MYM-NS1","Female"
"GZLL-ZY9",23646060430,"GD4S-KVF","Male"
"GZLL-ZY9",23646060431,"GX7F-TKC","Female"
"LCCR-Z5Z",23646060432,"GVHW-NRT","Male"
"LCCR-Z5Z",23646060433,"GKJV-BPC","Female"
"9CWM-CC2",23646060436,"9CHV-B26","Male"
"9CWM-CC2",23646060437,"LZ2Z-ZZ8","Female"
"LY27-P3Z",23646060438,"M9L6-6YN","Male"
"LY27-P3Z",23646060439,"2MYM-NS1","Female"
"LC3N-52R",23646060442,"G2J9-N5G","Male"
"LC3N-52R",23646060443,"LT6Z-NRQ","Female"
"KHGK-FT4",23646060444,"M9L6-6YN","Male"
"KHGK-FT4",23646060445,"2MYM-NS1","Female"
"GZLL-ZY9",23646060446,"GD4S-KVF","Male"
"GZLL-ZY9",23646060447,"GX7F-TKC","Female"
"M9L6-6YN",23646060448,"K84R-TMS","Male"
"M9L6-6YN",23646060449,"GGGW-RYH","Female"
"2MYM-NS1",23646060450,"LTF2-JTC","Male"
"2MYM-NS1",23646060451,"LKNM-HR3","Female"
"GD4S-KVF",23646060452,"L1QD-DXV","Male"
"GD4S-KVF",23646060453,"LD9P-M8N","Female"
"LH86-HY5",23646060456,"KNDD-84D","Male"
"LH86-HY5",23646060457,"GQQX-89B","Female"
"GZRV-4MX",23646060458,"LR6N-PQP","Male"
"GZRV-4MX",23646060459,"LDSS-RGB","Female"
"GN38-YJ6",23646060462,"LYRG-K5J","Male"
"GN38-YJ6",23646060463,"LBLP-PPD","Female"
"G29L-DN9",23646060464,"GQRQ-LYV","Male"
"G29L-DN9",23646060465,"G6TY-2YB","Female"
"GMVG-TRT",23646060480,"L8B9-R7W","Male"
"LB23-61T",23646060484,"GQ1N-HXB","Male"
"LB23-61T",23646060485,"GX7F-Z34","Female"
"LH73-BMR",23646060486,"G6T6-9H3","Male"
"LH73-BMR",23646060487,"G6TD-VWL","Female"
"LC3N-52R",23646060490,"G2J9-N5G","Male"
"LC3N-52R",23646060491,"LT6Z-NRQ","Female"
"KHGK-FT4",23646060492,"M9L6-6YN","Male"
"KHGK-FT4",23646060493,"2MYM-NS1","Female"
"GZLL-ZY9",23646060494,"GD4S-KVF","Male"
"GZLL-ZY9",23646060495,"GX7F-TKC","Female"
"9WC7-HXQ",23646060496,"LJB5-Z4Y","Male"
"9WC7-HXQ",23646060497,"29T1-RW8","Female"
"LDSS-ZMJ",23646060498,"LDSS-ZMW","Male"
"LDSS-ZMJ",23646060499,"LDSS-ZMD","Female"
"LY1D-RHM",23646060500,"GH7M-SN1","Male"
"LY1D-RHM",23646060501,"M1TK-CR7","Female"
"LT7P-H65",23646060502,"9CSQ-RVL","Male"
"LT7P-H65",23646060503,"GKNH-2K7","Female"
"L1Q8-65G",23646060504,"L1Z8-522","Male"
"L1Q8-65G",23646060505,"L1S4-4N9","Female"
"MXWH-HJ8",23646060506,"LDW5-FB6","Male"
"MXWH-HJ8",23646060507,"LDW5-N39","Female"
"L8YB-8WZ",23646060508,"M4N1-6BT","Male"
"L8YB-8WZ",23646060509,"L8PY-H7K","Female"
"GFG3-G3F",23646060510,"G8PF-7ZF","Male"
"KJ5F-4ZR",23646060544,"LZS9-ZC2","Male"
"KJ5F-4ZR",23646060545,"LZ61-F76","Female"
"LDMG-1HD",23646060546,"KZPV-BQM","Male"
"LDMG-1HD",23646060547,"MP6J-D9N","Female"
"GN9S-PHK",23646060576,"GWKF-XY9","Male"
"GN9S-PHK",23646060577,"GWKF-FBF","Female"
"9HV8-NJK",23646060580,"9HV8-NVS","Male"
"9HV8-NJK",23646060581,"L2TT-6C2","Female"
"G6Y8-CVK",23646060584,"G6Y5-V53","Male"
"L8MP-TBP",23646060588,"GQPW-7XG","Male"
"L8MP-TBP",23646060589,"G6G8-S9J","Female"
"G652-89H",23646060592,"LDSS-8LB","Male"
"G652-89H",23646060593,"G2RP-CG1","Female"
"GQJ4-YYT",23646060594,"GKZZ-9SN","Male"
"GQJ4-YYT",23646060595,"GLND-D3K","Female"
"G78W-VCW",23646060596,"GXB3-LRB","Male"
"G78W-VCW",23646060597,"G2N1-CGQ","Female"
"MM93-ND3",23646060598,"GLB1-ZRJ","Male"
"LDW5-66P",23646060600,"LD9R-RB7","Male"
"LDW5-66P",23646060601,"LDSS-6H5","Female"
"LDW5-623",23646060602,"LDMT-HMZ","Male"
"LDW5-623",23646060603,"LD91-ST3","Female"
"KCXK-S69",23646060604,"L8MB-ZMK","Male"
"KCXK-S69",23646060605,"MB1Q-ZWW","Female"
"GJR2-7VD",23646060606,"LDMT-W6R","Male"
"GJR2-7VD",23646060607,"LT83-H6M","Female"
"L7LL-FB1",23646060928,"GGJ6-93F","Male"
"L7LL-FB1",23646060929,"94RZ-9KC","Female"
"LZVR-GMG",23646060930,"L18X-ZNH","Male"
"LZVR-GMG",23646060931,"MVL6-5PR","Female"
"93LF-J1V",23646060932,"L1HZ-WR2","Male"
"93LF-J1V",23646060933,"MDWC-L73","Female"
"931M-DSZ",23646060934,"KFLG-12B","Male"
"931M-DSZ",23646060935,"M5YG-GGX","Female"
"LHYG-XJF",23646060936,"M1TN-H75","Male"
"LHYG-XJF",23646060937,"GHRS-RJY","Female"
"GDGW-LRZ",23646060938,"LJ4D-ZCK","Male"
"GDGW-LRZ",23646060939,"9S1L-ZP2","Female"
"2JFF-BQB",23646060940,"G87Q-Z3W","Male"
"2JFF-BQB",23646060941,"GC32-FML","Female"
"K83K-RFX",23646060943,"G2GZ-4JW","Female"
"LZGQ-LJX",23646060944,"KDQW-JTJ","Male"
"LZGQ-LJX",23646060945,"LDS9-GGV","Female"
"KDQH-DJG",23646060946,"L1DD-JMP","Male"
"KDQH-DJG",23646060947,"9WY9-HRJ","Female"
"GL9R-YL9",23646060948,"LD95-VV6","Male"
"GL9R-YL9",23646060949,"9H2F-HV5","Female"
"LDHQ-P5F",23646060950,"LD9R-RB7","Male"
"LDHQ-P5F",23646060951,"LDSS-6H5","Female"
"K8D7-F5D",23646060952,"LZS9-ZC2","Male"
"K8D7-F5D",23646060953,"LZ61-F76","Female"
"LDZ2-8G7",23646060956,"KNXX-WBQ","Male"
"LDZ2-8G7",23646060957,"LDZ2-8LP","Female"
"LY6V-8G3",23646060958,"LDMT-HMZ","Male"
"LY6V-8G3",23646060959,"LD91-ST3","Female"
"LJB5-Z4Y",23646060960,"9C32-7PC","Male"
"LJB5-Z4Y",23646060961,"M5YG-GGX","Female"
"29T1-RW8",23646060962,"93LF-J1V","Male"
"29T1-RW8",23646060963,"931M-DSZ","Female"
"LDSS-ZMW",23646060964,"LDSS-8WS","Male"
"LDSS-ZMW",23646060965,"9ZCG-R7L","Female"
"LDSS-ZMD",23646060966,"LRHH-9JN","Male"
"LDSS-ZMD",23646060967,"LZGK-6BD","Female"
"GH7M-SN1",23646060968,"LM1H-8JF","Male"
"GH7M-SN1",23646060969,"LBDD-T2H","Female"
"M1TK-CR7",23646060970,"LYJ2-TZG","Male"
"M1TK-CR7",23646060971,"LYJ2-LF5","Female"
"9CSQ-RVL",23646060972,"G95M-WZ9","Male"
"9CSQ-RVL",23646060973,"9V7R-KN5","Female"
"GKNH-2K7",23646060974,"LDW2-QX1","Male"
"GKNH-2K7",23646060975,"267Y-B3F","Female"
"L1Z8-522",23646060976,"99Y7-MCD","Male"
"L1Z8-522",23646060977,"LBKM-9MP","Female"
"L1S4-4N9",23646060978,"L1QG-G8M","Male"
"L1S4-4N9",23646060979,"LD97-QLP","Female"
"LDW5-FB6",23646060980,"LDW5-66P","Male"
"LDW5-FB6",23646060981,"LDW5-623","Female"
"LDW5-N39",23646060982,"KCXK-S69","Male"
"LDW5-N39",23646060983,"GJR2-7VD","Female"
"M4N1-6BT",23646060984,"MKKN-R3H","Male"
"M4N1-6BT",23646060985,"9Q6D-L88","Female"
"L8PY-H7K",23646060986,"K417-PHT","Male"
"L8PY-H7K",23646060987,"9S3D-N8F","Female"
"LBKB-VP5",23646061000,"GQMG-G62","Male"
"LBKB-VP5",23646061001,"GN4C-8ND","Female"
"LHLV-GKQ",23646061005,"G6R8-N1X","Female"
"LHLV-GKQ",23646061004,"G8KM-JF3","Male"
"M12G-SFX",23646061006,"LBM7-XLR","Male"
"M12G-SFX",23646061007,"LDSR-1Y7","Female"
"LD9R-5G3",23646061008,"LD9R-RCZ","Male"
"LD9R-5G3",23646061009,"MBWQ-SF3","Female"
"M897-QTS",23646061010,"L1R3-QH7","Male"
"M897-QTS",23646061011,"M33Z-FHV","Female"
"L2RM-X42",23646061012,"GJ15-2NP","Male"
"GK25-59W",23646061014,"G2S9-31X","Male"
"GK25-59W",23646061015,"G6G7-SXR","Female"
"KZGJ-SQ8",23646061016,"LYGH-JR3","Male"
"KZGJ-SQ8",23646061017,"L8WY-474","Female"
"L87F-RS8",23646061018,"9C8M-C8L","Male"
"L87F-RS8",23646061019,"GH7W-LP9","Female"
"9C8M-C8L",23646061020,"GSXR-ZTK","Male"
"9C8M-C8L",23646061021,"L1B9-5FC","Female"
"GH7W-LP9",23646061022,"G2QK-94H","Male"
"GH7W-LP9",23646061023,"G75J-1J1","Female"
"9HLK-V6W",23646061024,"GZPW-9T8","Male"
"9HLK-V6W",23646061025,"G27G-J45","Female"
"GGVB-2MK",23646061026,"949J-G8K","Male"
"GGVB-2MK",23646061027,"GGRJ-B45","Female"
"9H16-YMP",23646061028,"L18B-R3G","Male"
"9H16-YMP",23646061029,"KDQH-DJG","Female"
"L82R-5HJ",23646061030,"LD9R-5G3","Male"
"L82R-5HJ",23646061031,"M897-QTS","Female"
"KL1W-TKC",23646061032,"LCRQ-733","Male"
"KL1W-TKC",23646061033,"9QQG-6LZ","Female"
"GZB6-RRV",23646061040,"GXFT-K5G","Male"
"GZB6-RRV",23646061041,"GXFT-52R","Female"
"GZS7-11Y",23646061042,"GLBC-KZJ","Male"
"GXFT-NKS",23646061044,"GLBC-1SB","Male"
"GXFT-NKS",23646061045,"GLBZ-MGL","Female"
"GXV2-2CR",23646061046,"LHX4-SH2","Male"
"GXV2-2CR",23646061047,"29WQ-BY2","Female"
"LDHQ-8F9",23646061048,"9QZ9-C18","Male"
"LDHQ-8F9",23646061049,"LHKK-GP5","Female"
"LZ8G-FWR",23646061050,"GXDM-JXD","Male"
"LZ8G-FWR",23646061051,"L85Z-921","Female"
"L51Z-XMG",23646061052,"GJ8K-PWG","Male"
"L51Z-XMG",23646061053,"LJYH-M8G","Female"
"GJR2-7VD",23646061054,"LDMT-W6R","Male"
"GJR2-7VD",23646061055,"LT83-H6M","Female"
"G6BV-5KD",23646061056,"GG1X-LXL","Male"
"G6BV-5KD",23646061057,"GG1F-38W","Female"
"GG6Q-BJ7",23646061088,"GGXJ-WV2","Male"
"GG6Q-BJ7",23646061089,"MKXF-2V3","Female"
"GGBK-ZSM",23646061092,"GPS2-6VY","Male"
"GGBK-ZSM",23646061093,"G2N1-Z6Z","Female"
"GFPV-786",23646061120,"LCP2-CGK","Male"
"GFPV-786",23646061121,"M33Z-XLR","Female"
"GJ15-2NP",23646061168,"G9M5-FF1","Male"
"GJ15-2NP",23646061169,"GN9F-M6Q","Female"
"LZGK-6BD",23646061170,"LZGQ-LJX","Male"
"LZGK-6BD",23646061171,"GG5V-KXG","Female"
"9CHV-B26",23646061172,"GNSH-WMX","Male"
"9CHV-B26",23646061173,"G215-3C9","Female"
"G91P-199",23646061178,"GQYX-CZ8","Male"
"G91P-199",23646061179,"GVP1-JXX","Female"
"GGSV-LFL",23646061184,"GGZD-RQR","Male"
"GGSV-LFL",23646061185,"GL9M-YXL","Female"
"G7YH-3GJ",23646061200,"GV4P-VY5","Male"
"G7YH-3GJ",23646061201,"GGJD-JSR","Female"
"GC45-DB8",23646061202,"GZRK-SFB","Male"
"GC45-DB8",23646061203,"GVSP-WS2","Female"
"GLL2-BZV",23646061225,"G8W1-V4X","Female"
"GC4V-KPG",23646061228,"G891-N1Z","Male"
"GC4V-KPG",23646061229,"G3YQ-19T","Female"
"L175-67M",23646061230,"GGKJ-Z1T","Male"
"L175-67M",23646061231,"KL6C-XQV","Female"
"K84R-TMS",23646061232,"LDHB-RRD","Male"
"K84R-TMS",23646061233,"GKVP-QMK","Female"
"LTF2-JTC",23646061236,"9SJJ-97N","Male"
"LTF2-JTC",23646061237,"LZJG-K5N","Female"
"LKNM-HR3",23646061238,"LJ2H-W3S","Male"
"LKNM-HR3",23646061239,"LZ2S-DKM","Female"
"L1QD-DXV",23646061240,"GJ2V-WRY","Male"
"L1QD-DXV",23646061241,"G2CN-HW6","Female"
"LD9P-M8N",23646061242,"LD9P-MFB","Male"
"LD9P-M8N",23646061243,"LH6C-VKZ","Female"
"9C32-7PC",23646061248,"G7YH-3GJ","Male"
"9C32-7PC",23646061249,"GC45-DB8","Female"
"93LF-J1V",23646061252,"L1HZ-WR2","Male"
"93LF-J1V",23646061253,"MDWC-L73","Female"
"931M-DSZ",23646061254,"KFLG-12B","Male"
"931M-DSZ",23646061255,"M5YG-GGX","Female"
"LDSS-8WS",23646061256,"L7LT-X1D","Male"
"9ZCG-R7L",23646061258,"KZPV-BQM","Male"
"9ZCG-R7L",23646061259,"GG81-W5D","Female"
"LRHH-9JN",23646061260,"M1VS-25N","Male"
"LRHH-9JN",23646061261,"LDSS-KHY","Female"
"LZGK-6BD",23646061262,"LZGQ-LJX","Male"
"LZGK-6BD",23646061263,"GG5V-KXG","Female"
"LM1H-8JF",23646061264,"GL9R-YL9","Male"
"LM1H-8JF",23646061265,"LDHQ-P5F","Female"
"LBDD-T2H",23646061266,"G2G5-WJR","Male"
"LBDD-T2H",23646061267,"G2G5-FT5","Female"
"LYJ2-TZG",23646061268,"LBX8-DDN","Male"
"LYJ2-TZG",23646061269,"LDW2-4JB","Female"
"LYJ2-LF5",23646061270,"M1S9-5V6","Male"
"G95M-WZ9",23646061272,"G6RG-6XQ","Male"
"G95M-WZ9",23646061273,"GKNC-F3X","Female"
"9V7R-KN5",23646061274,"GLXF-42Z","Male"
"9V7R-KN5",23646061275,"GLXF-CH3","Female"
"LDW2-QX1",23646061276,"LH7S-18K","Male"
"LDW2-QX1",23646061277,"LDSV-5Q1","Female"
"99Y7-MCD",23646061280,"KN8N-WHW","Male"
"99Y7-MCD",23646061281,"9SYL-S5H","Female"
"LBKM-9MP",23646061282,"G67W-G57","Male"
"LBKM-9MP",23646061283,"MZHC-RBM","Female"
"L1QG-G8M",23646061284,"LDFZ-8Q1","Male"
"L1QG-G8M",23646061285,"LHPZ-VGH","Female"
"LDW5-66P",23646061288,"LD9R-RB7","Male"
"LDW5-66P",23646061289,"LDSS-6H5","Female"
"LDW5-623",23646061290,"LDMT-HMZ","Male"
"LDW5-623",23646061291,"LD91-ST3","Female"
"KCXK-S69",23646061292,"L8MB-ZMK","Male"
"KCXK-S69",23646061293,"MB1Q-ZWW","Female"
"GJR2-7VD",23646061294,"LDMT-W6R","Male"
"GJR2-7VD",23646061295,"LT83-H6M","Female"
"MKKN-R3H",23646061296,"GG5Y-858","Male"
"9Q6D-L88",23646061298,"GKPX-TG7","Male"
"9Q6D-L88",23646061299,"GN4Z-XZP","Female"
"K417-PHT",23646061300,"LTTZ-YL8","Male"
"K417-PHT",23646061301,"LYSG-SY9","Female"
"9S3D-N8F",23646061302,"9C32-7PC","Male"
"9S3D-N8F",23646061303,"M5YG-GGX","Female"
"LYCY-PN6",23646061312,"LDSS-26H","Male"
"LYCY-PN6",23646061313,"L6SC-CJF","Female"
"LDSS-KKV",23646061314,"LZLQ-664","Male"
"LDSS-KKV",23646061315,"GK2Y-MJB","Female"
"LDW2-41W",23646061316,"94HZ-CG3","Male"
"LDW2-41W",23646061317,"LDSS-BYY","Female"
"G4NJ-GVF",23646061318,"L8RR-S6X","Male"
"G4NJ-GVF",23646061319,"L8RR-S6J","Female"
"LHJS-C6Q",23646061344,"MXC5-FZL","Male"
"LHJS-C6Q",23646061345,"GF99-C5W","Female"
"LKG3-62M",23646061346,"G849-8YK","Male"
"LKG3-62M",23646061347,"G84M-17J","Female"
"KN4J-P1M",23646061352,"K8D7-F5D","Male"
"KN4J-P1M",23646061353,"L8MB-CYC","Female"
"LZX2-BDJ",23646061354,"LVMH-1XQ","Male"
"LZX2-BDJ",23646061355,"9CCJ-FTY","Female"
"M9L6-6YN",23646061360,"K84R-TMS","Male"
"M9L6-6YN",23646061361,"GGGW-RYH","Female"
"2MYM-NS1",23646061362,"LTF2-JTC","Male"
"2MYM-NS1",23646061363,"LKNM-HR3","Female"
"GD4S-KVF",23646061364,"L1QD-DXV","Male"
"GD4S-KVF",23646061365,"LD9P-M8N","Female"
"LH86-HY5",23646061368,"KNDD-84D","Male"
"LH86-HY5",23646061369,"GQQX-89B","Female"
"GZRV-4MX",23646061370,"LR6N-PQP","Male"
"GZRV-4MX",23646061371,"LDSS-RGB","Female"
"GN38-YJ6",23646061374,"LYRG-K5J","Male"
"GN38-YJ6",23646061375,"LBLP-PPD","Female"
"GG63-CZC",23646061376,"GG6Q-BJ7","Male"
"GG63-CZC",23646061377,"GG6Q-GJ5","Female"
"GG63-F22",23646061378,"GGBK-ZSM","Male"
"GG63-F22",23646061379,"GGBV-L5T","Female"
"LX3S-SXV",23646061384,"G6XJ-S74","Male"
"LX3S-SXV",23646061385,"G6XJ-2KV","Female"
"GST2-SZK",23646061392,"GJ8K-PWG","Male"
"GST2-SZK",23646061393,"LJYH-M8G","Female"
"GGLB-77P",23646061394,"GGLY-G77","Male"
"GGLB-77P",23646061395,"GMGV-QFG","Female"
"LZGQ-LJX",23646061396,"KDQW-JTJ","Male"
"LZGQ-LJX",23646061397,"LDS9-GGV","Female"
"9WCC-XRD",23646061400,"G652-89H","Male"
"9WCC-XRD",23646061401,"GQJ4-YYT","Female"
"G3SZ-S8L",23646061402,"LDMT-W6R","Male"
"G3SZ-S8L",23646061403,"LT83-H6M","Female"
"GZWD-L2X",23646061408,"LYCG-D4Z","Male"
"GZWD-L2X",23646061409,"LYCG-QZM","Female"
"GKTZ-P6Q",23646061414,"GKTZ-K4Y","Male"
"GKTZ-P6Q",23646061415,"GDJR-QGF","Female"
"L8B9-R7W",23646061584,"GGSV-LFL","Male"
"L8B9-R7W",23646061585,"GGSK-HFX","Female"
"GQ1N-HXB",23646061592,"G7YH-3GJ","Male"
"GQ1N-HXB",23646061593,"GC45-DB8","Female"
"G6T6-9H3",23646061596,"G8SK-15F","Male"
"GLL2-BZV",23646061609,"G8W1-V4X","Female"
"GC4V-KPG",23646061612,"G891-N1Z","Male"
"GC4V-KPG",23646061613,"G3YQ-19T","Female"
"L175-67M",23646061614,"GGKJ-Z1T","Male"
"L175-67M",23646061615,"KL6C-XQV","Female"
"K84R-TMS",23646061616,"LDHB-RRD","Male"
"K84R-TMS",23646061617,"GKVP-QMK","Female"
"LTF2-JTC",23646061620,"9SJJ-97N","Male"
"LTF2-JTC",23646061621,"LZJG-K5N","Female"
"LKNM-HR3",23646061622,"LJ2H-W3S","Male"
"LKNM-HR3",23646061623,"LZ2S-DKM","Female"
"L1QD-DXV",23646061624,"GJ2V-WRY","Male"
"L1QD-DXV",23646061625,"G2CN-HW6","Female"
"LD9P-M8N",23646061626,"LD9P-MFB","Male"
"LD9P-M8N",23646061627,"LH6C-VKZ","Female"
"GH5Y-9HC",23646061632,"GX52-ZZQ","Male"
"GH5Y-9HC",23646061633,"GFW7-86Y","Female"
"G6TX-KJJ",23646061634,"GLBY-DYH","Male"
"9HT1-YR2",23646061664,"GH2M-VGN","Male"
"9HT1-YR2",23646061665,"G649-8LB","Female"
"GKYC-37Y",23646061696,"GGP4-HFK","Male"
"GKYC-37Y",23646061697,"GGPW-PTK","Female"
"G2PJ-K3L",23646061712,"LVVK-HVJ","Male"
"G2PJ-K3L",23646061713,"GX26-XRJ","Female"
"GJ15-2NP",23646061728,"G9M5-FF1","Male"
"GJ15-2NP",23646061729,"GN9F-M6Q","Female"
"LZGK-6BD",23646061730,"LZGQ-LJX","Male"
"LZGK-6BD",23646061731,"GG5V-KXG","Female"
"9CHV-B26",23646061732,"GNSH-WMX","Male"
"9CHV-B26",23646061733,"G215-3C9","Female"
"LC3N-52R",23646061738,"G2J9-N5G","Male"
"LC3N-52R",23646061739,"LT6Z-NRQ","Female"
"KHGK-FT4",23646061740,"M9L6-6YN","Male"
"KHGK-FT4",23646061741,"2MYM-NS1","Female"
"GZLL-ZY9",23646061742,"GD4S-KVF","Male"
"GZLL-ZY9",23646061743,"GX7F-TKC","Female"
"LCCR-Z5Z",23646061744,"GVHW-NRT","Male"
"LCCR-Z5Z",23646061745,"GKJV-BPC","Female"
"9CWM-CC2",23646061748,"9CHV-B26","Male"
"9CWM-CC2",23646061749,"LZ2Z-ZZ8","Female"
"LY27-P3Z",23646061750,"M9L6-6YN","Male"
"LY27-P3Z",23646061751,"2MYM-NS1","Female"
"LC3N-52R",23646061754,"G2J9-N5G","Male"
"LC3N-52R",23646061755,"LT6Z-NRQ","Female"
"KHGK-FT4",23646061756,"M9L6-6YN","Male"
"KHGK-FT4",23646061757,"2MYM-NS1","Female"
"GZLL-ZY9",23646061758,"GD4S-KVF","Male"
"GZLL-ZY9",23646061759,"GX7F-TKC","Female"
"GMP6-NXR",23646061792,"GMF5-BSR","Male"
"GMP6-NXR",23646061793,"L1WB-PZW","Female"
"G39X-CX3",23646061794,"9H27-6Y3","Male"
"G39X-CX3",23646061795,"MWBC-XS5","Female"
"KJ5F-4ZR",23646061824,"LZS9-ZC2","Male"
"KJ5F-4ZR",23646061825,"LZ61-F76","Female"
"LDMG-1HD",23646061826,"KZPV-BQM","Male"
"LDMG-1HD",23646061827,"MP6J-D9N","Female"
"GJW6-BQP",23646061828,"GGT9-98G","Male"
"GJW6-BQP",23646061829,"GGTM-B2D","Female"
"G26B-199",23646061832,"GKJW-D8S","Male"
"G26B-199",23646061833,"GJY8-7WZ","Female"
"KJ5F-4ZR",23646061856,"LZS9-ZC2","Male"
"KJ5F-4ZR",23646061857,"LZ61-F76","Female"
"LDMG-1HD",23646061858,"KZPV-BQM","Male"
"LDMG-1HD",23646061859,"MP6J-D9N","Female"
"GJW6-BQP",23646061860,"GGT9-98G","Male"
"GJW6-BQP",23646061861,"GGTM-B2D","Female"
"G26B-199",23646061864,"GKJW-D8S","Male"
"G26B-199",23646061865,"GJY8-7WZ","Female"
"K8D7-F5D",23646061888,"LZS9-ZC2","Male"
"K8D7-F5D",23646061889,"LZ61-F76","Female"
"LDZ2-8G7",23646061892,"KNXX-WBQ","Male"
"LDZ2-8G7",23646061893,"LDZ2-8LP","Female"
"LY6V-8G3",23646061894,"LDMT-HMZ","Male"
"LY6V-8G3",23646061895,"LD91-ST3","Female"
"LDSS-8WS",23646061896,"L7LT-X1D","Male"
"9ZCG-R7L",23646061898,"KZPV-BQM","Male"
"9ZCG-R7L",23646061899,"GG81-W5D","Female"
"LRHH-9JN",23646061900,"M1VS-25N","Male"
"LRHH-9JN",23646061901,"LDSS-KHY","Female"
"LZGK-6BD",23646061902,"LZGQ-LJX","Male"
"LZGK-6BD",23646061903,"GG5V-KXG","Female"
"G652-89H",23646061904,"LDSS-8LB","Male"
"G652-89H",23646061905,"G2RP-CG1","Female"
"GQJ4-YYT",23646061906,"GKZZ-9SN","Male"
"GQJ4-YYT",23646061907,"GLND-D3K","Female"
"G78W-VCW",23646061908,"GXB3-LRB","Male"
"G78W-VCW",23646061909,"G2N1-CGQ","Female"
"MM93-ND3",23646061910,"GLB1-ZRJ","Male"
"LDW5-66P",23646061912,"LD9R-RB7","Male"
"LDW5-66P",23646061913,"LDSS-6H5","Female"
"LDW5-623",23646061914,"LDMT-HMZ","Male"
"LDW5-623",23646061915,"LD91-ST3","Female"
"KCXK-S69",23646061916,"L8MB-ZMK","Male"
"KCXK-S69",23646061917,"MB1Q-ZWW","Female"
"GJR2-7VD",23646061918,"LDMT-W6R","Male"
"GJR2-7VD",23646061919,"LT83-H6M","Female"
"GZ58-PZG",23646061920,"GMJ9-C1J","Male"
"GZ58-PZG",23646061921,"GWXR-Y3K","Female"
"GLTR-YDK",23646061952,"GLB6-MQV","Male"
"GLB1-8LR",23646061954,"GMNX-JGH","Male"
"GLB1-8LR",23646061955,"L2SF-BXZ","Female"
"M1W5-BFF",23646061956,"9376-JCH","Male"
"M1W5-BFF",23646061957,"9HVH-9GD","Female"
"LBM7-XLR",23646061964,"GN1K-X6S","Male"
"LBM7-XLR",23646061965,"G2ZJ-FVP","Female"
"LDSR-1Y7",23646061966,"G7X3-T3S","Male"
"LDSR-1Y7",23646061967,"GNHC-9DJ","Female"
"L2KK-9QQ",23646061976,"GDLZ-FG2","Male"
"LYJW-SB8",23646061978,"GLBB-F62","Male"
"LYPR-VX5",23646062000,"GD65-2F2","Male"
"LYPR-VX5",23646062001,"KNSN-3NT","Female"
"LY6D-WK1",23646062002,"LT8Q-95L","Male"
"LY6D-WK1",23646062003,"G63V-9WW","Female"
"LY6D-VDY",23646062004,"KFRR-NHN","Male"
"LY6D-VDY",23646062005,"9QQN-L3P","Female"
"LY6D-V66",23646062006,"LVVK-HVJ","Male"
"LY6D-V66",23646062007,"GX26-XRJ","Female"
"9CW5-VJ1",23646062032,"KJ5F-4ZR","Male"
"9CW5-VJ1",23646062033,"LDMG-1HD","Female"
"9WPP-TXN",23646062034,"GJW6-BQP","Male"
"9WPP-TXN",23646062035,"GJWX-7W6","Female"
"GNTW-BYM",23646062036,"G26B-199","Male"
"K8D7-F5D",23646062048,"LZS9-ZC2","Male"
"K8D7-F5D",23646062049,"LZ61-F76","Female"
"LDZ2-8G7",23646062052,"KNXX-WBQ","Male"
"LDZ2-8G7",23646062053,"LDZ2-8LP","Female"
"LY6V-8G3",23646062054,"LDMT-HMZ","Male"
"LY6V-8G3",23646062055,"LD91-ST3","Female"
"LDSS-8WS",23646062056,"L7LT-X1D","Male"
"9ZCG-R7L",23646062058,"KZPV-BQM","Male"
"9ZCG-R7L",23646062059,"GG81-W5D","Female"
"LRHH-9JN",23646062060,"M1VS-25N","Male"
"LRHH-9JN",23646062061,"LDSS-KHY","Female"
"LZGK-6BD",23646062062,"LZGQ-LJX","Male"
"LZGK-6BD",23646062063,"GG5V-KXG","Female"
"G652-89H",23646062064,"LDSS-8LB","Male"
"G652-89H",23646062065,"G2RP-CG1","Female"
"GQJ4-YYT",23646062066,"GKZZ-9SN","Male"
"GQJ4-YYT",23646062067,"GLND-D3K","Female"
"G78W-VCW",23646062068,"GXB3-LRB","Male"
"G78W-VCW",23646062069,"G2N1-CGQ","Female"
"MM93-ND3",23646062070,"GLB1-ZRJ","Male"
"LDW5-66P",23646062072,"LD9R-RB7","Male"
"LDW5-66P",23646062073,"LDSS-6H5","Female"
"LDW5-623",23646062074,"LDMT-HMZ","Male"
"LDW5-623",23646062075,"LD91-ST3","Female"
"KCXK-S69",23646062076,"L8MB-ZMK","Male"
"KCXK-S69",23646062077,"MB1Q-ZWW","Female"
"GJR2-7VD",23646062078,"LDMT-W6R","Male"
"GJR2-7VD",23646062079,"LT83-H6M","Female"
"GHD2-HFW",23646062084,"GNMT-9B8","Male"
"GHD2-HFW",23646062085,"GQMB-LY2","Female"
"GGNF-TFK",23646062086,"G2L1-NGS","Male"
"GGNF-TFK",23646062087,"LYS8-8T1","Female"
"GH3N-58T",23646062088,"GH3N-P53","Male"
"G68W-VV8",23646062092,"GNMR-VQS","Male"
"G68W-VV8",23646062093,"GX9B-F9C","Female"
"GN9D-BXS",23646062094,"G2L1-NGS","Male"
"GN9D-BXS",23646062095,"GL2J-YLR","Female"
"9CXH-K9T",23646062096,"LZDL-28J","Male"
"9CXH-K9T",23646062097,"G6L5-SZJ","Female"
"GN9F-58F",23646062098,"LZFX-B75","Male"
"GHD2-HFW",23646062104,"GNMT-9B8","Male"
"GHD2-HFW",23646062105,"GQMB-LY2","Female"
"GGNF-TFK",23646062106,"G2L1-NGS","Male"
"GGNF-TFK",23646062107,"LYS8-8T1","Female"
"GHD2-HFW",23646062112,"GNMT-9B8","Male"
"GHD2-HFW",23646062113,"GQMB-LY2","Female"
"GGNF-TFK",23646062114,"G2L1-NGS","Male"
"GGNF-TFK",23646062115,"LYS8-8T1","Female"
"LDST-G1M",23646062116,"LDST-GBG","Male"
"LDST-G1M",23646062117,"GQHJ-RF8","Female"
"GSCT-6ST",23646062118,"L8YB-MKM","Male"
"GSCT-6ST",23646062119,"GGRB-NL2","Female"
"GG7D-YC4",23646062122,"GG78-2QM","Male"
"GJ8K-PWG",23646062124,"LDSK-NZJ","Male"
"GJ8K-PWG",23646062125,"LDSH-S2T","Female"
"LJYH-M8G",23646062126,"GW69-B2J","Male"
"LJYH-M8G",23646062127,"GXQD-1QL","Female"
"GGJ6-93F",23646062128,"GVYJ-ZZJ","Male"
"GGJ6-93F",23646062129,"GGR6-9Q1","Female"
"94RZ-9KC",23646062130,"L198-LRM","Male"
"94RZ-9KC",23646062131,"LCFL-9DP","Female"
"L18X-ZNH",23646062132,"9QZD-J5R","Male"
"L18X-ZNH",23646062133,"L18P-6ZG","Female"
"MVL6-5PR",23646062134,"LDW2-RVK","Male"
"MVL6-5PR",23646062135,"LDW2-RVB","Female"
"GQ1S-8Z6",23646062136,"GK5X-Y6C","Male"
"GQ1S-8Z6",23646062137,"GGHM-SHT","Female"
"GL5F-2BT",23646062138,"GLHT-H9Z","Male"
"LTTZ-YL8",23646062152,"L8TJ-5XS","Male"
"LYSG-SY9",23646062154,"LJG4-5YW","Male"
"LYSG-SY9",23646062155,"GH91-DSB","Female"
"L1WT-FRN",23646062176,"GZRK-SFB","Male"
"L1WT-FRN",23646062177,"GVSP-WS2","Female"
"L1WY-QMZ",23646062178,"GHKB-C3J","Male"
"L1WY-QMZ",23646062179,"L5DR-KL8","Female"
"LB5R-TH8",23646062180,"KDQW-JTJ","Male"
"LB5R-TH8",23646062181,"LDS9-GGV","Female"
"LDHQ-P5F",23646062182,"LD9R-RB7","Male"
"LDHQ-P5F",23646062183,"LDSS-6H5","Female"
"LBJ9-GZ4",23646062184,"9ZH7-GMD","Male"
"LBJ9-GZ4",23646062185,"MBYH-395","Female"
"KZPP-B68",23646062186,"G7ZN-5DF","Male"
"L18B-R3G",23646062188,"G2TZ-96Y","Male"
"L18B-R3G",23646062189,"G2T8-97Z","Female"
"KDQH-DJG",23646062190,"L1DD-JMP","Male"
"KDQH-DJG",23646062191,"9WY9-HRJ","Female"
"LYKM-77Q",23646062304,"LTX5-SQZ","Male"
"LYKM-77Q",23646062305,"L5K3-3D7","Female"
"G9KN-N8D",23646062306,"G7PX-SZB","Male"
"G9KN-N8D",23646062307,"GNCF-W7M","Female"
"9Z8X-1VX",23646062328,"L2SG-RHC","Male"
"9Z8X-1VX",23646062329,"GX4P-D1J","Female"
"9Z8X-1VF",23646062330,"9Z4Y-476","Male"
"9Z8X-1VF",23646062331,"G396-J2Q","Female"
"G6B1-LGM",23646062336,"G6B1-RJ4","Male"
"G6B1-LGM",23646062337,"G6LB-1ZJ","Female"
"934P-X69",23646062352,"949K-5Q2","Male"
"LDSS-8WS",23646062360,"L7LT-X1D","Male"
"9ZCG-R7L",23646062362,"KZPV-BQM","Male"
"9ZCG-R7L",23646062363,"GG81-W5D","Female"
"LRHH-9JN",23646062364,"M1VS-25N","Male"
"LRHH-9JN",23646062365,"LDSS-KHY","Female"
"LZGK-6BD",23646062366,"LZGQ-LJX","Male"
"LZGK-6BD",23646062367,"GG5V-KXG","Female"
"L619-MQH",23646062376,"934P-X69","Male"
"L619-MQH",23646062377,"GLVM-QFF","Female"
"LDSS-ZMW",23646062380,"LDSS-8WS","Male"
"LDSS-ZMW",23646062381,"9ZCG-R7L","Female"
"LDSS-ZMD",23646062382,"LRHH-9JN","Male"
"LDSS-ZMD",23646062383,"LZGK-6BD","Female"
"GDLQ-MX5",23646062384,"G69B-SSH","Male"
"GDLQ-MX5",23646062385,"GZYQ-4J1","Female"
"LY72-MRC",23646062386,"LJ2H-W3S","Male"
"LY72-MRC",23646062387,"LZ2S-DKM","Female"
"L8T9-YR8",23646062390,"GXDM-3H9","Male"
"L8T9-YR8",23646062391,"LBHG-TXR","Female"
"99Y7-MCD",23646062400,"KN8N-WHW","Male"
"99Y7-MCD",23646062401,"9SYL-S5H","Female"
"LBKM-9MP",23646062402,"G67W-G57","Male"
"LBKM-9MP",23646062403,"MZHC-RBM","Female"
"L1QG-G8M",23646062404,"LDFZ-8Q1","Male"
"L1QG-G8M",23646062405,"LHPZ-VGH","Female"
"LDW5-66P",23646062408,"LD9R-RB7","Male"
"LDW5-66P",23646062409,"LDSS-6H5","Female"
"LDW5-623",23646062410,"LDMT-HMZ","Male"
"LDW5-623",23646062411,"LD91-ST3","Female"
"KCXK-S69",23646062412,"L8MB-ZMK","Male"
"KCXK-S69",23646062413,"MB1Q-ZWW","Female"
"GJR2-7VD",23646062414,"LDMT-W6R","Male"
"GJR2-7VD",23646062415,"LT83-H6M","Female"
"MKKN-R3H",23646062416,"GG5Y-858","Male"
"9Q6D-L88",23646062418,"GKPX-TG7","Male"
"9Q6D-L88",23646062419,"GN4Z-XZP","Female"
"K417-PHT",23646062420,"LTTZ-YL8","Male"
"K417-PHT",23646062421,"LYSG-SY9","Female"
"9S3D-N8F",23646062422,"9C32-7PC","Male"
"9S3D-N8F",23646062423,"M5YG-GGX","Female"
"GN9S-PHK",23646062448,"GWKF-XY9","Male"
"GN9S-PHK",23646062449,"GWKF-FBF","Female"
"9HV8-NJK",23646062452,"9HV8-NVS","Male"
"9HV8-NJK",23646062453,"L2TT-6C2","Female"
"G6Y8-CVK",23646062456,"G6Y5-V53","Male"
"L8MP-TBP",23646062460,"GQPW-7XG","Male"
"L8MP-TBP",23646062461,"G6G8-S9J","Female"
"9H17-VTZ",23646062472,"LZGQ-LJX","Male"
"9H17-VTZ",23646062473,"KDQH-DJG","Female"
"LY57-55F",23646062474,"GL9R-YL9","Male"
"LY57-55F",23646062475,"LDHQ-P5F","Female"
"KJ5F-4ZR",23646062480,"LZS9-ZC2","Male"
"KJ5F-4ZR",23646062481,"LZ61-F76","Female"
"LDMG-1HD",23646062482,"KZPV-BQM","Male"
"LDMG-1HD",23646062483,"MP6J-D9N","Female"
"GJW6-BQP",23646062484,"GGT9-98G","Male"
"GJW6-BQP",23646062485,"GGTM-B2D","Female"
"LBH1-CN5",23646062528,"9ZZ1-5Z1","Male"
"LBH1-CN5",23646062529,"G91P-199","Female"
"9S8D-D66",23646062532,"GXRR-LZX","Male"
"GSHP-SHH",23646062536,"LT3M-GVB","Male"
"GSHP-SHH",23646062537,"GMNR-6FT","Female"
"M5YG-KD2",23646062540,"MVPP-6V1","Male"
"M5YG-KD2",23646062541,"9H6R-RX2","Female"
"9H8X-KY4",23646062542,"9CJ7-MYH","Male"
"9H8X-KY4",23646062543,"KZ5G-H74","Female"
"M9L6-6YN",23646062560,"K84R-TMS","Male"
"M9L6-6YN",23646062561,"GGGW-RYH","Female"
"2MYM-NS1",23646062562,"LTF2-JTC","Male"
"2MYM-NS1",23646062563,"LKNM-HR3","Female"
"GD4S-KVF",23646062564,"L1QD-DXV","Male"
"GD4S-KVF",23646062565,"LD9P-M8N","Female"
"LH86-HY5",23646062568,"KNDD-84D","Male"
"LH86-HY5",23646062569,"GQQX-89B","Female"
"GZRV-4MX",23646062570,"LR6N-PQP","Male"
"GZRV-4MX",23646062571,"LDSS-RGB","Female"
"GN38-YJ6",23646062574,"LYRG-K5J","Male"
"GN38-YJ6",23646062575,"LBLP-PPD","Female"
"G29L-DN9",23646062576,"GQRQ-LYV","Male"
"G29L-DN9",23646062577,"G6TY-2YB","Female"
"GZWD-L2X",23646062592,"LYCG-D4Z","Male"
"GZWD-L2X",23646062593,"LYCG-QZM","Female"
"G8PF-VPL",23646062597,"G8PF-LMG","Female"
"28YJ-Z4N",23646062720,"9HTX-2CD","Male"
"28YJ-Z4N",23646062721,"G39Q-HBK","Female"
"GGGT-9MX",23646062722,"MXVC-BK8","Male"
"K4P4-YKZ",23646062724,"G8F3-MXY","Male"
"K4P4-YKZ",23646062725,"2MGY-PG6","Female"
"LZGB-752",23646062726,"LK6D-M2Y","Male"
"LZGB-752",23646062727,"LZJQ-KN6","Female"
"G2LB-P5D",23646062752,"GNDR-792","Male"
"G2LB-P5D",23646062753,"GND5-16W","Female"
"GHLW-6RL",23646062760,"G6BV-5KD","Male"
"GHLW-6RL",23646062761,"G6BV-FB2","Female"
"9CHV-B26",23646062764,"GNSH-WMX","Male"
"9CHV-B26",23646062765,"G215-3C9","Female"
"K8ZN-5RT",23646062768,"G4RY-8GZ","Male"
"L1WT-FRN",23646062976,"GZRK-SFB","Male"
"L1WT-FRN",23646062977,"GVSP-WS2","Female"
"L1WY-QMZ",23646062978,"GHKB-C3J","Male"
"L1WY-QMZ",23646062979,"L5DR-KL8","Female"
"LB5R-TH8",23646062980,"KDQW-JTJ","Male"
"LB5R-TH8",23646062981,"LDS9-GGV","Female"
"LDHQ-P5F",23646062982,"LD9R-RB7","Male"
"LDHQ-P5F",23646062983,"LDSS-6H5","Female"
"LBJ9-GZ4",23646062984,"9ZH7-GMD","Male"
"LBJ9-GZ4",23646062985,"MBYH-395","Female"
"KZPP-B68",23646062986,"G7ZN-5DF","Male"
"L18B-R3G",23646062988,"G2TZ-96Y","Male"
"L18B-R3G",23646062989,"G2T8-97Z","Female"
"KDQH-DJG",23646062990,"L1DD-JMP","Male"
"KDQH-DJG",23646062991,"9WY9-HRJ","Female"
"LZGQ-LJX",23646063008,"KDQW-JTJ","Male"
"LZGQ-LJX",23646063009,"LDS9-GGV","Female"
"KDQH-DJG",23646063010,"L1DD-JMP","Male"
"KDQH-DJG",23646063011,"9WY9-HRJ","Female"
"GL9R-YL9",23646063012,"LD95-VV6","Male"
"GL9R-YL9",23646063013,"9H2F-HV5","Female"
"LDHQ-P5F",23646063014,"LD9R-RB7","Male"
"LDHQ-P5F",23646063015,"LDSS-6H5","Female"
"LD9R-RCZ",23646063032,"GGT6-NYC","Male"
"LD9R-RCZ",23646063033,"GGTD-5CG","Female"
"MBWQ-SF3",23646063034,"LH3J-XVF","Male"
"MBWQ-SF3",23646063035,"KN3T-TR3","Female"
"L1R3-QH7",23646063036,"LD9R-5PH","Male"
"L1R3-QH7",23646063037,"LZM1-YM9","Female"
"M33Z-FHV",23646063038,"GGQ2-T6Y","Male"
"M33Z-FHV",23646063039,"GGQ2-FDK","Female"
"GGJ6-93F",23646063104,"GVYJ-ZZJ","Male"
"GGJ6-93F",23646063105,"GGR6-9Q1","Female"
"94RZ-9KC",23646063106,"L198-LRM","Male"
"94RZ-9KC",23646063107,"LCFL-9DP","Female"
"L18X-ZNH",23646063108,"9QZD-J5R","Male"
"L18X-ZNH",23646063109,"L18P-6ZG","Female"
"MVL6-5PR",23646063110,"LDW2-RVK","Male"
"MVL6-5PR",23646063111,"LDW2-RVB","Female"
"L1HZ-WR2",23646063112,"LVTD-MDD","Male"
"L1HZ-WR2",23646063113,"GKYX-DNQ","Female"
"KFLG-12B",23646063116,"28YJ-Z4N","Male"
"KFLG-12B",23646063117,"GGGT-9MX","Female"
"M1TN-H75",23646063120,"GQ1S-8Z6","Male"
"M1TN-H75",23646063121,"GL5F-2BT","Female"
"LJ4D-ZCK",23646063125,"GVHV-7WD","Female"
"LJ4D-ZCK",23646063124,"G9G8-ZCS","Male"
"9S1L-ZP2",23646063126,"G6Z5-SS2","Male"
"9S1L-ZP2",23646063127,"GX7W-7JP","Female"
"G87Q-Z3W",23646063128,"LCP2-CGK","Male"
"G87Q-Z3W",23646063129,"L2YT-FJZ","Female"
"GC32-FML",23646063130,"GV9M-XVB","Male"
"GC32-FML",23646063131,"GV94-MVW","Female"
"KDQW-JTJ",23646063136,"9HTX-2CD","Male"
"KDQW-JTJ",23646063137,"G39Q-HBK","Female"
"LDS9-GGV",23646063138,"LZGK-GZB","Male"
"LDS9-GGV",23646063139,"MXKR-J9R","Female"
"L1DD-JMP",23646063140,"GG5W-TJ1","Male"
"L1DD-JMP",23646063141,"GG54-SDF","Female"
"9WY9-HRJ",23646063142,"LZ19-924","Male"
"LD95-VV6",23646063144,"LD95-VVH","Male"
"LD95-VV6",23646063145,"99SD-Z4Q","Female"
"9H2F-HV5",23646063146,"MBGG-7NP","Male"
"9H2F-HV5",23646063147,"LD9R-SHL","Female"
"LD9R-RB7",23646063148,"LD9R-RYR","Male"
"LD9R-RB7",23646063149,"M15L-V4Q","Female"
"LDSS-6H5",23646063150,"L133-HLP","Male"
"LDSS-6H5",23646063151,"KH8N-T92","Female"
"LZS9-ZC2",23646063152,"9HYQ-M4G","Male"
"LZS9-ZC2",23646063153,"GJGW-QM6","Female"
"LZ61-F76",23646063154,"LZ19-924","Male"
"LZ61-F76",23646063155,"GL5F-YH1","Female"
"KNXX-WBQ",23646063160,"LHPZ-9WQ","Male"
"KNXX-WBQ",23646063161,"LCT8-QVQ","Female"
"LDMT-HMZ",23646063164,"L8BY-3VJ","Male"
"LDMT-HMZ",23646063165,"94BP-X4Z","Female"
"LD91-ST3",23646063166,"L8YY-5HK","Male"
"LD91-ST3",23646063167,"L8WB-D2Z","Female"
"9C32-7PC",23646063168,"G7YH-3GJ","Male"
"9C32-7PC",23646063169,"GC45-DB8","Female"
"93LF-J1V",23646063172,"L1HZ-WR2","Male"
"93LF-J1V",23646063173,"MDWC-L73","Female"
"931M-DSZ",23646063174,"KFLG-12B","Male"
"931M-DSZ",23646063175,"M5YG-GGX","Female"
"LDSS-8WS",23646063176,"L7LT-X1D","Male"
"9ZCG-R7L",23646063178,"KZPV-BQM","Male"
"9ZCG-R7L",23646063179,"GG81-W5D","Female"
"LRHH-9JN",23646063180,"M1VS-25N","Male"
"LRHH-9JN",23646063181,"LDSS-KHY","Female"
"LZGK-6BD",23646063182,"LZGQ-LJX","Male"
"LZGK-6BD",23646063183,"GG5V-KXG","Female"
"LM1H-8JF",23646063184,"GL9R-YL9","Male"
"LM1H-8JF",23646063185,"LDHQ-P5F","Female"
"LBDD-T2H",23646063186,"G2G5-WJR","Male"
"LBDD-T2H",23646063187,"G2G5-FT5","Female"
"LYJ2-TZG",23646063188,"LBX8-DDN","Male"
"LYJ2-TZG",23646063189,"LDW2-4JB","Female"
"LYJ2-LF5",23646063190,"M1S9-5V6","Male"
"G95M-WZ9",23646063192,"G6RG-6XQ","Male"
"G95M-WZ9",23646063193,"GKNC-F3X","Female"
"9V7R-KN5",23646063194,"GLXF-42Z","Male"
"9V7R-KN5",23646063195,"GLXF-CH3","Female"
"LDW2-QX1",23646063196,"LH7S-18K","Male"
"LDW2-QX1",23646063197,"LDSV-5Q1","Female"
"99Y7-MCD",23646063200,"KN8N-WHW","Male"
"99Y7-MCD",23646063201,"9SYL-S5H","Female"
"LBKM-9MP",23646063202,"G67W-G57","Male"
"LBKM-9MP",23646063203,"MZHC-RBM","Female"
"L1QG-G8M",23646063204,"LDFZ-8Q1","Male"
"L1QG-G8M",23646063205,"LHPZ-VGH","Female"
"LDW5-66P",23646063208,"LD9R-RB7","Male"
"LDW5-66P",23646063209,"LDSS-6H5","Female"
"LDW5-623",23646063210,"LDMT-HMZ","Male"
"LDW5-623",23646063211,"LD91-ST3","Female"
"KCXK-S69",23646063212,"L8MB-ZMK","Male"
"KCXK-S69",23646063213,"MB1Q-ZWW","Female"
"GJR2-7VD",23646063214,"LDMT-W6R","Male"
"GJR2-7VD",23646063215,"LT83-H6M","Female"
"MKKN-R3H",23646063216,"GG5Y-858","Male"
"9Q6D-L88",23646063218,"GKPX-TG7","Male"
"9Q6D-L88",23646063219,"GN4Z-XZP","Female"
"K417-PHT",23646063220,"LTTZ-YL8","Male"
"K417-PHT",23646063221,"LYSG-SY9","Female"
"9S3D-N8F",23646063222,"9C32-7PC","Male"
"9S3D-N8F",23646063223,"M5YG-GGX","Female"
"GQMG-G62",23646063248,"LDSQ-XRK","Male"
"GQMG-G62",23646063249,"LCFL-9DP","Female"
"GN4C-8ND",23646063250,"L644-9GY","Male"
"GN4C-8ND",23646063251,"KVGF-FPJ","Female"
"LBM7-XLR",23646063260,"GN1K-X6S","Male"
"LBM7-XLR",23646063261,"G2ZJ-FVP","Female"
"LDSR-1Y7",23646063262,"G7X3-T3S","Male"
"LDSR-1Y7",23646063263,"GNHC-9DJ","Female"
"LD9R-RCZ",23646063264,"GGT6-NYC","Male"
"LD9R-RCZ",23646063265,"GGTD-5CG","Female"
"MBWQ-SF3",23646063266,"LH3J-XVF","Male"
"MBWQ-SF3",23646063267,"KN3T-TR3","Female"
"L1R3-QH7",23646063268,"LD9R-5PH","Male"
"L1R3-QH7",23646063269,"LZM1-YM9","Female"
"M33Z-FHV",23646063270,"GGQ2-T6Y","Male"
"M33Z-FHV",23646063271,"GGQ2-FDK","Female"
"GJ15-2NP",23646063272,"G9M5-FF1","Male"
"GJ15-2NP",23646063273,"GN9F-M6Q","Female"
"LYGH-JR3",23646063280,"LD9R-RB7","Male"
"LYGH-JR3",23646063281,"LDSS-6H5","Female"
"L8WY-474",23646063282,"9H19-J7X","Male"
"L8WY-474",23646063283,"9H19-J7B","Female"
"9C8M-C8L",23646063284,"GSXR-ZTK","Male"
"9C8M-C8L",23646063285,"L1B9-5FC","Female"
"GH7W-LP9",23646063286,"G2QK-94H","Male"
"GH7W-LP9",23646063287,"G75J-1J1","Female"
"GSXR-ZTK",23646063288,"GQSM-6LG","Male"
"GSXR-ZTK",23646063289,"G9CZ-RB1","Female"
"L1B9-5FC",23646063290,"L8RK-RPS","Male"
"L1B9-5FC",23646063291,"LJG8-9LJ","Female"
"G2QK-94H",23646063292,"G75J-GMH","Male"
"G2QK-94H",23646063293,"G75J-NFC","Female"
"G75J-1J1",23646063294,"G6SV-M3S","Male"
"G75J-1J1",23646063295,"KH4D-HB7","Female"
"GZPW-9T8",23646063296,"GVXT-MZG","Male"
"GZPW-9T8",23646063297,"LV8V-H4X","Female"
"G27G-J45",23646063298,"GKWF-SCL","Male"
"G27G-J45",23646063299,"GD2R-LLD","Female"
"949J-G8K",23646063300,"G3LH-DG9","Male"
"GGRJ-B45",23646063302,"G6GQ-R3F","Male"
"GGRJ-B45",23646063303,"G8R7-2L1","Female"
"L18B-R3G",23646063304,"G2TZ-96Y","Male"
"L18B-R3G",23646063305,"G2T8-97Z","Female"
"KDQH-DJG",23646063306,"L1DD-JMP","Male"
"KDQH-DJG",23646063307,"9WY9-HRJ","Female"
"LD9R-5G3",23646063308,"LD9R-RCZ","Male"
"LD9R-5G3",23646063309,"MBWQ-SF3","Female"
"M897-QTS",23646063310,"L1R3-QH7","Male"
"M897-QTS",23646063311,"M33Z-FHV","Female"
"LCRQ-733",23646063312,"G8WB-SJY","Male"
"LCRQ-733",23646063313,"GHXF-SCK","Female"
"GXFT-K5G",23646063328,"LCP2-CGK","Male"
"GXFT-K5G",23646063329,"L2YT-FJZ","Female"
"GXFT-52R",23646063330,"9CXH-K9T","Male"
"GXFT-52R",23646063331,"GN9F-58F","Female"
"LHX4-SH2",23646063340,"LT6B-LH4","Male"
"29WQ-BY2",23646063342,"G7YH-3GJ","Male"
"29WQ-BY2",23646063343,"GC45-DB8","Female"
"9QZ9-C18",23646063344,"LZGK-GZB","Male"
"9QZ9-C18",23646063345,"MXKR-J9R","Female"
"LHKK-GP5",23646063346,"9HTX-2CD","Male"
"LHKK-GP5",23646063347,"G39Q-HBK","Female"
"GXDM-JXD",23646063348,"GHD2-HFW","Male"
"GXDM-JXD",23646063349,"GGNF-TFK","Female"
"L85Z-921",23646063350,"LDST-G1M","Male"
"L85Z-921",23646063351,"GSCT-6ST","Female"
"GJ8K-PWG",23646063352,"LDSK-NZJ","Male"
"GJ8K-PWG",23646063353,"LDSH-S2T","Female"
"LJYH-M8G",23646063354,"GW69-B2J","Male"
"LJYH-M8G",23646063355,"GXQD-1QL","Female"
"LDMT-W6R",23646063356,"KJP2-TBR","Male"
"LDMT-W6R",23646063357,"GFN3-DQ5","Female"
"LT83-H6M",23646063358,"GQ59-8LX","Male"
"LT83-H6M",23646063359,"GSCJ-Z9D","Female"
"G62C-9KF",23646063392,"G6RT-HJL","Male"
"G62C-9KF",23646063393,"GX8Z-2MK","Female"
"GVQH-LST",23646063398,"L198-LRM","Male"
"GVQH-LST",23646063399,"LCFL-9DP","Female"
"G6LZ-TWJ",23646063400,"L5LL-BRL","Male"
"G6LZ-TWJ",23646063401,"GZ4M-H94","Female"
"G6R2-BDM",23646063406,"GFZ2-JTZ","Male"
"LH8G-2RH",23646063408,"LCVR-TFD","Male"
"LH8G-2RH",23646063409,"9Z4P-BQB","Female"
"LDW2-7JJ",23646063410,"LDW2-41W","Male"
"LDW2-7JJ",23646063411,"G4NJ-GVF","Female"
"KHQ6-TFB",23646063412,"LD97-CH9","Male"
"KHQ6-TFB",23646063413,"KH4Q-2SB","Female"
"LDSM-H39",23646063414,"94YF-JDG","Male"
"LDSM-H39",23646063415,"G8WY-6L8","Female"
"GD5N-8XB",23646063416,"GJYD-GBX","Male"
"GD5N-8XB",23646063417,"GJY6-3B7","Female"
"GXL9-Q1Z",23646063418,"G62C-9KF","Male"
"GXL9-Q1Z",23646063419,"G4JV-213","Female"
"LT8C-4JX",23646063420,"GKY5-ZST","Male"
"LT8C-4JX",23646063421,"LT8C-XN8","Female"
"G2W9-MML",23646063422,"GGFG-KD4","Male"
"G2W9-MML",23646063423,"G23G-MFG","Female"
"GGQM-ZY2",23646063424,"GLJW-P89","Male"
"M8NQ-LCW",23646063432,"GXGS-JGW","Male"
"M8NQ-LCW",23646063433,"L8T9-YR8","Female"
"LH86-MHT",23646063436,"GMVG-TRT","Male"
"LH86-MHT",23646063437,"GLX6-MY5","Female"
"MHQ8-C73",23646063438,"LB23-61T","Male"
"MHQ8-C73",23646063439,"LH73-BMR","Female"
"GKJH-SLK",23646063442,"GGBN-JR5","Male"
"GKJH-SLK",23646063443,"GGBN-GW1","Female"
"MXLC-JC1",23646063444,"GGC6-B84","Male"
"MXLC-JC1",23646063445,"GQG3-8CV","Female"
"GX8L-X3Q",23646063456,"L1QG-G8M","Male"
"GX8L-X3Q",23646063457,"LD97-QLP","Female"
"GCQV-3WJ",23646063458,"LTX5-SQZ","Male"
"GCQV-3WJ",23646063459,"GKV7-XJV","Female"
"LTTZ-YL8",23646063460,"L8TJ-5XS","Male"
"LYSG-SY9",23646063462,"LJG4-5YW","Male"
"LYSG-SY9",23646063463,"GH91-DSB","Female"
"9Z4V-273",23646063464,"G2WT-41W","Male"
"9Z4V-273",23646063465,"GVSF-K9H","Female"
"GVWH-735",23646063466,"GJ97-9MF","Male"
"GVWH-735",23646063467,"GJGG-3FH","Female"
"GK9N-L4D",23646063472,"MTSX-7TM","Male"
"GK9N-L4D",23646063473,"GH84-TXR","Female"
"GXSF-QGK",23646063476,"GXSX-GGJ","Male"
"GXSF-QGK",23646063477,"GXSF-HXY","Female"
"GX9M-N2L",23646063480,"9SJJ-97N","Male"
"GX9M-N2L",23646063481,"LZJG-K5N","Female"
"GDCR-ZGK",23646063482,"G2WV-NWK","Male"
"GDCR-ZGK",23646063483,"GZH8-7LY","Female"
"LBLP-PPD",23646063486,"G23Z-T5F","Male"
"LBLP-PPD",23646063487,"GFJR-GNC","Female"
"G2LS-TQ9",23646063504,"GQ65-ZJP","Male"
"GCS7-KQZ",23646063512,"GJ6J-KXZ","Male"
"GC43-QQ9",23646063516,"GJ6J-Q45","Male"
"GC43-QQ9",23646063517,"GKCC-681","Female"
"GZ1L-YCZ",23646063518,"LDMT-W6R","Male"
"GZ1L-YCZ",23646063519,"LT83-H6M","Female"
"GXQ2-JJL",23646063530,"GD1Z-QQN","Male"
"GXQ2-JJL",23646063531,"GVXN-T31","Female"
"G9FS-D2J",23646063552,"G9FS-2B1","Male"
"G9FS-D2J",23646063553,"LJB9-MKB","Female"
"9H27-6Y3",23646063556,"G6LZ-TWJ","Male"
"MWBC-XS5",23646063558,"9ZHQ-5GQ","Male"
"MWBC-XS5",23646063559,"G6R2-BDM","Female"
"GV18-6H7",23646063560,"9CZC-GSR","Male"
"GV18-6H7",23646063561,"GJBZ-QGS","Female"
"GVQY-MVQ",23646063562,"GVQN-8YV","Male"
"GVQY-MVQ",23646063563,"GVQN-W98","Female"
"M1TN-H75",23646063564,"GQ1S-8Z6","Male"
"M1TN-H75",23646063565,"GL5F-2BT","Female"
"9H17-VTZ",23646063568,"LZGQ-LJX","Male"
"9H17-VTZ",23646063569,"KDQH-DJG","Female"
"LY57-55F",23646063570,"GL9R-YL9","Male"
"LY57-55F",23646063571,"LDHQ-P5F","Female"
"99JL-VFV",23646063572,"GCS7-KQZ","Male"
"99JL-VFV",23646063573,"GJ6J-661","Female"
"GCS7-3JP",23646063574,"GC43-QQ9","Male"
"GCS7-3JP",23646063575,"GZ1L-YCZ","Female"
"LBNP-5M3",23646063576,"LY1Q-F7D","Male"
"LBNP-5M3",23646063577,"G6VH-KZ9","Female"
"G4SG-NWR",23646063578,"9S9P-HNZ","Male"
"G4SG-NWR",23646063579,"LYTJ-J2J","Female"
"GLGS-JN3",23646063583,"GVRZ-1Q7","Female"
"LHJP-TXC",23646063584,"LDWP-46L","Male"
"LHJP-TXC",23646063585,"GXB5-D5M","Female"
"GMSZ-DZ9",23646063586,"GMSZ-FP7","Male"
"GMSZ-DZ9",23646063587,"GMSZ-DJH","Female"
"LDM1-CGG",23646063592,"LDM1-ZJW","Male"
"LDM1-CGG",23646063593,"GVN6-BNX","Female"
"LYSP-1D9",23646063594,"K4P4-YKZ","Male"
"LYSP-1D9",23646063595,"LZGB-752","Female"
"G8C6-8VY",23646063596,"G8CD-FCD","Male"
"G8C6-8VY",23646063597,"G8C6-4B3","Female"
"LY1Q-F7D",23646063600,"GQHW-1Y8","Male"
"LY1Q-F7D",23646063601,"GG4Y-G17","Female"
"9S9P-HNZ",23646063604,"K84R-TMS","Male"
"9S9P-HNZ",23646063605,"GGGW-RYH","Female"
"GVRZ-1Q7",23646063614,"9S9P-HNZ","Male"
"GVRZ-1Q7",23646063615,"LYTJ-J2J","Female"
"G652-89H",23646063616,"LDSS-8LB","Male"
"G652-89H",23646063617,"G2RP-CG1","Female"
"GQJ4-YYT",23646063618,"GKZZ-9SN","Male"
"GQJ4-YYT",23646063619,"GLND-D3K","Female"
"LDMT-W6R",23646063620,"KJP2-TBR","Male"
"LDMT-W6R",23646063621,"GFN3-DQ5","Female"
"LT83-H6M",23646063622,"GQ59-8LX","Male"
"LT83-H6M",23646063623,"GSCJ-Z9D","Female"
"L1WT-FRN",23646063648,"GZRK-SFB","Male"
"L1WT-FRN",23646063649,"GVSP-WS2","Female"
"L1WY-QMZ",23646063650,"GHKB-C3J","Male"
"L1WY-QMZ",23646063651,"L5DR-KL8","Female"
"LB5R-TH8",23646063652,"KDQW-JTJ","Male"
"LB5R-TH8",23646063653,"LDS9-GGV","Female"
"LDHQ-P5F",23646063654,"LD9R-RB7","Male"
"LDHQ-P5F",23646063655,"LDSS-6H5","Female"
"LBJ9-GZ4",23646063656,"9ZH7-GMD","Male"
"LBJ9-GZ4",23646063657,"MBYH-395","Female"
"KZPP-B68",23646063658,"G7ZN-5DF","Male"
"L18B-R3G",23646063660,"G2TZ-96Y","Male"
"L18B-R3G",23646063661,"G2T8-97Z","Female"
"KDQH-DJG",23646063662,"L1DD-JMP","Male"
"KDQH-DJG",23646063663,"9WY9-HRJ","Female"
"9HLK-V6W",23646063688,"GZPW-9T8","Male"
"9HLK-V6W",23646063689,"G27G-J45","Female"
"GGVB-2MK",23646063690,"949J-G8K","Male"
"GGVB-2MK",23646063691,"GGRJ-B45","Female"
"9H16-YMP",23646063692,"L18B-R3G","Male"
"9H16-YMP",23646063693,"KDQH-DJG","Female"
"L82R-5HJ",23646063694,"LD9R-5G3","Male"
"L82R-5HJ",23646063695,"M897-QTS","Female"
"9Z4V-273",23646063696,"G2WT-41W","Male"
"9Z4V-273",23646063697,"GVSF-K9H","Female"
"GVWH-735",23646063698,"GJ97-9MF","Male"
"GVWH-735",23646063699,"GJGG-3FH","Female"
"LD9R-5G3",23646063704,"LD9R-RCZ","Male"
"LD9R-5G3",23646063705,"MBWQ-SF3","Female"
"M897-QTS",23646063706,"L1R3-QH7","Male"
"M897-QTS",23646063707,"M33Z-FHV","Female"
"GHJP-XZD",23646063708,"L8R2-SJ9","Male"
"GHJP-XZD",23646063709,"LCXP-QW3","Female"
"GD65-2F2",23646063712,"G2RV-DFJ","Male"
"GD65-2F2",23646063713,"G2RJ-1WJ","Female"
"KNSN-3NT",23646063714,"KNQ6-9ZF","Male"
"LT8Q-95L",23646063716,"LDS9-GTK","Male"
"LT8Q-95L",23646063717,"GMN3-7TX","Female"
"LVVK-HVJ",23646063724,"LT83-QKS","Male"
"LVVK-HVJ",23646063725,"GDG2-NJC","Female"
"GX26-XRJ",23646063726,"G9M5-FF1","Male"
"GX26-XRJ",23646063727,"GN9F-M6Q","Female"
"GDHY-7SR",23646063728,"GXD4-VH6","Male"
"GDHY-7SR",23646063729,"GXDH-74P","Female"
"GLTH-3M3",23646063730,"GLTH-SF8","Male"
"GLTH-3M3",23646063731,"GLTH-M66","Female"
"LD1R-LZF",23646063736,"GNBX-9JC","Male"
"LD1R-LZF",23646063737,"GFC6-D1X","Female"
"LZ2K-W9Y",23646063738,"GD7G-BVP","Male"
"LZ2K-W9Y",23646063739,"9HG1-CKS","Female"
"9MH5-29J",23646063740,"9MH5-2Q7","Male"
"9MH5-29J",23646063741,"G6H3-26Y","Female"
"LZZW-6XG",23646063742,"M1W5-BFF","Male"
"LZZW-6XG",23646063743,"9CW5-JNL","Female"
"LD3L-3N3",23646063744,"LD3L-3K6","Male"
"LD3L-3N3",23646063745,"G65L-6QR","Female"
"LD3L-3N7",23646063746,"LY6L-7XG","Male"
"LD3L-3N7",23646063747,"G66J-2B5","Female"
"LHRM-ST7",23646063748,"LBXP-QNT","Male"
"LHRM-ST7",23646063749,"LVDZ-CCV","Female"
"GZQ3-BV8",23646063750,"L1V3-YK5","Male"
"GZQ3-BV8",23646063751,"GGYW-H1W","Female"
"2S23-Y3L",23646063752,"LB7H-XS5","Male"
"2S23-Y3L",23646063753,"GMVS-LNN","Female"
"9HR5-FJ1",23646063754,"LH74-HV9","Male"
"9HR5-FJ1",23646063755,"G2ZL-2MS","Female"
"2S3R-NXM",23646063756,"GMVS-K8B","Male"
"2S3R-NXM",23646063757,"99GQ-8S8","Female"
"K1T8-Z2X",23646063758,"G64K-KD8","Male"
"K1T8-Z2X",23646063759,"9365-176","Female"
"K29P-T8X",23646063760,"GVHD-JZP","Male"
"K29P-T8X",23646063761,"L71C-C8V","Female"
"LCTB-VNM",23646063762,"LTQP-NP6","Male"
"LCTB-VNM",23646063763,"LD3L-QYY","Female"
"M1W5-BFF",23646063764,"9376-JCH","Male"
"M1W5-BFF",23646063765,"9HVH-9GD","Female"
"9CW5-JNL",23646063766,"GG3M-7JP","Male"
"9CW5-JNL",23646063767,"GG3M-7PG","Female"
"LYNQ-SWS",23646063768,"L175-WPC","Male"
"LYNQ-SWS",23646063769,"2W31-DFT","Female"
"KZMZ-7JH",23646063770,"KNQM-4PN","Male"
"KZMZ-7JH",23646063771,"GNTY-C3W","Female"
"LH74-HV9",23646063776,"LTQP-NP6","Male"
"LH74-HV9",23646063777,"LD3L-QYY","Female"
"9HVH-9GD",23646063778,"LHW9-VZ4","Male"
"9HVH-9GD",23646063779,"GKKW-24R","Female"
"GVSD-LKD",23646063780,"LTZK-8QF","Male"
"GVSD-LKD",23646063781,"GDBF-PJH","Female"
"L6QG-259",23646063782,"9CCY-XKF","Male"
"L6QG-259",23646063783,"9QQG-FCH","Female"
"GGHG-BWT",23646063784,"GV61-F3M","Male"
"GGHG-BWT",23646063785,"GK43-NWK","Female"
"9HT1-BBZ",23646063786,"9CCY-XKF","Male"
"9HT1-BBZ",23646063787,"9QQG-FCH","Female"
"G29Z-B18",23646063788,"LZV5-V2G","Male"
"G29Z-B18",23646063789,"KL6T-6YH","Female"
"LDST-6QY",23646063790,"G7N6-VX6","Male"
"LDST-6QY",23646063791,"G7N6-F51","Female"
"LD3L-3N3",23646063792,"LD3L-3K6","Male"
"LD3L-3N3",23646063793,"G65L-6QR","Female"
"LD3L-3N7",23646063794,"LY6L-7XG","Male"
"LD3L-3N7",23646063795,"G66J-2B5","Female"
"LHRM-ST7",23646063796,"LBXP-QNT","Male"
"LHRM-ST7",23646063797,"LVDZ-CCV","Female"
"GZQ3-BV8",23646063798,"L1V3-YK5","Male"
"GZQ3-BV8",23646063799,"GGYW-H1W","Female"
"2S23-Y3L",23646063800,"LB7H-XS5","Male"
"2S23-Y3L",23646063801,"GMVS-LNN","Female"
"9HR5-FJ1",23646063802,"LH74-HV9","Male"
"9HR5-FJ1",23646063803,"G2ZL-2MS","Female"
"2S3R-NXM",23646063804,"GMVS-K8B","Male"
"2S3R-NXM",23646063805,"99GQ-8S8","Female"
"K1T8-Z2X",23646063806,"G64K-KD8","Male"
"K1T8-Z2X",23646063807,"9365-176","Female"
"GWMF-GL3",23646063808,"L7LL-FB1","Male"
"GWMF-GL3",23646063809,"LZVR-GMG","Female"
"LDSM-QN8",23646063810,"93LF-J1V","Male"
"LDSM-QN8",23646063811,"931M-DSZ","Female"
"LB4Q-HKB",23646063812,"LHYG-XJF","Male"
"LB4Q-HKB",23646063813,"GDGW-LRZ","Female"
"LZ4V-V9Y",23646063814,"2JFF-BQB","Male"
"LZ4V-V9Y",23646063815,"K83K-RFX","Female"
"9H17-VTZ",23646063816,"LZGQ-LJX","Male"
"9H17-VTZ",23646063817,"KDQH-DJG","Female"
"LY57-55F",23646063818,"GL9R-YL9","Male"
"LY57-55F",23646063819,"LDHQ-P5F","Female"
"KN4J-P1M",23646063820,"K8D7-F5D","Male"
"KN4J-P1M",23646063821,"L8MB-CYC","Female"
"L8M6-YW7",23646063822,"LDZ2-8G7","Male"
"L8M6-YW7",23646063823,"LY6V-8G3","Female"
"LDQ2-Z4X",23646063824,"LH7S-18K","Male"
"LDQ2-Z4X",23646063825,"LDSV-5Q1","Female"
"LDS9-G7Q",23646063826,"LYGH-JR3","Male"
"LDS9-G7Q",23646063827,"LZVR-GMG","Female"
"9MC4-P9B",23646063828,"GNYN-63S","Male"
"9MC4-P9B",23646063829,"LBDM-38D","Female"
"9W15-B8Y",23646063830,"9H16-YMP","Male"
"9W15-B8Y",23646063831,"L82R-5HJ","Female"
"GVX1-XXB",23646063832,"G7L7-K4V","Male"
"GVX1-XXB",23646063833,"GVMM-WY2","Female"
"LYR8-2CF",23646063834,"LZJX-4WX","Male"
"LYR8-2CF",23646063835,"2ZVG-JS3","Female"
"LYK6-S2M",23646063836,"94BN-14G","Male"
"LYK6-S2M",23646063837,"LZBC-NVG","Female"
"G236-Z9L",23646063838,"GQP1-GKY","Male"
"G236-Z9L",23646063839,"LD33-H5D","Female"
"GD65-2F2",23646063872,"G2RV-DFJ","Male"
"GD65-2F2",23646063873,"G2RJ-1WJ","Female"
"KNSN-3NT",23646063874,"KNQ6-9ZF","Male"
"LT8Q-95L",23646063876,"LDS9-GTK","Male"
"LT8Q-95L",23646063877,"GMN3-7TX","Female"
"LVVK-HVJ",23646063884,"LT83-QKS","Male"
"LVVK-HVJ",23646063885,"GDG2-NJC","Female"
"GX26-XRJ",23646063886,"G9M5-FF1","Male"
"GX26-XRJ",23646063887,"GN9F-M6Q","Female"
"GDHY-7SR",23646063888,"GXD4-VH6","Male"
"GDHY-7SR",23646063889,"GXDH-74P","Female"
"GLTH-3M3",23646063890,"GLTH-SF8","Male"
"GLTH-3M3",23646063891,"GLTH-M66","Female"
"LD1R-LZF",23646063896,"GNBX-9JC","Male"
"LD1R-LZF",23646063897,"GFC6-D1X","Female"
"LZ2K-W9Y",23646063898,"GD7G-BVP","Male"
"LZ2K-W9Y",23646063899,"9HG1-CKS","Female"
"9MH5-29J",23646063900,"9MH5-2Q7","Male"
"9MH5-29J",23646063901,"G6H3-26Y","Female"
"LZZW-6XG",23646063902,"M1W5-BFF","Male"
"LZZW-6XG",23646063903,"9CW5-JNL","Female"
"GMP6-NXR",23646063904,"GMF5-BSR","Male"
"GMP6-NXR",23646063905,"L1WB-PZW","Female"
"G39X-CX3",23646063906,"9H27-6Y3","Male"
"G39X-CX3",23646063907,"MWBC-XS5","Female"
"GQMG-G62",23646064048,"LDSQ-XRK","Male"
"GQMG-G62",23646064049,"LCFL-9DP","Female"
"GN4C-8ND",23646064050,"L644-9GY","Male"
"GN4C-8ND",23646064051,"KVGF-FPJ","Female"
"LBM7-XLR",23646064060,"GN1K-X6S","Male"
"LBM7-XLR",23646064061,"G2ZJ-FVP","Female"
"LDSR-1Y7",23646064062,"G7X3-T3S","Male"
"LDSR-1Y7",23646064063,"GNHC-9DJ","Female"
"K84R-TMS",23646064064,"LDHB-RRD","Male"
"K84R-TMS",23646064065,"GKVP-QMK","Female"
"LTF2-JTC",23646064068,"9SJJ-97N","Male"
"LTF2-JTC",23646064069,"LZJG-K5N","Female"
"LKNM-HR3",23646064070,"LJ2H-W3S","Male"
"LKNM-HR3",23646064071,"LZ2S-DKM","Female"
"L1QD-DXV",23646064072,"GJ2V-WRY","Male"
"L1QD-DXV",23646064073,"G2CN-HW6","Female"
"LD9P-M8N",23646064074,"LD9P-MFB","Male"
"LD9P-M8N",23646064075,"LH6C-VKZ","Female"
"99Y7-MCD",23646064080,"KN8N-WHW","Male"
"99Y7-MCD",23646064081,"9SYL-S5H","Female"
"LBKM-9MP",23646064082,"G67W-G57","Male"
"LBKM-9MP",23646064083,"MZHC-RBM","Female"
"L1QG-G8M",23646064084,"LDFZ-8Q1","Male"
"L1QG-G8M",23646064085,"LHPZ-VGH","Female"
"LDW5-66P",23646064088,"LD9R-RB7","Male"
"LDW5-66P",23646064089,"LDSS-6H5","Female"
"LDW5-623",23646064090,"LDMT-HMZ","Male"
"LDW5-623",23646064091,"LD91-ST3","Female"
"KCXK-S69",23646064092,"L8MB-ZMK","Male"
"KCXK-S69",23646064093,"MB1Q-ZWW","Female"
"GJR2-7VD",23646064094,"LDMT-W6R","Male"
"GJR2-7VD",23646064095,"LT83-H6M","Female"
"9HYM-87T",23646064096,"GNT4-LY5","Male"
"9HYM-87T",23646064097,"GDL9-6NN","Female"
"LTK3-YL5",23646064098,"LTK3-8VH","Male"
"LTK3-YL5",23646064099,"GHMC-S6W","Female"
"9915-W3T",23646064100,"GL7X-KX1","Male"
"9915-W3T",23646064101,"GLWD-X2D","Female"
"G34F-CPK",23646064102,"LHTX-J4Y","Male"
"G34F-CPK",23646064103,"G34F-HFB","Female"
"G6T4-VS4",23646064104,"GW1V-6D9","Male"
"29YL-C18",23646064108,"GX5G-839","Male"
"29YL-C18",23646064109,"L87D-4PX","Female"
"9CCZ-PKB",23646064112,"9Z8P-D5J","Male"
"9CCZ-PKB",23646064113,"MHPT-LNL","Female"
"L75S-MVR",23646064114,"G2HQ-H3Y","Male"
"L75S-MVR",23646064115,"G2HQ-4SW","Female"
"GFDK-48G",23646064116,"GFDK-XX3","Male"
"GFDK-48G",23646064117,"GVJP-DFV","Female"
"GD2L-TGY",23646064120,"GCQF-WFQ","Male"
"GD2L-TGY",23646064121,"LKDQ-8DY","Female"
"G6R8-7WV",23646064124,"9CWG-P3Q","Male"
"G6R8-7WV",23646064125,"LCZD-G2Y","Female"
"L7GV-JX4",23646064126,"G8W1-9VC","Male"
"L7GV-JX4",23646064127,"LCZD-G2Y","Female"
"LRHH-DHX",23646064130,"G4HF-GYD","Male"
"LRHH-DHX",23646064131,"G6TV-9F2","Female"
"G88B-91T",23646064132,"G7SN-W7F","Male"
"G88B-91T",23646064133,"GS63-K55","Female"
"9WQT-DRR",23646064136,"G6PH-CW6","Male"
"9WQT-DRR",23646064137,"G8W1-NFV","Female"
"GHXP-711",23646064138,"LKC4-6WB","Male"
"GHXP-711",23646064139,"LKCH-N9Q","Female"
"LCCR-Z5Z",23646064164,"GVHW-NRT","Male"
"LCCR-Z5Z",23646064165,"GKJV-BPC","Female"
"GZ7L-WGP",23646064168,"L2Y4-PVS","Male"
"GZ7L-WGP",23646064169,"LRHH-6SF","Female"
"GCKD-YVB",23646064170,"LV57-XVZ","Male"
"GCKD-YVB",23646064171,"GX8W-RVQ","Female"
"9WQT-DRR",23646064172,"G6PH-CW6","Male"
"9WQT-DRR",23646064173,"G8W1-NFV","Female"
"GHXP-711",23646064174,"LKC4-6WB","Male"
"GHXP-711",23646064175,"LKCH-N9Q","Female"
"GQPW-7F4",23646064176,"LCPL-B93","Male"
"GQPW-7F4",23646064177,"LHKK-4PN","Female"
"GK56-S2G",23646064178,"LRWQ-B3P","Male"
"GK56-S2G",23646064179,"GK56-SW9","Female"
"L8B9-R7W",23646064180,"GGSV-LFL","Male"
"L8B9-R7W",23646064181,"GGSK-HFX","Female"
"LDSS-1KQ",23646064192,"29H4-2Y1","Male"
"G21T-2NY",23646064196,"G7BV-VZL","Male"
"G21T-2NY",23646064197,"GV6J-RQ7","Female"
"GKXZ-H66",23646064198,"G21T-L5C","Male"
"GKXZ-H66",23646064199,"G21T-L5Z","Female"
"GNNF-JLW",23646064208,"G6RW-Z2T","Male"
"GNNF-JLW",23646064209,"G687-CW2","Female"
"9Z8F-7QP",23646064210,"GSVP-H7S","Male"
"9Z8F-7QP",23646064211,"GKDB-2ZZ","Female"
"998F-RYD",23646064212,"GLB9-C37","Male"
"998F-RYD",23646064213,"G2YH-9WG","Female"
"9WYV-M96",23646064214,"GLW3-1SY","Male"
"9WYV-M96",23646064215,"998F-RBL","Female"
"LZ1V-KTQ",23646064216,"9MWR-GHW","Male"
"LZ1V-KTQ",23646064217,"LZ1V-KT6","Female"
"GDN3-LQK",23646064218,"LH8G-2RH","Male"
"GDN3-LQK",23646064219,"LDW2-7JJ","Female"
"GGCR-SMM",23646064220,"LL31-NXN","Male"
"GGCR-SMM",23646064221,"GLWQ-CLK","Female"
"GJ2V-WRY",23646064224,"G233-LXN","Male"
"GJ2V-WRY",23646064225,"GGWK-NT3","Female"
"LD9P-MFB",23646064228,"GC7G-R6L","Male"
"LD9P-MFB",23646064229,"GC7P-77S","Female"
"GNNF-JLW",23646064240,"G6RW-Z2T","Male"
"GNNF-JLW",23646064241,"G687-CW2","Female"
"9Z8F-7QP",23646064242,"GSVP-H7S","Male"
"9Z8F-7QP",23646064243,"GKDB-2ZZ","Female"
"998F-RYD",23646064244,"GLB9-C37","Male"
"998F-RYD",23646064245,"G2YH-9WG","Female"
"9WYV-M96",23646064246,"GLW3-1SY","Male"
"9WYV-M96",23646064247,"998F-RBL","Female"
"LZ1V-KTQ",23646064248,"9MWR-GHW","Male"
"LZ1V-KTQ",23646064249,"LZ1V-KT6","Female"
"GDN3-LQK",23646064250,"LH8G-2RH","Male"
"GDN3-LQK",23646064251,"LDW2-7JJ","Female"
"GGCR-SMM",23646064252,"LL31-NXN","Male"
"GGCR-SMM",23646064253,"GLWQ-CLK","Female"
"GHDT-QDY",23646064256,"GC5W-7SC","Male"
"GHDT-QDY",23646064257,"GNQQ-DLH","Female"
"G233-Z3Q",23646064258,"G23Z-T5F","Male"
"G233-Z3Q",23646064259,"GFJR-GNC","Female"
"MFHW-5JK",23646064264,"GDTQ-S2P","Male"
"MFHW-5JK",23646064265,"GJHW-QG5","Female"
"MFHW-5VS",23646064266,"G2LB-FNQ","Male"
"MFHW-5VS",23646064267,"G6CD-BPD","Female"
"GDDX-26N",23646064290,"L44F-CR9","Male"
"GDDX-26N",23646064291,"KZYR-P8Q","Female"
"GL19-WZ2",23646064289,"GX3Y-LYL","Female"
"GL19-WZ2",23646064288,"GZ16-XQQ","Male"
"L44F-CR9",23646064292,"G247-DDN","Male"
"L44F-CR9",23646064293,"G8W1-3LQ","Female"
"GJHN-D6T",23646064304,"GZLK-BC6","Male"
"GJHN-D6T",23646064305,"GX7F-SCJ","Female"
"GG3N-MY5",23646064306,"GG3N-M8V","Male"
"GG3N-MY5",23646064307,"KF1J-JNH","Female"
"GG91-F5X",23646064308,"GH4Z-B4K","Male"
"GG91-F5X",23646064309,"GJSM-632","Female"
"LRHH-6PZ",23646064310,"L2TR-BZN","Male"
"LRHH-6PZ",23646064311,"L2TR-BDQ","Female"
"LM1H-8JF",23646064312,"GL9R-YL9","Male"
"LM1H-8JF",23646064313,"LDHQ-P5F","Female"
"LBDD-T2H",23646064314,"G2G5-WJR","Male"
"LBDD-T2H",23646064315,"G2G5-FT5","Female"
"LYJ2-TZG",23646064316,"LBX8-DDN","Male"
"LYJ2-TZG",23646064317,"LDW2-4JB","Female"
"LYJ2-LF5",23646064318,"M1S9-5V6","Male"
"GXL2-JW3",23646064336,"9S6P-LSW","Male"
"GXL2-JW3",23646064337,"LRHN-FPJ","Female"
"LB6T-R26",23646064338,"G8TG-KS2","Male"
"LB6T-R26",23646064339,"GJT5-1YP","Female"
"GXL2-PWL",23646064340,"G691-VWG","Male"
"GXL2-PWL",23646064341,"GV6J-RQ7","Female"
"G691-QBT",23646064342,"L2TG-TCJ","Male"
"G691-QBT",23646064343,"L2TG-T8G","Female"
"G8WB-FXH",23646064344,"GNBC-564","Male"
"G8WB-FXH",23646064345,"GNBC-Y2W","Female"
"LRCX-B7P",23646064346,"GNBC-JPH","Male"
"LRCX-B7P",23646064347,"GNBC-T1C","Female"
"GCHN-1NN",23646064348,"L2TT-SGW","Male"
"GCHN-1NN",23646064349,"L2TT-S53","Female"
"LRC2-BZP",23646064350,"L2YR-1PK","Male"
"LRC2-BZP",23646064351,"L2YR-1R8","Female"
"GKKR-SJS",23646064352,"GKZ7-3FR","Male"
"GKKR-SJS",23646064353,"GX7F-4KT","Female"
"GJ1K-3TF",23646064356,"LV57-XVZ","Male"
"GJ1K-3TF",23646064357,"GX8W-RVQ","Female"
"GJ1K-Z21",23646064358,"GVG6-KK3","Male"
"GJ1K-Z21",23646064359,"G8DS-X2X","Female"
"GVML-H6M",23646064360,"GVG6-KK3","Male"
"GVML-H6M",23646064361,"LKGC-R98","Female"
"L2TG-GJM",23646064362,"GHGF-YK8","Male"
"L2TG-GJM",23646064363,"G3BT-C45","Female"
"GJLX-96Z",23646064364,"LVVK-HVJ","Male"
"GJLX-96Z",23646064365,"GX26-XRJ","Female"
"GQQ4-7ZD",23646064366,"GJ34-P31","Male"
"GQQ4-7ZD",23646064367,"GJ34-YRZ","Female"
"GNRP-KHY",23646064368,"GNPC-462","Male"
"GNRP-KHY",23646064369,"G8ML-PM9","Female"
"GJG3-DF2",23646064370,"GNPC-JCY","Male"
"GJG3-DF2",23646064371,"GNR5-4CW","Female"
"9WQB-K5S",23646064376,"LTX7-7HV","Male"
"9WQB-K5S",23646064377,"GVNG-8S3","Female"
"GXRK-V4T",23646064378,"GVG6-KK3","Male"
"GXRK-V4T",23646064379,"G8DS-X2X","Female"
"G622-2DY",23646064386,"GG8R-DMR","Male"
"G622-2DY",23646064387,"GG8T-DPT","Female"
"G6TY-QJN",23646064388,"GHLJ-GR9","Male"
"G6TY-QJN",23646064389,"MBV2-T1M","Female"
"G8W1-9JZ",23646064390,"99RW-M7G","Male"
"KC9S-MPC",23646064392,"G23C-HT1","Male"
"KC9S-MPC",23646064393,"G652-6K6","Female"
"L7JF-2YC",23646064394,"93LP-LVJ","Male"
"L7JF-2YC",23646064395,"LBSF-ZFR","Female"
"LB29-Z1M",23646064424,"GNNF-JLW","Male"
"LB29-Z1M",23646064425,"9Z8F-7QP","Female"
"LY6M-DJJ",23646064426,"998F-RYD","Male"
"LY6M-DJJ",23646064427,"9WYV-M96","Female"
"998F-RYD",23646064448,"GLB9-C37","Male"
"998F-RYD",23646064449,"G2YH-9WG","Female"
"9WYV-M96",23646064450,"GLW3-1SY","Male"
"9WYV-M96",23646064451,"998F-RBL","Female"
"L8T2-WP2",23646064452,"L1MT-98D","Male"
"L8T2-WP2",23646064453,"G6T4-VHF","Female"
"LQR2-NXQ",23646064454,"LYGH-JR3","Male"
"LQR2-NXQ",23646064455,"L8WY-474","Female"
"M1DV-XGP",23646064456,"LBJM-VXF","Male"
"M1DV-XGP",23646064457,"LBDM-38D","Female"
"L19S-RGW",23646064458,"MSZC-Z12","Male"
"L19S-RGW",23646064459,"MFDV-SRR","Female"
"L8BS-C55",23646064460,"LRHD-9QV","Male"
"L8BS-C55",23646064461,"LB28-GGJ","Female"
"9Z45-3FJ",23646064462,"9HYM-8LQ","Male"
"9Z45-3FJ",23646064463,"99VV-38W","Female"
"KZGJ-SQ8",23646064464,"LYGH-JR3","Male"
"KZGJ-SQ8",23646064465,"L8WY-474","Female"
"L87F-RS8",23646064466,"9C8M-C8L","Male"
"L87F-RS8",23646064467,"GH7W-LP9","Female"
"L8T2-WP2",23646064468,"L1MT-98D","Male"
"L8T2-WP2",23646064469,"G6T4-VHF","Female"
"L5T3-JSG",23646064470,"GNYK-VBB","Male"
"L5T3-JSG",23646064471,"GD11-LV8","Female"
"93QC-WRW",23646064472,"LYX7-C8M","Male"
"93QC-WRW",23646064473,"L5NV-7ZQ","Female"
"LVD6-PLK",23646064474,"998F-RYD","Male"
"LVD6-PLK",23646064475,"9WYV-M96","Female"
"L8T2-W14",23646064476,"LCYS-RM7","Male"
"L8T2-W14",23646064477,"LZ69-FWS","Female"
"L64T-8MH",23646064478,"LDWL-NG9","Male"
"LDSM-WYF",23646064480,"998F-RYD","Male"
"LDSM-WYF",23646064481,"9WYV-M96","Female"
"9SZ5-9W1",23646064482,"L8T2-WP2","Male"
"9SZ5-9W1",23646064483,"LQR2-NXQ","Female"
"L8WB-9MG",23646064484,"M1DV-XGP","Male"
"L8WB-9MG",23646064485,"L19S-RGW","Female"
"L8WB-8LY",23646064486,"L8BS-C55","Male"
"L8WB-8LY",23646064487,"9Z45-3FJ","Female"
"9H6D-XP1",23646064488,"LDY5-WRL","Male"
"9H6D-XP1",23646064489,"GXD5-KZT","Female"
"9H6D-XP2",23646064490,"LH8H-YJQ","Male"
"9H6D-XP2",23646064491,"GVM3-D5C","Female"
"LY6D-HVT",23646064492,"KHW8-PT2","Male"
"LY6D-HVT",23646064493,"LT73-7PS","Female"
"LZTQ-MTH",23646064494,"9CJ7-MYH","Male"
"LZTQ-MTH",23646064495,"KZ5G-H74","Female"
"LBBZ-8DB",23646064496,"GWMF-GL3","Male"
"LBBZ-8DB",23646064497,"LDSM-QN8","Female"
"LHZT-ZL9",23646064498,"LB4Q-HKB","Male"
"LHZT-ZL9",23646064499,"LZ4V-V9Y","Female"
"9CS3-646",23646064500,"9H17-VTZ","Male"
"9CS3-646",23646064501,"LY57-55F","Female"
"LY6J-G8R",23646064502,"KN4J-P1M","Male"
"LY6J-G8R",23646064503,"L8M6-YW7","Female"
"LBV3-PXG",23646064504,"LDQ2-Z4X","Male"
"LBV3-PXG",23646064505,"LDS9-G7Q","Female"
"L8WB-MRM",23646064506,"9MC4-P9B","Male"
"L8WB-MRM",23646064507,"9W15-B8Y","Female"
"LTC9-L6F",23646064508,"GVX1-XXB","Male"
"LTC9-L6F",23646064509,"LYR8-2CF","Female"
"LTC9-G9Y",23646064510,"LYK6-S2M","Male"
"LTC9-G9Y",23646064511,"G236-Z9L","Female"
"GH7P-3TW",23646064512,"9Z8X-1VX","Male"
"GH7P-3TW",23646064513,"9Z8X-1VF","Female"
"G6R5-ZG3",23646064514,"L5VV-YBB","Male"
"G6R5-ZG3",23646064515,"GQM1-PP5","Female"
"G6R5-8H1",23646064516,"LHVK-2JV","Male"
"G6R5-8H1",23646064517,"G6R5-VBF","Female"
"G6R5-8H1",23646064524,"LHVK-2JV","Male"
"G6R5-8H1",23646064525,"G6R5-VBF","Female"
"G325-7CS",23646064528,"G8W1-ZMX","Male"
"G325-7CS",23646064529,"G6RP-58K","Female"
"G8WB-2S4",23646064532,"GQS8-4FH","Male"
"GXQP-DGZ",23646064534,"9HLB-3Z2","Male"
"GXQP-DGZ",23646064535,"K4DT-PL4","Female"
"G6R5-8H1",23646064540,"LHVK-2JV","Male"
"G6R5-8H1",23646064541,"G6R5-VBF","Female"
"G3SD-D1M",23646064544,"L5VV-YBB","Male"
"G3SD-D1M",23646064545,"GQM1-PP5","Female"
"9HV8-71B",23646064548,"9HLB-SL5","Male"
"9HV8-71B",23646064549,"LYKN-1SS","Female"
"G8W1-ZMX",23646064552,"GX7F-SMG","Male"
"G8W1-ZMX",23646064553,"GNMN-MLB","Female"
"G6RP-58K",23646064554,"GCSW-VTX","Male"
"G6RP-58K",23646064555,"LQ5P-NJD","Female"
"GH7P-3TW",23646064556,"9Z8X-1VX","Male"
"GH7P-3TW",23646064557,"9Z8X-1VF","Female"
"G6R5-ZG3",23646064558,"L5VV-YBB","Male"
"G6R5-ZG3",23646064559,"GQM1-PP5","Female"
"GVX1-XXB",23646064560,"G7L7-K4V","Male"
"GVX1-XXB",23646064561,"GVMM-WY2","Female"
"LYR8-2CF",23646064562,"LZJX-4WX","Male"
"LYR8-2CF",23646064563,"2ZVG-JS3","Female"
"LYK6-S2M",23646064564,"94BN-14G","Male"
"LYK6-S2M",23646064565,"LZBC-NVG","Female"
"G236-Z9L",23646064566,"GQP1-GKY","Male"
"G236-Z9L",23646064567,"LD33-H5D","Female"
"GMJ9-XT4",23646064568,"LZF4-QQL","Male"
"L8DN-38J",23646064572,"L8DN-3DK","Male"
"L8DN-38J",23646064573,"L8ZD-5QP","Female"
"GQ3M-1M2",23646064574,"9HMZ-6B8","Male"
"GQ3M-1M2",23646064575,"GMNF-7YF","Female"
"G77C-C5D",23646064608,"GKYY-83J","Male"
"G77C-C5D",23646064609,"GVJW-GHK","Female"
"LHN5-G9X",23646064612,"GNFQ-T6J","Male"
"LHN5-G9X",23646064613,"GNFQ-TMS","Female"
"LHN5-GMC",23646064614,"G915-122","Male"
"LHN5-GMC",23646064615,"G91R-M43","Female"
"LVDJ-HBH",23646064616,"LHDT-YTV","Male"
"LVDJ-HBH",23646064617,"LHDT-YYT","Female"
"GGDB-YLM",23646064624,"LYVT-2LR","Male"
"GGDB-YLM",23646064625,"G6CS-LNN","Female"
"G4CX-BLK",23646064626,"M1TN-H75","Male"
"G4CX-BLK",23646064627,"GHRS-RJY","Female"
"KP3V-8XM",23646064628,"9C9F-XG2","Male"
"KP3V-8XM",23646064629,"M1HL-BR5","Female"
"KH5L-XVR",23646064630,"GMS1-QKF","Male"
"KH5L-XVR",23646064631,"L87F-RS8","Female"
"L2QK-S7H",23646064632,"LBL6-LW3","Male"
"L2QK-S7H",23646064633,"G4YN-6FY","Female"
"K8LG-7VF",23646064634,"GWMF-GL3","Male"
"K8LG-7VF",23646064635,"LVK4-6GN","Female"
"9CS3-646",23646064636,"9H17-VTZ","Male"
"9CS3-646",23646064637,"LY57-55F","Female"
"LDSS-26H",23646064640,"9W7P-G88","Male"
"LDSS-26H",23646064641,"GLB2-PPV","Female"
"L6SC-CJF",23646064642,"LZVG-MCV","Male"
"L6SC-CJF",23646064643,"LQR5-6N2","Female"
"LZLQ-664",23646064644,"9S9W-MPL","Male"
"LZLQ-664",23646064645,"KFX1-BZD","Female"
"94HZ-CG3",23646064648,"L4Y9-TXB","Male"
"94HZ-CG3",23646064649,"GSX5-T31","Female"
"LDSS-BYY",23646064650,"99PY-ZDF","Male"
"LDSS-BYY",23646064651,"LD97-C7T","Female"
"L8RR-S6X",23646064652,"LYCT-Y9Q","Male"
"L8RR-S6X",23646064653,"L142-WBW","Female"
"L8RR-S6J",23646064654,"K6WN-292","Male"
"L8RR-S6J",23646064655,"2NBQ-VZ5","Female"
"K8D7-F5D",23646064720,"LZS9-ZC2","Male"
"K8D7-F5D",23646064721,"LZ61-F76","Female"
"LVMH-1XQ",23646064724,"LKDQ-9H8","Male"
"LVMH-1XQ",23646064725,"27P5-QDR","Female"
"9CCJ-FTY",23646064726,"G9JM-FD8","Male"
"9CCJ-FTY",23646064727,"L6ZX-V42","Female"
"K84R-TMS",23646064736,"LDHB-RRD","Male"
"K84R-TMS",23646064737,"GKVP-QMK","Female"
"LTF2-JTC",23646064740,"9SJJ-97N","Male"
"LTF2-JTC",23646064741,"LZJG-K5N","Female"
"LKNM-HR3",23646064742,"LJ2H-W3S","Male"
"LKNM-HR3",23646064743,"LZ2S-DKM","Female"
"L1QD-DXV",23646064744,"GJ2V-WRY","Male"
"L1QD-DXV",23646064745,"G2CN-HW6","Female"
"LD9P-M8N",23646064746,"LD9P-MFB","Male"
"LD9P-M8N",23646064747,"LH6C-VKZ","Female"
"KNDD-84D",23646064752,"L1WT-FRN","Male"
"KNDD-84D",23646064753,"L1WY-QMZ","Female"
"GQQX-89B",23646064754,"LB5R-TH8","Male"
"GQQX-89B",23646064755,"LDHQ-P5F","Female"
"LR6N-PQP",23646064756,"LBJ9-GZ4","Male"
"LR6N-PQP",23646064757,"KZPP-B68","Female"
"LDSS-RGB",23646064758,"L18B-R3G","Male"
"LDSS-RGB",23646064759,"KDQH-DJG","Female"
"LBLP-PPD",23646064766,"G23Z-T5F","Male"
"LBLP-PPD",23646064767,"GFJR-GNC","Female"
"GG6Q-BJ7",23646064768,"GGXJ-WV2","Male"
"GG6Q-BJ7",23646064769,"MKXF-2V3","Female"
"GGBK-ZSM",23646064772,"GPS2-6VY","Male"
"GGBK-ZSM",23646064773,"G2N1-Z6Z","Female"
"GJ8K-PWG",23646064800,"LDSK-NZJ","Male"
"GJ8K-PWG",23646064801,"LDSH-S2T","Female"
"LJYH-M8G",23646064802,"GW69-B2J","Male"
"LJYH-M8G",23646064803,"GXQD-1QL","Female"
"GGLY-G77",23646064804,"GMPD-1D1","Male"
"GGLY-G77",23646064805,"GZQJ-JV8","Female"
"GMGV-QFG",23646064806,"GLFD-7MD","Male"
"GMGV-QFG",23646064807,"GGFH-MVX","Female"
"KDQW-JTJ",23646064808,"9HTX-2CD","Male"
"KDQW-JTJ",23646064809,"G39Q-HBK","Female"
"LDS9-GGV",23646064810,"LZGK-GZB","Male"
"LDS9-GGV",23646064811,"MXKR-J9R","Female"
"G652-89H",23646064816,"LDSS-8LB","Male"
"G652-89H",23646064817,"G2RP-CG1","Female"
"GQJ4-YYT",23646064818,"GKZZ-9SN","Male"
"GQJ4-YYT",23646064819,"GLND-D3K","Female"
"LDMT-W6R",23646064820,"KJP2-TBR","Male"
"LDMT-W6R",23646064821,"GFN3-DQ5","Female"
"LT83-H6M",23646064822,"GQ59-8LX","Male"
"LT83-H6M",23646064823,"GSCJ-Z9D","Female"
"LYCG-D4Z",23646064832,"GJT8-PTZ","Male"
"LYCG-QZM",23646064834,"KZRV-GQV","Male"
"G9M5-FF1",23646064960,"LY9D-2F8","Male"
"G9M5-FF1",23646064961,"L28D-TJH","Female"
"GN9F-M6Q",23646064962,"GJTS-3TP","Male"
"GN9F-M6Q",23646064963,"GN15-LRT","Female"
"LZGQ-LJX",23646064964,"KDQW-JTJ","Male"
"LZGQ-LJX",23646064965,"LDS9-GGV","Female"
"GNSH-WMX",23646064968,"G7NH-CM4","Male"
"GNSH-WMX",23646064969,"G215-VM8","Female"
"G2J9-N5G",23646064980,"GLL2-BZV","Male"
"LT6Z-NRQ",23646064982,"GC4V-KPG","Male"
"LT6Z-NRQ",23646064983,"L175-67M","Female"
"M9L6-6YN",23646064984,"K84R-TMS","Male"
"M9L6-6YN",23646064985,"GGGW-RYH","Female"
"2MYM-NS1",23646064986,"LTF2-JTC","Male"
"2MYM-NS1",23646064987,"LKNM-HR3","Female"
"GD4S-KVF",23646064988,"L1QD-DXV","Male"
"GD4S-KVF",23646064989,"LD9P-M8N","Female"
"GVHW-NRT",23646064992,"GVDF-MGZ","Male"
"GVHW-NRT",23646064993,"GVDX-FF4","Female"
"9CHV-B26",23646065000,"GNSH-WMX","Male"
"9CHV-B26",23646065001,"G215-3C9","Female"
"M9L6-6YN",23646065004,"K84R-TMS","Male"
"M9L6-6YN",23646065005,"GGGW-RYH","Female"
"2MYM-NS1",23646065006,"LTF2-JTC","Male"
"2MYM-NS1",23646065007,"LKNM-HR3","Female"
"G2J9-N5G",23646065012,"GLL2-BZV","Male"
"LT6Z-NRQ",23646065014,"GC4V-KPG","Male"
"LT6Z-NRQ",23646065015,"L175-67M","Female"
"M9L6-6YN",23646065016,"K84R-TMS","Male"
"M9L6-6YN",23646065017,"GGGW-RYH","Female"
"2MYM-NS1",23646065018,"LTF2-JTC","Male"
"2MYM-NS1",23646065019,"LKNM-HR3","Female"
"GD4S-KVF",23646065020,"L1QD-DXV","Male"
"GD4S-KVF",23646065021,"LD9P-M8N","Female"
"GGJ6-93F",23646065152,"GVYJ-ZZJ","Male"
"GGJ6-93F",23646065153,"GGR6-9Q1","Female"
"94RZ-9KC",23646065154,"L198-LRM","Male"
"94RZ-9KC",23646065155,"LCFL-9DP","Female"
"L18X-ZNH",23646065156,"9QZD-J5R","Male"
"L18X-ZNH",23646065157,"L18P-6ZG","Female"
"MVL6-5PR",23646065158,"LDW2-RVK","Male"
"MVL6-5PR",23646065159,"LDW2-RVB","Female"
"L1HZ-WR2",23646065160,"LVTD-MDD","Male"
"L1HZ-WR2",23646065161,"GKYX-DNQ","Female"
"KFLG-12B",23646065164,"28YJ-Z4N","Male"
"KFLG-12B",23646065165,"GGGT-9MX","Female"
"M1TN-H75",23646065168,"GQ1S-8Z6","Male"
"M1TN-H75",23646065169,"GL5F-2BT","Female"
"LJ4D-ZCK",23646065173,"GVHV-7WD","Female"
"LJ4D-ZCK",23646065172,"G9G8-ZCS","Male"
"9S1L-ZP2",23646065174,"G6Z5-SS2","Male"
"9S1L-ZP2",23646065175,"GX7W-7JP","Female"
"G87Q-Z3W",23646065176,"LCP2-CGK","Male"
"G87Q-Z3W",23646065177,"L2YT-FJZ","Female"
"GC32-FML",23646065178,"GV9M-XVB","Male"
"GC32-FML",23646065179,"GV94-MVW","Female"
"9HBT-X6S",23646065216,"LBBZ-8DB","Male"
"9HBT-X6S",23646065217,"LHZT-ZL9","Female"
"LT6K-DY9",23646065220,"LTTW-D77","Male"
"LT6K-DY9",23646065221,"9Q6H-FC9","Female"
"9HZT-7LN",23646065222,"LY3Z-KKZ","Male"
"9HZT-7LN",23646065223,"LDYW-LVH","Female"
"G4XC-Z25",23646065232,"GGCL-R34","Male"
"G4XC-Z25",23646065233,"GZYB-MFF","Female"
"GXQL-V29",23646065236,"G8W1-4RF","Male"
"GXQL-V29",23646065237,"G8WB-FFH","Female"
"GK96-PTN",23646065238,"G8WB-2S4","Male"
"GK96-PTN",23646065239,"GXQP-DGZ","Female"
"MQ97-2VC",23646065240,"9W8M-CH6","Male"
"MQ97-2VC",23646065241,"LB7R-1BV","Female"
"L812-1MZ",23646065242,"9CCG-FKJ","Male"
"L812-1MZ",23646065243,"9H8X-KY4","Female"
"GSWG-DB2",23646065244,"MBMH-FJ9","Male"
"GSWG-DB2",23646065245,"LDSM-3LQ","Female"
"LBVL-MQ9",23646065246,"9S8R-DJY","Male"
"LBVL-MQ9",23646065247,"2Z96-7WY","Female"
"9S1N-9NW",23646065248,"GGG7-VHK","Male"
"9S1N-9NW",23646065249,"GGGW-Q9W","Female"
"GGG7-ZFW",23646065250,"9HGT-9DR","Male"
"GGG7-ZFW",23646065251,"LYVS-QHK","Female"
"9STQ-HGV",23646065252,"KH8K-8HK","Male"
"9STQ-HGV",23646065253,"MLB6-5NL","Female"
"LDGP-6LG",23646065256,"G6QK-DSD","Male"
"LDGP-6LG",23646065257,"KDQW-FYD","Female"
"KC5N-C3N",23646065258,"9ZH7-6PG","Male"
"KC5N-C3N",23646065259,"9QQN-G1J","Female"
"LRBK-WPN",23646065260,"LHRH-LVR","Male"
"LRBK-WPN",23646065261,"L8YM-JSK","Female"
"9WWL-HYB",23646065262,"GJGT-QFP","Male"
"9WWL-HYB",23646065263,"GF1M-Y9H","Female"
"LCB7-3YS",23646065264,"GZBX-QC4","Male"
"LCB7-3YS",23646065265,"29WW-38Z","Female"
"L8T3-L1F",23646065266,"L22D-6BW","Male"
"L8T3-L1F",23646065267,"G7GL-CV5","Female"
"LYV5-RQ5",23646065268,"L2VZ-N2D","Male"
"LYV5-RQ5",23646065269,"M1JC-CL1","Female"
"L1QP-JJ6",23646065270,"GXJZ-L48","Male"
"L1QP-JJ6",23646065271,"GXVG-7M3","Female"
"G9Z2-7RY",23646065272,"9M8D-Z1Y","Male"
"G9Z2-7RY",23646065273,"LBHH-4MZ","Female"
"L4BD-6XM",23646065274,"KHLT-M98","Male"
"L4BD-6XM",23646065275,"LZXB-YHN","Female"
"L528-M9W",23646065276,"LDLH-DPL","Male"
"L528-M9W",23646065277,"GDGN-6LZ","Female"
"L812-24W",23646065278,"LYDP-KBK","Male"
"L812-24W",23646065279,"LBD9-6NQ","Female"
"GX7F-SMG",23646065473,"G6R5-4FL","Female"
"GX7F-SMG",23646065472,"GGYS-RBK","Male"
"GNMN-MLB",23646065474,"GJ8K-PWG","Male"
"GNMN-MLB",23646065475,"LJYH-M8G","Female"
"GCSW-VTX",23646065476,"9HN3-DDK","Male"
"GCSW-VTX",23646065477,"GMNF-7YF","Female"
"LQ5P-NJD",23646065478,"G6GQ-GPW","Male"
"LQ5P-NJD",23646065479,"GCQQ-79T","Female"
"KGCY-X93",23646065488,"LZJX-4WX","Male"
"KGCY-X93",23646065489,"2ZVG-JS3","Female"
"LKN1-5C4",23646065490,"G8WB-KV6","Male"
"L2TT-S8Y",23646065496,"GH77-P5P","Male"
"GQSD-6N5",23646065500,"GW9H-BG2","Male"
"GQSD-6N5",23646065501,"KHFM-BHS","Female"
"LZJX-4WX",23646065504,"G95X-P39","Male"
"LZJX-4WX",23646065505,"GSBX-MD1","Female"
"2ZVG-JS3",23646065506,"L1QG-G8M","Male"
"2ZVG-JS3",23646065507,"LD97-QLP","Female"
"G8WB-KV6",23646065508,"GQ9T-K94","Male"
"G8WB-KV6",23646065509,"GQ9T-L2N","Female"
"GW9H-BG2",23646065528,"GZYK-ZND","Male"
"GW9H-BG2",23646065529,"GMN6-2ZF","Female"
"KHFM-BHS",23646065530,"GH7W-RCP","Male"
"KHFM-BHS",23646065531,"LT7M-GJ7","Female"
"GGS1-V6Q",23646065544,"GGNL-VSY","Male"
"GGS1-V6Q",23646065545,"GGNL-YWP","Female"
"GGJD-J7J",23646065536,"G35P-RJ2","Male"
"GGJD-J7J",23646065537,"GFXG-FRX","Female"
"GGJ6-SCY",23646065538,"GQVJ-56W","Male"
"GGJ6-SCY",23646065539,"G74T-3YP","Female"
"GL64-75Z",23646065540,"KFK5-ZL5","Male"
"GL64-75Z",23646065541,"LBCC-DW3","Female"
"LD9R-RCZ",23646065552,"GGT6-NYC","Male"
"LD9R-RCZ",23646065553,"GGTD-5CG","Female"
"MBWQ-SF3",23646065554,"LH3J-XVF","Male"
"MBWQ-SF3",23646065555,"KN3T-TR3","Female"
"L1R3-QH7",23646065556,"LD9R-5PH","Male"
"L1R3-QH7",23646065557,"LZM1-YM9","Female"
"M33Z-FHV",23646065558,"GGQ2-T6Y","Male"
"M33Z-FHV",23646065559,"GGQ2-FDK","Female"
"L8R2-SJ9",23646065560,"G21Z-QQG","Male"
"L8R2-SJ9",23646065561,"GZ2N-HCQ","Female"
"LCXP-QW3",23646065562,"99PT-X33","Male"
"LCXP-QW3",23646065563,"G21N-VX4","Female"
"LDL5-RBZ",23646065568,"GZ5R-JKZ","Male"
"LDL5-RBZ",23646065569,"GX42-7MH","Female"
"LZZ3-SKR",23646065570,"9HTX-2CD","Male"
"LZZ3-SKR",23646065571,"L83J-4S6","Female"
"L2SG-RHC",23646065584,"9Z4Y-476","Male"
"L2SG-RHC",23646065585,"G396-J2Q","Female"
"GX4P-D1J",23646065586,"G2L1-2VL","Male"
"GX4P-D1J",23646065587,"G8VQ-6D1","Female"
"9Z4Y-476",23646065588,"LD9R-5PH","Male"
"9Z4Y-476",23646065589,"LZM1-YM9","Female"
"G396-J2Q",23646065590,"GSJL-SH8","Male"
"G396-J2Q",23646065591,"G8V9-RRF","Female"
"LD9R-RB7",23646065600,"LD9R-RYR","Male"
"LD9R-RB7",23646065601,"M15L-V4Q","Female"
"LDSS-6H5",23646065602,"L133-HLP","Male"
"LDSS-6H5",23646065603,"KH8N-T92","Female"
"LDMT-HMZ",23646065604,"L8BY-3VJ","Male"
"LDMT-HMZ",23646065605,"94BP-X4Z","Female"
"LD91-ST3",23646065606,"L8YY-5HK","Male"
"LD91-ST3",23646065607,"L8WB-D2Z","Female"
"L6JX-69T",23646065608,"9WMP-NNQ","Male"
"L6JX-69T",23646065609,"945D-J9Y","Female"
"LT1B-6DX",23646065610,"LJB3-5XL","Male"
"LT1B-6DX",23646065611,"GNWS-GB4","Female"
"KHQ6-TFB",23646065612,"LD97-CH9","Male"
"KHQ6-TFB",23646065613,"KH4Q-2SB","Female"
"LDSM-H39",23646065614,"94YF-JDG","Male"
"LDSM-H39",23646065615,"G8WY-6L8","Female"
"MGTC-QTS",23646065616,"LZ48-4FD","Male"
"MGTC-QTS",23646065617,"9HMZ-FQH","Female"
"LB23-RVZ",23646065618,"2Z98-QKN","Male"
"LB23-RVZ",23646065619,"GDCF-ZCT","Female"
"9HNL-1HB",23646065620,"G2S2-PGN","Male"
"9HNL-1HB",23646065621,"GFXP-NMG","Female"
"L1TH-HRK",23646065623,"G2C6-3C9","Female"
"GLB9-C37",23646065624,"LDSQ-XRK","Male"
"GLB9-C37",23646065625,"LCFL-9DP","Female"
"G2YH-9WG",23646065626,"KDQW-JTJ","Male"
"G2YH-9WG",23646065627,"LDS9-GGV","Female"
"GLW3-1SY",23646065628,"9MWR-GHW","Male"
"GLW3-1SY",23646065629,"LZ1V-KT6","Female"
"998F-RBL",23646065630,"9WL8-7LY","Male"
"998F-RBL",23646065631,"LBJR-K79","Female"
"G9FS-D2J",23646065632,"G9FS-2B1","Male"
"G9FS-D2J",23646065633,"LJB9-MKB","Female"
"9H27-6Y3",23646065636,"G6LZ-TWJ","Male"
"MWBC-XS5",23646065638,"9ZHQ-5GQ","Male"
"MWBC-XS5",23646065639,"G6R2-BDM","Female"
"GV18-6H7",23646065640,"9CZC-GSR","Male"
"GV18-6H7",23646065641,"GJBZ-QGS","Female"
"GVQY-MVQ",23646065642,"GVQN-8YV","Male"
"GVQY-MVQ",23646065643,"GVQN-W98","Female"
"M1TN-H75",23646065644,"GQ1S-8Z6","Male"
"M1TN-H75",23646065645,"GL5F-2BT","Female"
"9H17-VTZ",23646065648,"LZGQ-LJX","Male"
"9H17-VTZ",23646065649,"KDQH-DJG","Female"
"LY57-55F",23646065650,"GL9R-YL9","Male"
"LY57-55F",23646065651,"LDHQ-P5F","Female"
"99JL-VFV",23646065652,"GCS7-KQZ","Male"
"99JL-VFV",23646065653,"GJ6J-661","Female"
"GCS7-3JP",23646065654,"GC43-QQ9","Male"
"GCS7-3JP",23646065655,"GZ1L-YCZ","Female"
"LBNP-5M3",23646065656,"LY1Q-F7D","Male"
"LBNP-5M3",23646065657,"G6VH-KZ9","Female"
"G4SG-NWR",23646065658,"9S9P-HNZ","Male"
"G4SG-NWR",23646065659,"LYTJ-J2J","Female"
"GLGS-JN3",23646065663,"GVRZ-1Q7","Female"
"GLTR-YDK",23646065664,"GLB6-MQV","Male"
"GLB1-8LR",23646065666,"GMNX-JGH","Male"
"GLB1-8LR",23646065667,"L2SF-BXZ","Female"
"M1W5-BFF",23646065668,"9376-JCH","Male"
"M1W5-BFF",23646065669,"9HVH-9GD","Female"
"LBM7-XLR",23646065676,"GN1K-X6S","Male"
"LBM7-XLR",23646065677,"G2ZJ-FVP","Female"
"LDSR-1Y7",23646065678,"G7X3-T3S","Male"
"LDSR-1Y7",23646065679,"GNHC-9DJ","Female"
"G96M-2XD",23646065680,"GKQ6-LR7","Male"
"G96M-2XD",23646065681,"G75T-4S3","Female"
"G6H4-KLQ",23646065682,"GXMZ-J8Y","Male"
"G6H4-KLQ",23646065683,"GXMZ-NT3","Female"
"LZJW-MTS",23646065712,"9QQ3-L3Z","Male"
"LZJW-MTS",23646065713,"9QQN-BS3","Female"
"M9L6-6YN",23646065720,"K84R-TMS","Male"
"M9L6-6YN",23646065721,"GGGW-RYH","Female"
"2MYM-NS1",23646065722,"LTF2-JTC","Male"
"2MYM-NS1",23646065723,"LKNM-HR3","Female"
"GD4S-KVF",23646065724,"L1QD-DXV","Male"
"GD4S-KVF",23646065725,"LD9P-M8N","Female"
"M8NQ-LCW",23646065728,"GXGS-JGW","Male"
"M8NQ-LCW",23646065729,"L8T9-YR8","Female"
"LH86-MHT",23646065732,"GMVG-TRT","Male"
"LH86-MHT",23646065733,"GLX6-MY5","Female"
"MHQ8-C73",23646065734,"LB23-61T","Male"
"MHQ8-C73",23646065735,"LH73-BMR","Female"
"LYJ2-TZG",23646065736,"LBX8-DDN","Male"
"LYJ2-TZG",23646065737,"LDW2-4JB","Female"
"LYJ2-LF5",23646065738,"M1S9-5V6","Male"
"GSW1-4MT",23646065740,"G8WY-NB7","Male"
"GSW1-4MT",23646065741,"9Z8H-QFQ","Female"
"L28C-QYX",23646065742,"935X-1CT","Male"
"L28C-QYX",23646065743,"LZS3-9ZK","Female"
"G29L-DN9",23646065744,"GQRQ-LYV","Male"
"G29L-DN9",23646065745,"G6TY-2YB","Female"
"LYKM-77Q",32070691552,"LTX5-SQZ","Male"
"LYKM-77Q",32070691553,"L5K3-3D7","Female"
"G9KN-N8D",32070691554,"G7PX-SZB","Male"
"G9KN-N8D",32070691555,"GNCF-W7M","Female"
"9Z8X-1VX",32070691576,"L2SG-RHC","Male"
"9Z8X-1VX",32070691577,"GX4P-D1J","Female"
"9Z8X-1VF",32070691578,"9Z4Y-476","Male"
"9Z8X-1VF",32070691579,"G396-J2Q","Female"
"LH7J-NP8",32070696960,"LH7J-NY7","Male"
"LH7J-NP8",32070696961,"LH7J-NYG","Female"
"MLM6-7H2",32070696962,"LH7J-NP8","Male"
"MLM6-7H2",32070696963,"LH7J-NR6","Female"
"LZDQ-JG7",32070696964,"G6NX-24G","Male"
"LZDQ-JG7",32070696965,"GX96-71V","Female"
"LZ6B-XP2",32070696966,"LZ6B-XNN","Male"
"LZ6B-XP2",32070696967,"LZ6B-XL1","Female"
"GKQ9-TCV",32070696984,"LH7J-NP8","Male"
"GKQ9-TCV",32070696985,"MLM6-7H2","Female"
"GNWQ-RJ9",32070696986,"LZDQ-JG7","Male"
"GNWQ-RJ9",32070696987,"LZ6B-XP2","Female"
"G83T-LBX",32070696990,"GGVN-VJ2","Male"
"LZS4-WPX",32070696992,"L2G6-41D","Male"
"LZS4-WPX",32070696993,"L2G6-4JT","Female"
"LZS4-75M",32070696994,"L614-VFM","Male"
"LZS4-75M",32070696995,"GFYM-D82","Female"
"G8CM-QM7",32070697000,"L1TM-XV6","Male"
"G8CM-QM7",32070697001,"L1TM-81R","Female"
"27S1-6XD",32070697002,"LTF3-8T1","Male"
"27S1-6XD",32070697003,"LZ2C-N3F","Female"
"GDF5-QBP",32070697004,"GD6T-8VN","Male"
"GDF5-QBP",32070697005,"LB1K-S3X","Female"
"GD3N-78B",32070697024,"G4MS-RQL","Male"
"GD3N-78B",32070697025,"KP74-R3M","Female"
"LZD1-1SW",32070697026,"LX3G-TYF","Male"
"LZD1-1SW",32070697027,"G9Q4-YW4","Female"
"M7NN-WV4",32070697028,"LX7R-K6S","Male"
"M7NN-WV4",32070697029,"G8Y2-Q4K","Female"
"GZW4-89Y",32070697030,"LH7N-2H7","Male"
"GZW4-89Y",32070697031,"LRSD-SFK","Female"
"GW43-53Y",32070697032,"GZ87-P17","Male"
"GW43-53Y",32070697033,"GZ8W-H8D","Female"
"GSCR-WZH",32070697034,"LD9G-XYT","Male"
"GSCR-WZH",32070697035,"GCQ2-9JJ","Female"
"GQKB-2NB",32070697037,"GJ7R-VC1","Female"
"GQKB-2NB",32070697036,"GZT7-5T9","Male"
"LTZD-3HJ",32070697038,"GVJP-BGS","Male"
"LTZD-3HJ",32070697039,"GLXT-SNM","Female"
"LTLV-52V",32070697040,"GHJH-KRD","Male"
"LTLV-52V",32070697041,"L5Y5-T9V","Female"
"LBX4-292",32070697042,"LB4N-WRT","Male"
"LBX4-292",32070697043,"G6MV-3SK","Female"
"LYGQ-LS7",32070697044,"GMNF-VS5","Male"
"LYGQ-LS7",32070697045,"LHTL-3BN","Female"
"LBY3-F59",32070697046,"MB49-XVM","Male"
"LBY3-F59",32070697047,"LHWD-FRW","Female"
"GLYT-LWY",32070697048,"GLDD-NN4","Male"
"GLYT-LWY",32070697049,"LRD1-MQY","Female"
"G6ZF-R7W",32070697050,"LX3G-TYF","Male"
"G6ZF-R7W",32070697051,"LH73-2V6","Female"
"LKHY-MCV",32070697052,"LVY8-5VQ","Male"
"LKHY-MCV",32070697053,"LB2C-2CS","Female"
"2H2N-TJW",32070697054,"L2WM-MC1","Male"
"2H2N-TJW",32070697055,"GD8G-V71","Female"
"LVDH-R93",32070697088,"GHLB-QXD","Male"
"LVDH-R93",32070697089,"GHLB-79H","Female"
"LR91-N5P",32070697090,"GHM1-7BH","Male"
"LR91-N5P",32070697091,"GHMB-YW3","Female"
"GHKP-HW7",32070697092,"G7SX-TVZ","Male"
"GHKP-HW7",32070697093,"GX5Q-WT3","Female"
"LVD5-V1K",32070697096,"LVD5-KMQ","Male"
"LVD5-V1K",32070697097,"LVD5-KS2","Female"
"GZ7J-5PM",32070697098,"GJ9G-PVS","Male"
"GZ7J-5PM",32070697099,"GGJV-8KC","Female"
"GQLS-N4M",32070697101,"GG51-HHH","Female"
"GQLS-8Y8",32070697102,"GQLS-ZH5","Male"
"L8BJ-S9W",32070697104,"L764-L41","Male"
"L8BJ-S9W",32070697105,"L8BN-1PF","Female"
"LVDJ-4LS",32070697106,"G652-32M","Male"
"LVDJ-4LS",32070697107,"G652-3SN","Female"
"KFFM-GMJ",32070697112,"KFX1-1D3","Male"
"M5BB-HDX",32070697128,"GX9V-ZTF","Male"
"M5BB-HDX",32070697129,"LBN2-694","Female"
"L5YW-M2Y",32070697130,"LH8P-TVB","Male"
"L5YW-M2Y",32070697131,"L5KB-56R","Female"
"L83H-NSR",32070697132,"LYLZ-R8T","Male"
"L83H-NSR",32070697133,"29WT-8PQ","Female"
"LWR2-L6G",32070697134,"KJ4B-PPF","Male"
"LWR2-L6G",32070697135,"LHDG-NGQ","Female"
"LQRY-FVL",32070697136,"G2TP-LVC","Male"
"9ZCD-B72",32070697138,"934R-CW3","Male"
"9ZCD-B72",32070697139,"299Z-QHM","Female"
"GNG1-8PC",32070697140,"GNG1-X99","Male"
"GNG1-8PC",32070697141,"GNG1-665","Female"
"GNG1-4QQ",32070697142,"GNG1-F92","Male"
"GNG1-4QQ",32070697143,"GNG1-8ZV","Female"
"G62R-C5T",32070697144,"KZNY-CM1","Male"
"G62R-C5T",32070697145,"GKYT-7J2","Female"
"GCZV-BTV",32070697148,"GK1H-Z6W","Male"
"GCZV-BTV",32070697149,"GK1H-BGY","Female"
"G8W2-SDF",32070697150,"GNG1-CTT","Male"
"G8W2-SDF",32070697151,"GJRL-MXG","Female"
"LVDH-R93",32070697160,"GHLB-QXD","Male"
"LVDH-R93",32070697161,"GHLB-79H","Female"
"LR91-N5P",32070697162,"GHM1-7BH","Male"
"LR91-N5P",32070697163,"GHMB-YW3","Female"
"GHKP-HW7",32070697164,"G7SX-TVZ","Male"
"GHKP-HW7",32070697165,"GX5Q-WT3","Female"
"LCTQ-GT7",32070697168,"G2V7-99Q","Male"
"LCTQ-GT7",32070697169,"G2V7-DYL","Female"
"G65L-JB5",32070697170,"GXTD-QJ2","Male"
"G65L-JB5",32070697171,"GWXD-73S","Female"
"G65G-24Z",32070697172,"GDP7-GB9","Male"
"G65G-24Z",32070697173,"KC4J-QPY","Female"
"GZTF-Q9Q",32070697200,"GL23-S2Z","Male"
"GZTF-Q9Q",32070697201,"GL2Z-1ZT","Female"
"LKC9-4TK",32070697204,"LKC9-8LV","Male"
"LKC9-4TK",32070697205,"LKC9-8RP","Female"
"LKC9-4BG",32070697206,"LKC9-8XX","Male"
"LKC9-4BG",32070697207,"G61C-C1G","Female"
"GK14-T9W",32070697216,"GCZV-BTV","Male"
"GK14-T9W",32070697217,"G8W2-SDF","Female"
"LRR6-929",32070697218,"994K-2QP","Male"
"LRR6-929",32070697219,"LBX4-292","Female"
"GMT6-7Z4",32070697220,"LB4N-WRT","Male"
"GMT6-7Z4",32070697221,"G6MV-3SK","Female"
"L6RV-SW9",32070697248,"G36C-177","Male"
"L6RV-SW9",32070697249,"LBN6-NBN","Female"
"MFW4-C9P",32070697250,"9CD4-C7C","Male"
"MFW4-C9P",32070697251,"9ZHS-5L9","Female"
"L5GH-VP7",32070697252,"LBBR-VR4","Male"
"L5GH-VP7",32070697253,"LYQP-21Y","Female"
"LD9G-FFX",32070697254,"MYBB-D6J","Male"
"LD9G-FFX",32070697255,"LZZ9-HS7","Female"
"LZP3-5VC",32070697256,"L2GJ-6DG","Male"
"LZP3-5VC",32070697257,"LV6X-X45","Female"
"94BL-4JF",32070697258,"LYDY-5F2","Male"
"94BL-4JF",32070697259,"GDYD-G51","Female"
"L81Y-6RF",32070697264,"GZRK-6BD","Male"
"L81Y-6RF",32070697265,"G7S3-RZ1","Female"
"GV2L-13D",32070697268,"9KF7-M5T","Male"
"GV2L-13D",32070697269,"2SK6-YHR","Female"
"G3M2-L5T",32070697270,"G7SQ-MWB","Male"
"G3M2-L5T",32070697271,"G7SQ-CF3","Female"
"LBNQ-MV5",32070697272,"L1KZ-3Q3","Male"
"LBNQ-MV5",32070697273,"GSNJ-XZY","Female"
"LB23-6QC",32070697274,"M29X-QTM","Male"
"LB23-6QC",32070697275,"G7SH-MZC","Female"
"LYCD-LZ8",32070697276,"MM7K-16D","Male"
"LYCD-LZ8",32070697277,"L8RF-C7D","Female"
"K1T8-KNZ",32070697278,"GWXP-GHY","Male"
"K1T8-KNZ",32070697279,"LRGY-GPP","Female"
"GDZ8-BQ2",32070697280,"9M8Z-GYR","Male"
"GDZ8-BQ2",32070697281,"GNQV-HDK","Female"
"LQYK-CM9",32070697282,"G8GS-KL2","Male"
"LQYK-CM9",32070697283,"G8GS-YRG","Female"
"LB5T-GL5",32070697284,"KFKV-96D","Male"
"LB5T-GL5",32070697285,"LR4Q-118","Female"
"K8RT-425",32070697286,"9CQZ-W68","Male"
"K8RT-425",32070697287,"9C3W-LX1","Female"
"KCNH-8YG",32070697288,"KJ4B-PPF","Male"
"KCNH-8YG",32070697289,"LHDG-NGQ","Female"
"G7S4-Y3Q",32070697290,"G7SQ-73F","Male"
"G7S4-Y3Q",32070697291,"GZJC-RTH","Female"
"GFDB-R9S",32070697292,"9QQZ-W7S","Male"
"GFDB-R9S",32070697293,"9QQZ-W7N","Female"
"GQ6W-YZW",32070697294,"L41W-NKN","Male"
"GQ6W-YZW",32070697295,"L41W-NKJ","Female"
"M9WP-FX4",32070697296,"L4BB-391","Male"
"M9WP-FX4",32070697297,"LYKJ-383","Female"
"KDQ8-TWV",32070697298,"L8MJ-ZLQ","Male"
"KDQ8-TWV",32070697299,"LTTF-3K8","Female"
"LYK6-VQ2",32070697300,"LY8C-LSL","Male"
"LYK6-VQ2",32070697301,"LTF9-YV5","Female"
"LB1S-5V6",32070697302,"LD91-Q66","Male"
"LB1S-5V6",32070697303,"LD91-Q6J","Female"
"93RN-C7J",32070697304,"L19M-VCD","Male"
"93RN-C7J",32070697305,"LDQK-6JM","Female"
"9Z8W-FY1",32070697306,"9SFC-97C","Male"
"9Z8W-FY1",32070697307,"LDQK-X3X","Female"
"9SR5-K28",32070697308,"M6FB-J43","Male"
"9SR5-K28",32070697309,"KN65-F1J","Female"
"L1WP-8FB",32070697310,"LBMS-VXP","Male"
"L1WP-8FB",32070697311,"G9Y1-QQS","Female"
"G4MG-W59",32070697344,"G8W9-P2Q","Male"
"G4MG-W59",32070697345,"993J-47W","Female"
"LY3Q-GYF",32070697348,"KNH9-QGC","Male"
"LY3Q-GYF",32070697349,"KZ64-VXQ","Female"
"MBS1-XFW",32070697350,"LY16-VK3","Male"
"MBS1-XFW",32070697351,"9C7B-88C","Female"
"L1Q4-G7V",32070697352,"K2JK-KBY","Male"
"L1Q4-G7V",32070697353,"LBK3-J82","Female"
"LTH9-RKH",32070697354,"LY16-VK3","Male"
"LTH9-RKH",32070697355,"9C7B-88C","Female"
"GMV8-W5P",32070697356,"GL1F-TPT","Male"
"LTF3-8T1",32070697360,"LYZJ-377","Male"
"LTF3-8T1",32070697361,"93M8-21Q","Female"
"LZ2C-N3F",32070697362,"LHW6-QBG","Male"
"LZ2C-N3F",32070697363,"LBK3-J82","Female"
"L1W9-YZ5",32070697364,"LB3W-PR2","Male"
"L1W9-YZ5",32070697365,"KZZH-H9Z","Female"
"LBSJ-C5W",32070697366,"LY16-VK3","Male"
"LBSJ-C5W",32070697367,"9C7B-88C","Female"
"G86V-VGJ",32070697376,"GZFC-F7J","Male"
"G86V-VGJ",32070697377,"GKZL-535","Female"
"LBN5-QN8",32070697384,"L18X-VYY","Male"
"LBN5-QN8",32070697385,"L18X-XS6","Female"
"GWYV-792",32070697386,"9H15-ZH3","Male"
"GWYV-792",32070697387,"9CNJ-GZT","Female"
"L8BZ-MJB",32070697388,"G98D-S29","Male"
"L8BZ-MJB",32070697389,"G8ZF-1RJ","Female"
"GMRB-H63",32070697390,"GL7K-S7Z","Male"
"GMRB-H63",32070697391,"LJ29-GLH","Female"
"LDKK-WR2",32070697392,"G652-7LD","Male"
"LDKK-WR2",32070697393,"GKVH-YQQ","Female"
"G652-S93",32070697394,"G652-32M","Male"
"G652-S93",32070697395,"G652-3SN","Female"
"G652-S92",32070697396,"GJSJ-BQ9","Male"
"G652-7G7",32070697398,"GC45-JPK","Male"
"G652-7G7",32070697399,"GKVC-GVD","Female"
"LB15-S8T",32070697400,"G44Y-2ZB","Male"
"LB15-S8T",32070697401,"LB1P-B4B","Female"
"LHJM-B42",32070697424,"G3P1-BCQ","Male"
"LHJM-B42",32070697425,"G35M-VYL","Female"
"GMKY-FTQ",32070697432,"GQDY-15N","Male"
"GMKY-FTQ",32070697433,"G7QV-NXK","Female"
"L261-NVS",32070697434,"GG7T-NBX","Male"
"L261-NVS",32070697435,"GG7T-LCB","Female"
"LHG3-H55",32070697436,"LVK5-CHY","Male"
"LHG3-H55",32070697437,"GGQS-NHC","Female"
"GDR1-6JF",32070697472,"L15S-5YF","Male"
"GDR1-6JF",32070697473,"LZPZ-MSL","Female"
"GMYL-JWV",32070697474,"GX9V-ZTF","Male"
"GMYL-JWV",32070697475,"LBN2-694","Female"
"G6WG-DYJ",32070697476,"L8BC-8NM","Male"
"G6WG-DYJ",32070697477,"G726-YMK","Female"
"LZP3-5VC",32070697480,"L2GJ-6DG","Male"
"LZP3-5VC",32070697481,"LV6X-X45","Female"
"94BL-4JF",32070697482,"LYDY-5F2","Male"
"94BL-4JF",32070697483,"GDYD-G51","Female"
"GLSN-7T8",32070697488,"GZRK-FHL","Male"
"GLSN-7T8",32070697489,"GNLS-DGH","Female"
"GLSF-YKP",32070697490,"LCRN-ZM4","Male"
"GLSF-YKP",32070697491,"G667-19D","Female"
"GDX8-GTZ",32070697494,"LTMK-XBK","Male"
"GDX8-GTZ",32070697495,"GMNG-ZVY","Female"
"G2MF-YT8",32070697500,"G6F6-4HM","Male"
"G2MF-YT8",32070697501,"GGNK-7LW","Female"
"G6VN-TSZ",32070697502,"GNFS-67C","Male"
"G6VN-TSZ",32070697503,"G6WW-CXF","Female"
"LV7M-47R",32070697504,"G63F-46M","Male"
"LV7M-47R",32070697505,"G475-GQD","Female"
"GNYT-ZXH",32070697506,"GDY9-K14","Male"
"GNYT-ZXH",32070697507,"LVXF-M5T","Female"
"GDY9-K14",32070697508,"GD3G-L7F","Male"
"GDY9-K14",32070697509,"GN88-1T2","Female"
"G6SN-M7P",32070697510,"G6SN-9Z4","Male"
"G6SN-M7P",32070697511,"GL5F-VD6","Female"
"L1DR-DVJ",32070697512,"G6T5-1ZV","Male"
"L1DR-DVJ",32070697513,"G6TR-77T","Female"
"G9DF-2NQ",32070697514,"L4BD-6ZP","Male"
"G9DF-2NQ",32070697515,"GX18-D44","Female"
"L1RZ-QD6",32070697516,"9HDV-QQP","Male"
"L1RZ-QD6",32070697517,"G631-PDR","Female"
"G9NL-G29",32070697520,"G8V2-55J","Male"
"G9NL-G29",32070697521,"GZYB-3NJ","Female"
"GJ47-PC4",32070697524,"L2N4-RW7","Male"
"GJ47-PC4",32070697525,"L2N4-RHN","Female"
"GZ48-1W2",32070697528,"L41W-K72","Male"
"GZ48-1W2",32070697529,"G784-W4Y","Female"
"G78N-VDM",32070697530,"9ZC6-V7G","Male"
"G78N-VDM",32070697531,"GXP5-9NC","Female"
"LHJL-71C",32070697536,"GDW7-1GK","Male"
"LHJL-71C",32070697537,"GN75-DX1","Female"
"GK1L-SHQ",32070697540,"L1Q2-K4K","Male"
"GK1L-SHQ",32070697541,"L2XB-TQL","Female"
"GDQF-SRN",32070697552,"GDQV-R1L","Male"
"GDQF-SRN",32070697553,"G3WG-3HR","Female"
"LC5S-HM5",32070697556,"GM5G-W71","Male"
"LC5S-HM5",32070697557,"LRPH-F8F","Female"
"LH1Q-GQV",32070697560,"LBVB-HJX","Male"
"GV5V-3MC",32070697562,"GQWH-LYB","Male"
"GV5V-3MC",32070697563,"GLK2-NGW","Female"
"G98D-WJY",32070697564,"G2NN-8DM","Male"
"G98D-WJY",32070697565,"KLVS-LD8","Female"
"G7V6-JLC",32070697568,"G7V6-BNG","Male"
"G7V6-JLC",32070697569,"LC5V-ZQY","Female"
"GKYK-DDY",32070697572,"GMN8-YMS","Male"
"GKYK-DDY",32070697573,"L1YT-HVK","Female"
"GDTN-4FD",32070697574,"G64M-LMT","Male"
"GDTN-4FD",32070697575,"GJ8V-N71","Female"
"GHG8-76M",32070697576,"GK39-88K","Male"
"GHG8-76M",32070697577,"GK3S-MVG","Female"
"L5BS-M94",32070697584,"L5BS-S5Z","Male"
"LR5C-FVS",32070697600,"LBK9-GZG","Male"
"LR5C-FVS",32070697601,"LD8X-5FM","Female"
"L83F-P49",32070697602,"MFL3-WN7","Male"
"L83F-P49",32070697603,"LK7G-CS8","Female"
"2Z31-T4C",32070697616,"LZRP-R24","Male"
"2Z31-T4C",32070697617,"LYNW-K9H","Female"
"LYYV-9VK",32070697618,"LZ2N-RKT","Male"
"LYYV-9VK",32070697619,"GQRX-XNY","Female"
"GQRY-FNS",32070697620,"GH13-Z3S","Male"
"GQRY-FNS",32070697621,"GGW6-5GW","Female"
"GJM1-LKK",32070697622,"M5BB-HDX","Male"
"GJM1-LKK",32070697623,"L5YW-M2Y","Female"
"LR7C-5X7",32070697632,"LYSY-YFV","Male"
"LR7C-5X7",32070697633,"LBJZ-G5L","Female"
"LVBJ-GSN",32070697634,"G87R-T8L","Male"
"LVBJ-GSN",32070697635,"GMN1-GZS","Female"
"LVGN-FXB",32070697636,"GDDB-RV2","Male"
"LVGN-FXB",32070697637,"LLWF-47B","Female"
"L8T8-MQL",32070697638,"29Y9-CR1","Male"
"L8T8-MQL",32070697639,"LBXX-7YN","Female"
"G9MV-YDL",32070697640,"GK25-CDQ","Male"
"9H8J-WN9",32070697644,"LXQX-Q4P","Male"
"9H8J-WN9",32070697645,"GMRZ-6XD","Female"
"LRL7-88D",32070697646,"L85N-S44","Male"
"LRL7-88D",32070697647,"L178-499","Female"
"LY65-DCR",32070697664,"GL93-PGQ","Male"
"LY65-DCR",32070697665,"GJ7R-VC1","Female"
"LYY4-Q1V",32070697666,"K2NC-S42","Male"
"LYY4-Q1V",32070697667,"GW6G-73X","Female"
"GDKH-4X6",32070697668,"9Q7D-4L8","Male"
"GDKH-4X6",32070697669,"GDKH-L29","Female"
"G7K9-RRL",32070697670,"GNCY-24K","Male"
"G7K9-RRL",32070697671,"L8BC-ZR5","Female"
"G3D4-ZRC",32070697672,"G228-9SC","Male"
"G3D4-ZRC",32070697673,"GHND-L8X","Female"
"LTRH-NZB",32070697674,"LHR7-KK8","Male"
"LTRH-NZB",32070697675,"KJMM-8GQ","Female"
"G7L9-TQT",32070697676,"9ZCB-FCK","Male"
"G7L9-TQT",32070697677,"MZ78-7N2","Female"
"LBT7-1S7",32070697680,"GNQ4-NNS","Male"
"LBT7-1S7",32070697681,"G6QV-KVT","Female"
"LJG2-CXX",32070697682,"LRSM-JZR","Male"
"LJG2-CXX",32070697683,"GFZQ-LH3","Female"
"9S2L-YB1",32070697684,"GC5P-NFB","Male"
"9S2L-YB1",32070697685,"GH3X-ZW4","Female"
"LZJV-XJS",32070697686,"G69X-SMW","Male"
"LZJV-XJS",32070697687,"G8TB-7H9","Female"
"9SL8-113",32070697688,"LV4W-94K","Male"
"9SL8-113",32070697689,"GHZS-TLV","Female"
"LBC4-65N",32070697690,"LZV7-D7Q","Male"
"LBC4-65N",32070697691,"LT45-68X","Female"
"MNKM-XR8",32070697692,"KFY7-3C8","Male"
"MNKM-XR8",32070697693,"LYL1-48Q","Female"
"9WD4-488",32070697694,"LT2C-DVS","Male"
"9WD4-488",32070697695,"LY9T-HKB","Female"
"LRYD-SQJ",32070697696,"9CZ9-J4L","Male"
"LRYD-SQJ",32070697697,"LZPK-SMV","Female"
"GLQ4-L1D",32070697698,"LB3V-6GS","Male"
"GLQ4-L1D",32070697699,"GWMG-V42","Female"
"LB57-YKT",32070697704,"LB5T-GL5","Male"
"LB57-YKT",32070697705,"K8RT-425","Female"
"LCM6-WCL",32070697706,"GWCK-WC2","Male"
"LCM6-WCL",32070697707,"M7NM-3VB","Female"
"LBXV-7R4",32070697708,"M9WP-FX4","Male"
"LBXV-7R4",32070697709,"KDQ8-TWV","Female"
"KDQ8-MZ1",32070697710,"LYK6-VQ2","Male"
"KDQ8-MZ1",32070697711,"LB1S-5V6","Female"
"G2JK-P8C",32070697716,"LR3K-N99","Male"
"G2JK-P8C",32070697717,"LTJ9-HZV","Female"
"G3VQ-HNM",32070697718,"GQTB-GT5","Male"
"G891-TZ3",32070697720,"G89B-MRQ","Male"
"G891-TZ3",32070697721,"G89Y-BWL","Female"
"L6K2-K1X",32070697722,"G3BK-SBM","Male"
"L6K2-K1X",32070697723,"GNB2-HRG","Female"
"G98C-K3Z",32070697724,"G61C-QMT","Male"
"G98C-K3Z",32070697725,"GKBG-CYQ","Female"
"LR1D-18C",32070697726,"G2MF-YT8","Male"
"LR1D-18C",32070697727,"G6VN-TSZ","Female"
"G7YK-8Z1",32070697728,"G7YK-9K5","Male"
"G7YK-8Z1",32070697729,"L41W-FP7","Female"
"LTGK-Z41",32070697730,"9HQB-93F","Male"
"LTGK-Z41",32070697731,"LCFW-7CT","Female"
"LCR7-FW4",32070697732,"LZPJ-9LP","Male"
"LCR7-FW4",32070697733,"GNHW-RK3","Female"
"LCTY-TQV",32070697734,"GLYP-QWV","Male"
"LCTY-TQV",32070697735,"L87L-G7L","Female"
"G6GV-JH9",32070697736,"GLK2-DXQ","Male"
"G6GV-JH9",32070697737,"9H85-JC9","Female"
"GWBC-W8M",32070697738,"LDFS-PFT","Male"
"GWBC-W8M",32070697739,"LY97-93H","Female"
"LD1Q-D3N",32070697740,"G6S7-7RD","Male"
"G6GV-JH9",32070697744,"GLK2-DXQ","Male"
"G6GV-JH9",32070697745,"9H85-JC9","Female"
"GWBC-W8M",32070697746,"LDFS-PFT","Male"
"GWBC-W8M",32070697747,"LY97-93H","Female"
"LD1Q-D3N",32070697748,"G6S7-7RD","Male"
"LYK3-FYJ",32070697752,"G2P2-5G3","Male"
"LYK3-FYJ",32070697753,"LJJ4-CL3","Female"
"LX3T-3V8",32070697754,"GGS4-69F","Male"
"LX3T-3V8",32070697755,"GGGS-2LD","Female"
"GCMD-QRS",32070697756,"GCQS-D6M","Male"
"GNCB-F7Y",32070697758,"GGZ9-SBV","Male"
"GNCB-F7Y",32070697759,"LTTY-J48","Female"
"L8MR-9ZF",32070697760,"L2ZF-S79","Male"
"L8MR-9ZF",32070697761,"LH7J-2NG","Female"
"M646-RW6",32070697764,"LY7N-4ZM","Male"
"M646-RW6",32070697765,"GNZF-C79","Female"
"L29N-TCV",32070697766,"L23X-LTL","Male"
"L29N-TCV",32070697767,"LYQ9-J4L","Female"
"GD4Y-YQ6",32070697768,"GM1M-38C","Male"
"GD4Y-YQ6",32070697769,"GQL9-2YP","Female"
"9W6W-N2J",32070697772,"G613-61D","Male"
"9W6W-N2J",32070697773,"GLM6-6MC","Female"
"GL2Z-3HY",32070697774,"GQBX-LW3","Male"
"GL2Z-3HY",32070697775,"GF61-CVL","Female"
"G7QK-LVH",32070697776,"G61S-QZK","Male"
"G7QK-LVH",32070697777,"GQJ5-QSV","Female"
"G9FK-H8T",32070697778,"94VG-S6Q","Male"
"G9FK-H8T",32070697779,"L85S-Z8Z","Female"
"9C39-L4Z",32070697780,"LYD3-3C6","Male"
"9C39-L4Z",32070697781,"KN4F-HR7","Female"
"LHKM-46V",32070697782,"94VG-S6Q","Male"
"LHKM-46V",32070697783,"L85S-Z8Z","Female"
"KT7Q-1B9",32070697784,"GSLY-GQC","Male"
"KT7Q-1B9",32070697785,"GW3T-8BZ","Female"
"GCNK-9TM",32070697786,"L87D-W52","Male"
"GCNK-9TM",32070697787,"GHB6-YQM","Female"
"LTGY-LZ2",32070697788,"GN1M-FXS","Male"
"LTGY-LZ2",32070697789,"GF61-3LX","Female"
"94NW-5VM",32070697790,"G6HH-Q8K","Male"
"94NW-5VM",32070697791,"GF61-FJN","Female"
"GZVN-J45",32070697858,"GQS7-W3K","Male"
"GZVN-J45",32070697859,"GZGM-XPD","Female"
"GW5W-12V",32070697864,"GDXQ-5YJ","Male"
"GW5W-12V",32070697865,"G4N4-7Z2","Female"
"GDXQ-YN8",32070697866,"L2Y2-WM5","Male"
"GDXQ-YN8",32070697867,"LDC9-PLY","Female"
"GN3X-J7T",32070697870,"GH2T-5KY","Male"
"M6Z7-L6C",32070697872,"MPLV-TRC","Male"
"M6Z7-L6C",32070697873,"LZBP-626","Female"
"M4Q7-84C",32070697874,"9C79-9K1","Male"
"M4Q7-84C",32070697875,"L62X-VD6","Female"
"K1TD-YZL",32070697876,"LT3T-MGK","Male"
"K1TD-YZL",32070697877,"9SQM-SHN","Female"
"LY6M-3QB",32070697878,"GLD9-MW8","Male"
"LY6M-3QB",32070697879,"GGHT-15P","Female"
"LDTM-WLJ",32070697880,"G3DB-FD8","Male"
"LDTM-WLJ",32070697881,"GN8C-JN6","Female"
"GVR1-LCK",32070697882,"GL4H-85D","Male"
"GVR1-LCK",32070697883,"GL44-56S","Female"
"LD91-3K9",32070697884,"LYK6-VQ2","Male"
"LD91-3K9",32070697885,"LB1S-5V6","Female"
"L8BX-895",32070697886,"K24L-MWK","Male"
"L8BX-895",32070697887,"LR4Q-118","Female"
"LY4T-PWX",32070697888,"LLC4-T99","Male"
"LY4T-PWX",32070697889,"2Z98-1Z2","Female"
"G9YW-R66",32070697890,"L2FR-3BN","Male"
"G9YW-R66",32070697891,"LHJS-HKS","Female"
"G73T-5FL",32070697892,"L6NJ-P7F","Male"
"G73T-5FL",32070697893,"LB83-VZP","Female"
"MM1V-BBF",32070697894,"LZJ6-NTD","Male"
"MM1V-BBF",32070697895,"GCBX-QHB","Female"
"G61W-8MS",32070697896,"GF48-R77","Male"
"G614-ZM9",32070697898,"GLVB-53B","Male"
"G614-ZM9",32070697899,"GLVB-BFC","Female"
"G7RZ-D4J",32070697904,"933B-V3S","Male"
"G7RZ-D4J",32070697905,"LYVT-X4N","Female"
"LZY7-XNZ",32070697908,"GF6C-GDV","Male"
"LZY7-XNZ",32070697909,"L4WP-FXD","Female"
"L89R-QCP",32070697910,"LYHK-38F","Male"
"L89R-QCP",32070697911,"GNRD-63Q","Female"
"LKLF-NF6",32070697912,"G8WL-LMB","Male"
"GL6V-XD7",32070697920,"LTCK-LFJ","Male"
"GL6V-XD7",32070697921,"LRQ7-S7P","Female"
"LBCK-CLF",32070697922,"G7SH-Q22","Male"
"LBCK-CLF",32070697923,"GVBD-TL3","Female"
"GDJD-T96",32070697928,"LRS7-ZBD","Male"
"GDJD-T96",32070697929,"LTNG-31D","Female"
"L2YM-WQJ",32070697930,"G34F-21D","Male"
"L2YM-WQJ",32070697931,"G6FT-M68","Female"
"GGM4-LY5",32070697932,"GSHC-ZWX","Male"
"G7S4-Y3Q",32070697934,"G7SQ-73F","Male"
"G7S4-Y3Q",32070697935,"GZJC-RTH","Female"
"LTY5-M6D",32070697936,"LYK6-VQ2","Male"
"LTY5-M6D",32070697937,"LB1S-5V6","Female"
"LBTT-QQ8",32070697938,"LH8H-55N","Male"
"LBTT-QQ8",32070697939,"M97Y-P66","Female"
"LZ2W-NR3",32070697940,"LY9N-JV6","Male"
"LZ2W-NR3",32070697941,"GJP8-4HK","Female"
"LHGQ-7LQ",32070697942,"G69L-QVB","Male"
"LHGQ-7LQ",32070697943,"LC1B-VQ9","Female"
"27SS-69Y",32070697944,"LKG5-JGC","Male"
"27SS-69Y",32070697945,"27S3-RQL","Female"
"GJMK-D1R",32070697948,"KNWM-QD1","Male"
"GJMK-D1R",32070697949,"LRML-XM8","Female"
"KJ8J-H6N",32070697950,"LRMZ-WP8","Male"
"KJ8J-H6N",32070697951,"LRMZ-WHQ","Female"
"LLWC-9MX",32070697952,"L8SN-W41","Male"
"LLWC-9MX",32070697953,"GZ4K-Y8S","Female"
"9CX4-3XZ",32070697954,"LY9D-4VD","Male"
"9CX4-3XZ",32070697955,"GMCL-68N","Female"
"GHGC-9Z8",32070697960,"GF83-SCQ","Male"
"GHGC-9Z8",32070697961,"GF8C-YS6","Female"
"GMBM-2PP",32070697962,"LKDQ-D6N","Male"
"GMBM-2PP",32070697963,"LVJ2-1WJ","Female"
"L15J-7TP",32070697964,"LCCN-84D","Male"
"L15J-7TP",32070697965,"LKNK-QNQ","Female"
"LB4D-PS4",32070697966,"GF91-YG4","Male"
"LB4D-PS4",32070697967,"GFL9-H43","Female"
"G8CM-QM7",32070697968,"L1TM-XV6","Male"
"G8CM-QM7",32070697969,"L1TM-81R","Female"
"27S1-6XD",32070697970,"LTF3-8T1","Male"
"27S1-6XD",32070697971,"LZ2C-N3F","Female"
"G643-YCZ",32070697972,"G33P-SDQ","Male"
"G643-YCZ",32070697973,"MP73-627","Female"
"KTSQ-CCP",32070697974,"L5R2-HKJ","Male"
"KTSQ-CCP",32070697975,"LJL3-LSK","Female"
"9W69-28F",32070697976,"L2RM-4BW","Male"
"9W69-28F",32070697977,"9HB9-VPP","Female"
"LYLB-RH1",32070697978,"KFY7-3C8","Male"
"LYLB-RH1",32070697979,"LYL1-48Q","Female"
"2Z98-FBR",32070697980,"L5GH-VP7","Male"
"2Z98-FBR",32070697981,"LD9G-FFX","Female"
"9W67-XYT",32070697982,"LBN4-9G8","Male"
"9W67-XYT",32070697983,"LHGM-XQJ","Female"
"L4TT-GP6",32070698240,"L4TT-GTL","Male"
"L4TT-GP6",32070698241,"L4TT-GYY","Female"
"GKQ9-TCV",32070701056,"LH7J-NP8","Male"
"GKQ9-TCV",32070701057,"MLM6-7H2","Female"
"GNWQ-RJ9",32070701058,"LZDQ-JG7","Male"
"GNWQ-RJ9",32070701059,"LZ6B-XP2","Female"
"G83T-LBX",32070701062,"GGVN-VJ2","Male"
"GQL4-Q1Y",32070701068,"GKQ9-TCV","Male"
"GQL4-Q1Y",32070701069,"GNWQ-RJ9","Female"
"GQL4-JMT",32070701070,"G83Y-7NL","Male"
"GQL4-JMT",32070701071,"G83T-LBX","Female"
"LZS4-38N",32070701072,"LZS4-WPX","Male"
"LZS4-38N",32070701073,"LZS4-75M","Female"
"L8BH-DNR",32070701074,"KHH2-P9R","Male"
"LCTH-2LK",32070701076,"G8CM-QM7","Male"
"LCTH-2LK",32070701077,"27S1-6XD","Female"
"G6TP-3XR",32070701078,"GDF5-QBP","Male"
"G6TP-3XR",32070701079,"K2VW-KL8","Female"
"GNDG-N56",32070701088,"GD3N-78B","Male"
"GNDG-N56",32070701089,"LZD1-1SW","Female"
"GK7X-HJ4",32070701090,"M7NN-WV4","Male"
"GK7X-HJ4",32070701091,"GZW4-89Y","Female"
"LZ2B-9LC",32070701092,"GW43-53Y","Male"
"LZ2B-9LC",32070701093,"GSCR-WZH","Female"
"LWFD-6LQ",32070701094,"GQKB-2NB","Male"
"LWFD-6LQ",32070701095,"LTZD-3HJ","Female"
"LYGQ-KYH",32070701096,"LTLV-52V","Male"
"LYGQ-KYH",32070701097,"LBX4-292","Female"
"LYG7-73W",32070701098,"LYGQ-LS7","Male"
"LYG7-73W",32070701099,"LBY3-F59","Female"
"LYF4-BB9",32070701100,"GLYT-LWY","Male"
"LYF4-BB9",32070701101,"G6ZF-R7W","Female"
"LC58-R62",32070701102,"LKHY-MCV","Male"
"LC58-R62",32070701103,"2H2N-TJW","Female"
"LBSH-S7L",32070701120,"LVDH-R93","Male"
"LBSH-S7L",32070701121,"LR91-N5P","Female"
"G22K-B2J",32070701122,"GHKP-HW7","Male"
"G22K-B2J",32070701123,"G3K8-YRL","Female"
"9HD5-TC4",32070701124,"LVD5-V1K","Male"
"9HD5-TC4",32070701125,"GZ7J-5PM","Female"
"GV65-XQK",32070701126,"GQLS-N4M","Male"
"GV65-XQK",32070701127,"GQLS-8Y8","Female"
"G9MM-MJ8",32070701128,"L8BJ-S9W","Male"
"G9MM-MJ8",32070701129,"LVDJ-4LS","Female"
"LVDJ-42Y",32070701130,"G6ZZ-N6C","Male"
"LVDJ-42Y",32070701131,"G6ZZ-52G","Female"
"LZ2L-RGQ",32070701132,"KFFM-GMJ","Male"
"LZ2L-RGQ",32070701133,"9CHT-MSB","Female"
"LZ2L-RGB",32070701134,"L27Q-MQG","Male"
"KZ5G-1Q7",32070701136,"LYB6-JG9","Male"
"KZ5G-1Q7",32070701137,"LYB6-RF3","Female"
"LK7H-QZ9",32070701140,"M5BB-HDX","Male"
"LK7H-QZ9",32070701141,"L5YW-M2Y","Female"
"LR37-FT6",32070701142,"L83H-NSR","Male"
"LR37-FT6",32070701143,"LWR2-L6G","Female"
"MCMK-LX2",32070701144,"LQRY-FVL","Male"
"MCMK-LX2",32070701145,"9ZCD-B72","Female"
"934R-CS5",32070701146,"GNG1-8PC","Male"
"934R-CS5",32070701147,"GNG1-4QQ","Female"
"LHHT-GTJ",32070701148,"G62R-C5T","Male"
"LHHT-GTJ",32070701149,"GKYT-W2S","Female"
"GJRL-ZQW",32070701150,"GCZV-BTV","Male"
"GJRL-ZQW",32070701151,"G8W2-SDF","Female"
"LBSH-S7L",32070701156,"LVDH-R93","Male"
"LBSH-S7L",32070701157,"LR91-N5P","Female"
"G22K-B2J",32070701158,"GHKP-HW7","Male"
"G22K-B2J",32070701159,"G3K8-YRL","Female"
"GQQX-SNQ",32070701160,"LCTQ-GT7","Male"
"GQQX-SNQ",32070701161,"G65L-JB5","Female"
"LYBY-95F",32070701162,"G65G-24Z","Male"
"LYBY-95F",32070701163,"LTRY-6DW","Female"
"G65G-65P",32070701164,"GFDK-DH1","Male"
"G65G-65P",32070701165,"GFDK-Z74","Female"
"GZZY-MZ5",32070701176,"GZTF-Q9Q","Male"
"GZZY-MZ5",32070701177,"GZTF-77N","Female"
"LKC9-HZL",32070701178,"LKC9-4TK","Male"
"LKC9-HZL",32070701179,"LKC9-4BG","Female"
"GQ5Z-5W4",32070701180,"GLK2-NJJ","Male"
"G928-D6S",32070701184,"GK14-T9W","Male"
"G928-D6S",32070701185,"LRR6-929","Female"
"G928-ZPN",32070701186,"GMT6-7Z4","Male"
"G928-ZPN",32070701187,"GMN1-HQR","Female"
"LD99-6DQ",32070701200,"L6RV-SW9","Male"
"LD99-6DQ",32070701201,"MFW4-C9P","Female"
"9Z8F-3Z5",32070701202,"L5GH-VP7","Male"
"9Z8F-3Z5",32070701203,"LD9G-FFX","Female"
"LBJR-RJN",32070701204,"LZP3-5VC","Male"
"LBJR-RJN",32070701205,"94BL-4JF","Female"
"LFBB-3HD",32070701206,"MQP3-YL6","Male"
"LFBB-3HD",32070701207,"K4R2-KP7","Female"
"GV2L-FDY",32070701208,"L81Y-6RF","Male"
"GV2L-FDY",32070701209,"G7L3-J4Y","Female"
"GV2L-RRQ",32070701210,"GV2L-13D","Male"
"GV2L-RRQ",32070701211,"G3M2-L5T","Female"
"L812-KDN",32070701212,"LBNQ-MV5","Male"
"L812-KDN",32070701213,"LB23-6QC","Female"
"LBJ8-S4Q",32070701214,"LYCD-LZ8","Male"
"LBJ8-S4Q",32070701215,"K1T8-KNZ","Female"
"K65W-GFS",32070701216,"GDZ8-BQ2","Male"
"K65W-GFS",32070701217,"LQYK-CM9","Female"
"K4VN-71C",32070701218,"LB5T-GL5","Male"
"K4VN-71C",32070701219,"K8RT-425","Female"
"GG9T-WBD",32070701220,"KCNH-8YG","Male"
"GG9T-WBD",32070701221,"G7S4-Y3Q","Female"
"GFDB-V6Y",32070701222,"GFDB-R9S","Male"
"GFDB-V6Y",32070701223,"GQ6W-YZW","Female"
"LBXV-7R4",32070701224,"M9WP-FX4","Male"
"LBXV-7R4",32070701225,"KDQ8-TWV","Female"
"KDQ8-MZ1",32070701226,"LYK6-VQ2","Male"
"KDQ8-MZ1",32070701227,"LB1S-5V6","Female"
"LBLV-3JN",32070701228,"93RN-C7J","Male"
"LBLV-3JN",32070701229,"9Z8W-FY1","Female"
"K8DW-TFC",32070701230,"9SR5-K28","Male"
"K8DW-TFC",32070701231,"L1WP-8FB","Female"
"GLVY-3HL",32070701248,"G4MG-W59","Male"
"GLVY-3HL",32070701249,"L1FY-6JT","Female"
"GVRZ-P73",32070701250,"LY3Q-GYF","Male"
"GVRZ-P73",32070701251,"MBS1-XFW","Female"
"GGLY-SQ6",32070701252,"L1Q4-G7V","Male"
"GGLY-SQ6",32070701253,"LTH9-RKH","Female"
"L621-NSM",32070701254,"GMV8-W5P","Male"
"L621-NSM",32070701255,"GMV8-7X9","Female"
"LYZJ-32W",32070701256,"LTF3-8T1","Male"
"LYZJ-32W",32070701257,"LZ2C-N3F","Female"
"LB5W-SXF",32070701258,"L1W9-YZ5","Male"
"LB5W-SXF",32070701259,"LBSJ-C5W","Female"
"LJ51-5SZ",32070701264,"G86V-VGJ","Male"
"LJ51-5SZ",32070701265,"G652-3KN","Female"
"LX7M-RR6",32070701268,"LBN5-QN8","Male"
"LX7M-RR6",32070701269,"GWYV-792","Female"
"LZNN-2G9",32070701270,"L8BZ-MJB","Male"
"LZNN-2G9",32070701271,"GMRB-H63","Female"
"L633-L63",32070701272,"LDKK-WR2","Male"
"L633-L63",32070701273,"G652-S93","Female"
"L68W-8MG",32070701274,"G652-S92","Male"
"L68W-8MG",32070701275,"G652-7G7","Female"
"GLQ7-TH8",32070701276,"LB15-S8T","Male"
"GLQ7-TH8",32070701277,"GMDD-Y22","Female"
"G3JD-5ND",32070701280,"GFCF-3VK","Male"
"G3JD-5ND",32070701281,"GFCF-3KC","Female"
"9CHR-F7X",32070701282,"9CHT-HFL","Male"
"9CHR-F7X",32070701283,"9CHT-HFG","Female"
"L63D-YGJ",32070701288,"LHJM-B42","Male"
"L63D-YGJ",32070701289,"LHJM-YFD","Female"
"GMKY-KSM",32070701292,"GMKY-FTQ","Male"
"GMKY-KSM",32070701293,"L261-NVS","Female"
"LBY6-1JZ",32070701294,"LHG3-H55","Male"
"LBY6-1JZ",32070701295,"LVQ5-S89","Female"
"LZ8N-3P6",32070701312,"GDR1-6JF","Male"
"LZ8N-3P6",32070701313,"GMYL-JWV","Female"
"G486-K4B",32070701314,"G6WG-DYJ","Male"
"G486-K4B",32070701315,"GJM2-2Q3","Female"
"LBJR-RJN",32070701316,"LZP3-5VC","Male"
"LBJR-RJN",32070701317,"94BL-4JF","Female"
"LFBB-3HD",32070701318,"MQP3-YL6","Male"
"LFBB-3HD",32070701319,"K4R2-KP7","Female"
"G6F6-9WN",32070701320,"GLSN-7T8","Male"
"G6F6-9WN",32070701321,"GLSF-YKP","Female"
"G6W1-RXM",32070701322,"LK7Z-HJ6","Male"
"G6W1-RXM",32070701323,"GDX8-GTZ","Female"
"LDYZ-QNP",32070701326,"G2MF-YT8","Male"
"LDYZ-QNP",32070701327,"G6VN-TSZ","Female"
"L1KZ-3Q3",32070701328,"LV7M-47R","Male"
"L1KZ-3Q3",32070701329,"GNYT-ZXH","Female"
"GSNJ-XZY",32070701330,"GDY9-K14","Male"
"GSNJ-XZY",32070701331,"G6SN-M7P","Female"
"M29X-QTM",32070701332,"L1DR-DVJ","Male"
"M29X-QTM",32070701333,"G9DF-2NQ","Female"
"G7SH-MZC",32070701334,"L1RZ-QD6","Male"
"G7SH-MZC",32070701335,"9M8Z-GBZ","Female"
"MM7K-16D",32070701336,"G9NL-G29","Male"
"MM7K-16D",32070701337,"GQVV-RK2","Female"
"L8RF-C7D",32070701338,"GJ47-PC4","Male"
"GWXP-GHY",32070701340,"GZ48-1W2","Male"
"GWXP-GHY",32070701341,"G78N-VDM","Female"
"LRGY-GPP",32070701342,"GJ1C-7QP","Male"
"LRGY-GPP",32070701343,"GJ1H-5S5","Female"
"GKFQ-7Y2",32070701344,"LHJL-71C","Male"
"GKFQ-7Y2",32070701345,"LHJL-WNW","Female"
"GWK7-LXK",32070701346,"GK1L-SHQ","Male"
"GWK7-LXK",32070701347,"KLB1-DNY","Female"
"L1RS-BNL",32070701352,"GDQF-SRN","Male"
"L1RS-BNL",32070701353,"94QY-3FD","Female"
"GGQT-WH7",32070701354,"LC5S-HM5","Male"
"GGQT-WH7",32070701355,"LV7S-MJH","Female"
"L7JS-Q5M",32070701356,"LH1Q-GQV","Male"
"L7JS-Q5M",32070701357,"GV5V-3MC","Female"
"K2MS-XH4",32070701358,"G98D-WJY","Male"
"K2MS-XH4",32070701359,"G98D-Z7F","Female"
"LZP7-6QQ",32070701360,"G7V6-JLC","Male"
"LZP7-6QQ",32070701361,"LCTW-YJC","Female"
"G2V7-9MJ",32070701362,"GKYK-DDY","Male"
"G2V7-9MJ",32070701363,"GDTN-4FD","Female"
"LYG8-35B",32070701364,"GHG8-76M","Male"
"LYG8-35B",32070701365,"GK9N-WM8","Female"
"GK7J-N7F",32070701366,"GNVF-5PK","Male"
"GK7J-N7F",32070701367,"GQ5J-9Y6","Female"
"G714-44W",32070701368,"L5BS-M94","Male"
"G714-44W",32070701369,"L5B9-Y2L","Female"
"G6SW-7WT",32070701376,"LR5C-FVS","Male"
"G6SW-7WT",32070701377,"L83F-P49","Female"
"KCP5-7ZZ",32070701380,"K88T-TRC","Male"
"KCP5-7ZZ",32070701381,"LHB5-2ZS","Female"
"LKKM-WPT",32070701384,"2Z31-T4C","Male"
"LKKM-WPT",32070701385,"LYYV-9VK","Female"
"LBQ8-S29",32070701386,"GQRY-FNS","Male"
"LBQ8-S29",32070701387,"GJM1-LKK","Female"
"G9PV-MYN",32070701392,"LR7C-5X7","Male"
"G9PV-MYN",32070701393,"LVBJ-GSN","Female"
"LYWJ-TYM",32070701394,"LVGN-FXB","Male"
"LYWJ-TYM",32070701395,"L8T8-MQL","Female"
"LTMB-L31",32070701396,"G9MV-YDL","Male"
"LTMB-L31",32070701397,"GK25-Z8S","Female"
"GS5W-FSD",32070701398,"9H8J-WN9","Male"
"GS5W-FSD",32070701399,"LRL7-88D","Female"
"L154-DS2",32070701408,"LY65-DCR","Male"
"L154-DS2",32070701409,"LYY4-Q1V","Female"
"GW32-1QQ",32070701410,"GDKH-4X6","Male"
"GW32-1QQ",32070701411,"G7K9-RRL","Female"
"GG9G-CDL",32070701412,"G3D4-ZRC","Male"
"GG9G-CDL",32070701413,"LTRH-NZB","Female"
"99SC-YPP",32070701414,"G7L9-TQT","Male"
"GN35-TP9",32070701416,"LBT7-1S7","Male"
"GN35-TP9",32070701417,"LJG2-CXX","Female"
"GGFT-3XF",32070701418,"9S2L-YB1","Male"
"GGFT-3XF",32070701419,"LZJV-XJS","Female"
"L63D-RJQ",32070701420,"9SL8-113","Male"
"L63D-RJQ",32070701421,"LBC4-65N","Female"
"GH2D-T6K",32070701422,"MNKM-XR8","Male"
"GH2D-T6K",32070701423,"9WD4-488","Female"
"GJZN-S8X",32070701424,"LRYD-SQJ","Male"
"GJZN-S8X",32070701425,"GLQ4-L1D","Female"
"LB5W-MSC",32070701428,"LB57-YKT","Male"
"LB5W-MSC",32070701429,"LCM6-WCL","Female"
"LB6L-Z6K",32070701430,"LBXV-7R4","Male"
"LB6L-Z6K",32070701431,"KDQ8-MZ1","Female"
"LKQL-P7D",32070701432,"GSCV-S39","Male"
"LKQL-P7D",32070701433,"G6VF-VGW","Female"
"L6K2-VK1",32070701434,"G2JK-P8C","Male"
"L6K2-VK1",32070701435,"G3VQ-HNM","Female"
"2MRP-KJT",32070701436,"G891-TZ3","Male"
"2MRP-KJT",32070701437,"L6K2-K1X","Female"
"L6K2-KK2",32070701438,"G98C-K3Z","Male"
"L6K2-KK2",32070701439,"LR1D-18C","Female"
"GZKL-SCM",32070701440,"G7YK-8Z1","Male"
"GZKL-SCM",32070701441,"LTGK-Z41","Female"
"LL3D-18V",32070701442,"LCR7-FW4","Male"
"LL3D-18V",32070701443,"LCTY-TQV","Female"
"LHD8-8K6",32070701444,"G6GV-JH9","Male"
"LHD8-8K6",32070701445,"GWBC-W8M","Female"
"L41W-NN4",32070701446,"LD1Q-D3N","Male"
"L41W-NN4",32070701447,"M16J-C1Q","Female"
"LHD8-8K6",32070701448,"G6GV-JH9","Male"
"LHD8-8K6",32070701449,"GWBC-W8M","Female"
"L41W-NN4",32070701450,"LD1Q-D3N","Male"
"L41W-NN4",32070701451,"M16J-C1Q","Female"
"LCV1-9G2",32070701452,"LYK3-FYJ","Male"
"LCV1-9G2",32070701453,"LX3T-3V8","Female"
"LXW8-WS5",32070701454,"GCMD-QRS","Male"
"LXW8-WS5",32070701455,"GNCB-F7Y","Female"
"L55B-DKZ",32070701456,"L8MR-9ZF","Male"
"L55B-DKZ",32070701457,"9M22-KFF","Female"
"L55B-N8C",32070701458,"M646-RW6","Male"
"L55B-N8C",32070701459,"L29N-TCV","Female"
"MKFN-FXZ",32070701460,"GD4Y-YQ6","Male"
"GXMY-TPN",32070701462,"9W6W-N2J","Male"
"GXMY-TPN",32070701463,"GL2Z-3HY","Female"
"G22L-C5Z",32070701464,"G7QK-LVH","Male"
"G22L-C5Z",32070701465,"G9FK-H8T","Female"
"KN43-FJM",32070701466,"9C39-L4Z","Male"
"KN43-FJM",32070701467,"LHKM-46V","Female"
"G6Y4-S42",32070701468,"KT7Q-1B9","Male"
"G6Y4-S42",32070701469,"GCNK-9TM","Female"
"G3BG-BJH",32070701470,"LTGY-LZ2","Male"
"G3BG-BJH",32070701471,"94NW-5VM","Female"
"M28H-YB3",32070701504,"GGXR-GLN","Male"
"M28H-YB3",32070701505,"GZVN-J45","Female"
"GWWH-4Q7",32070701506,"M6G7-XCW","Male"
"GWWH-4Q7",32070701507,"M6G7-XZV","Female"
"L8M5-BXQ",32070701508,"GW5W-12V","Male"
"L8M5-BXQ",32070701509,"GDXQ-YN8","Female"
"LBWC-Y1T",32070701510,"GG6C-ZZD","Male"
"LBWC-Y1T",32070701511,"GN3X-J7T","Female"
"LZBP-6Y2",32070701512,"M6Z7-L6C","Male"
"LZBP-6Y2",32070701513,"M4Q7-84C","Female"
"GF14-HGH",32070701514,"K1TD-YZL","Male"
"GF14-HGH",32070701515,"LY6M-3QB","Female"
"GG36-19Y",32070701516,"LDTM-WLJ","Male"
"GG36-19Y",32070701517,"GVR1-LCK","Female"
"MF6V-C69",32070701518,"LD91-3K9","Male"
"MF6V-C69",32070701519,"L8BX-895","Female"
"G9F6-1H9",32070701520,"LY4T-PWX","Male"
"G9F6-1H9",32070701521,"G9YW-R66","Female"
"LZJ6-FP4",32070701522,"G73T-5FL","Male"
"LZJ6-FP4",32070701523,"MM1V-BBF","Female"
"GSKZ-4ML",32070701524,"G61W-8MS","Male"
"GSKZ-4ML",32070701525,"G614-ZM9","Female"
"G97C-7HQ",32070701528,"G7RZ-D4J","Male"
"LR22-FGY",32070701530,"LZY7-XNZ","Male"
"LR22-FGY",32070701531,"L89R-QCP","Female"
"9QQC-VXK",32070701532,"LKLF-NF6","Male"
"L625-3ZB",32070701536,"GL6V-XD7","Male"
"L625-3ZB",32070701537,"LBCK-CLF","Female"
"L5P2-W9T",32070701540,"GDJD-T96","Male"
"L5P2-W9T",32070701541,"L2YM-WQJ","Female"
"GHGD-W5H",32070701542,"GGM4-LY5","Male"
"GHGD-W5H",32070701543,"G7S4-Y3Q","Female"
"M92J-B4N",32070701544,"LTY5-M6D","Male"
"M92J-B4N",32070701545,"LBTT-QQ8","Female"
"9QVW-4JW",32070701546,"LZ2W-NR3","Male"
"9QVW-4JW",32070701547,"LHGQ-7LQ","Female"
"G7S3-R51",32070701548,"27SS-69Y","Male"
"G7S3-R51",32070701549,"G67S-LRF","Female"
"9CX4-5B9",32070701550,"GJMK-D1R","Male"
"9CX4-5B9",32070701551,"KJ8J-H6N","Female"
"G4CB-2QT",32070701552,"LLWC-9MX","Male"
"G4CB-2QT",32070701553,"9CX4-3XZ","Female"
"2MGL-2RH",32070701556,"GHGC-9Z8","Male"
"2MGL-2RH",32070701557,"GMBM-2PP","Female"
"LBRX-5BP",32070701558,"L15J-7TP","Male"
"LBRX-5BP",32070701559,"LB4D-PS4","Female"
"LCTH-2LK",32070701560,"G8CM-QM7","Male"
"LCTH-2LK",32070701561,"27S1-6XD","Female"
"L833-ZMM",32070701562,"G643-YCZ","Male"
"L833-ZMM",32070701563,"KTSQ-CCP","Female"
"LB8Q-381",32070701564,"9W69-28F","Male"
"LB8Q-381",32070701565,"LYLB-RH1","Female"
"KP4Y-THD",32070701566,"2Z98-FBR","Male"
"KP4Y-THD",32070701567,"9W67-XYT","Female"
"L4TT-GVP",32070701696,"L4TT-GP6","Male"
"L4TT-GVP",32070701697,"L4TT-G5Y","Female"
"GZPW-9T8",32070709264,"GVXT-MZG","Male"
"GZPW-9T8",32070709265,"LV8V-H4X","Female"
"G27G-J45",32070709266,"GKWF-SCL","Male"
"G27G-J45",32070709267,"GD2R-LLD","Female"
"949J-G8K",32070709268,"G3LH-DG9","Male"
"GGRJ-B45",32070709270,"G6GQ-R3F","Male"
"GGRJ-B45",32070709271,"G8R7-2L1","Female"
"L18B-R3G",32070709272,"G2TZ-96Y","Male"
"L18B-R3G",32070709273,"G2T8-97Z","Female"
"KDQH-DJG",32070709274,"L1DD-JMP","Male"
"KDQH-DJG",32070709275,"9WY9-HRJ","Female"
"LD9R-5G3",32070709276,"LD9R-RCZ","Male"
"LD9R-5G3",32070709277,"MBWQ-SF3","Female"
"M897-QTS",32070709278,"L1R3-QH7","Male"
"M897-QTS",32070709279,"M33Z-FHV","Female"
"G2WT-41W",32070709280,"G3M5-XM2","Male"
"G2WT-41W",32070709281,"GGJN-2MN","Female"
"GVSF-K9H",32070709282,"GJLD-SDG","Male"
"LD9R-RCZ",32070709296,"GGT6-NYC","Male"
"LD9R-RCZ",32070709297,"GGTD-5CG","Female"
"MBWQ-SF3",32070709298,"LH3J-XVF","Male"
"MBWQ-SF3",32070709299,"KN3T-TR3","Female"
"L1R3-QH7",32070709300,"LD9R-5PH","Male"
"L1R3-QH7",32070709301,"LZM1-YM9","Female"
"M33Z-FHV",32070709302,"GGQ2-T6Y","Male"
"M33Z-FHV",32070709303,"GGQ2-FDK","Female"
"L8R2-SJ9",32070709304,"G21Z-QQG","Male"
"L8R2-SJ9",32070709305,"GZ2N-HCQ","Female"
"LCXP-QW3",32070709306,"99PT-X33","Male"
"LCXP-QW3",32070709307,"G21N-VX4","Female"
"KNQ6-9ZF",32070709317,"GGM3-KZW","Female"
"LDS9-GTK",32070709320,"9HTX-2CD","Male"
"LDS9-GTK",32070709321,"G39Q-HBK","Female"
"GMN3-7TX",32070709322,"L7LR-RWX","Male"
"GMN3-7TX",32070709323,"GKGZ-365","Female"
"LT83-QKS",32070709336,"GZ2L-M6L","Male"
"LT83-QKS",32070709337,"LBTR-BTW","Female"
"GDG2-NJC",32070709338,"G6RN-4Y7","Male"
"GDG2-NJC",32070709339,"GFPT-S5P","Female"
"G9M5-FF1",32070709340,"LY9D-2F8","Male"
"G9M5-FF1",32070709341,"L28D-TJH","Female"
"GN9F-M6Q",32070709342,"GJTS-3TP","Male"
"GN9F-M6Q",32070709343,"GN15-LRT","Female"
"GLTH-SF8",32070709348,"GGKB-FBC","Male"
"GLTH-SF8",32070709349,"GKK9-K98","Female"
"GNBX-9JC",32070709360,"GKCC-1KD","Male"
"GNBX-9JC",32070709361,"G2KS-LP1","Female"
"GFC6-D1X",32070709362,"GGRW-3PW","Male"
"GFC6-D1X",32070709363,"LXSK-QX8","Female"
"GD7G-BVP",32070709364,"GMF5-BSR","Male"
"GD7G-BVP",32070709365,"L1WB-PZW","Female"
"9HG1-CKS",32070709366,"L1W8-W7S","Male"
"9MH5-2Q7",32070709368,"GD7W-JS7","Male"
"9MH5-2Q7",32070709369,"GD7W-NSX","Female"
"M1W5-BFF",32070709372,"9376-JCH","Male"
"M1W5-BFF",32070709373,"9HVH-9GD","Female"
"9CW5-JNL",32070709374,"GG3M-7JP","Male"
"9CW5-JNL",32070709375,"GG3M-7PG","Female"
"L1WT-FRN",32070709376,"GZRK-SFB","Male"
"L1WT-FRN",32070709377,"GVSP-WS2","Female"
"L1WY-QMZ",32070709378,"GHKB-C3J","Male"
"L1WY-QMZ",32070709379,"L5DR-KL8","Female"
"LB5R-TH8",32070709380,"KDQW-JTJ","Male"
"LB5R-TH8",32070709381,"LDS9-GGV","Female"
"LDHQ-P5F",32070709382,"LD9R-RB7","Male"
"LDHQ-P5F",32070709383,"LDSS-6H5","Female"
"LBJ9-GZ4",32070709384,"9ZH7-GMD","Male"
"LBJ9-GZ4",32070709385,"MBYH-395","Female"
"KZPP-B68",32070709386,"G7ZN-5DF","Male"
"L18B-R3G",32070709388,"G2TZ-96Y","Male"
"L18B-R3G",32070709389,"G2T8-97Z","Female"
"KDQH-DJG",32070709390,"L1DD-JMP","Male"
"KDQH-DJG",32070709391,"9WY9-HRJ","Female"
"LZGQ-LJX",32070709408,"KDQW-JTJ","Male"
"LZGQ-LJX",32070709409,"LDS9-GGV","Female"
"KDQH-DJG",32070709410,"L1DD-JMP","Male"
"KDQH-DJG",32070709411,"9WY9-HRJ","Female"
"GL9R-YL9",32070709412,"LD95-VV6","Male"
"GL9R-YL9",32070709413,"9H2F-HV5","Female"
"LDHQ-P5F",32070709414,"LD9R-RB7","Male"
"LDHQ-P5F",32070709415,"LDSS-6H5","Female"
"LD9R-RCZ",32070709432,"GGT6-NYC","Male"
"LD9R-RCZ",32070709433,"GGTD-5CG","Female"
"MBWQ-SF3",32070709434,"LH3J-XVF","Male"
"MBWQ-SF3",32070709435,"KN3T-TR3","Female"
"L1R3-QH7",32070709436,"LD9R-5PH","Male"
"L1R3-QH7",32070709437,"LZM1-YM9","Female"
"M33Z-FHV",32070709438,"GGQ2-T6Y","Male"
"M33Z-FHV",32070709439,"GGQ2-FDK","Female"
"LVTD-MDD",32070709440,"GX7C-LRS","Male"
"LVTD-MDD",32070709441,"GN1M-ZZK","Female"
"GKYX-DNQ",32070709442,"LB2S-1BB","Male"
"GKYX-DNQ",32070709443,"LTG4-ZZ5","Female"
"28YJ-Z4N",32070709448,"9HTX-2CD","Male"
"28YJ-Z4N",32070709449,"G39Q-HBK","Female"
"GGGT-9MX",32070709450,"MXVC-BK8","Male"
"GV4Z-NPS",32070709456,"GCQF-FLC","Male"
"GZKP-3KR",32070709458,"L5LL-BRL","Male"
"GZKP-3KR",32070709459,"GZ4M-H94","Female"
"9H27-6Y3",32070709464,"G6LZ-TWJ","Male"
"MWBC-XS5",32070709466,"9ZHQ-5GQ","Male"
"MWBC-XS5",32070709467,"G6R2-BDM","Female"
"99PY-VJ6",32070709468,"GN31-YTW","Male"
"99PY-VJ6",32070709469,"GN31-P3C","Female"
"G6DL-8L7",32070709470,"GK22-BND","Male"
"G6DL-8L7",32070709471,"GK2B-991","Female"
"99Y7-MCD",32070709472,"KN8N-WHW","Male"
"99Y7-MCD",32070709473,"9SYL-S5H","Female"
"LBKM-9MP",32070709474,"G67W-G57","Male"
"LBKM-9MP",32070709475,"MZHC-RBM","Female"
"L1QG-G8M",32070709476,"LDFZ-8Q1","Male"
"L1QG-G8M",32070709477,"LHPZ-VGH","Female"
"LDW5-66P",32070709480,"LD9R-RB7","Male"
"LDW5-66P",32070709481,"LDSS-6H5","Female"
"LDW5-623",32070709482,"LDMT-HMZ","Male"
"LDW5-623",32070709483,"LD91-ST3","Female"
"KCXK-S69",32070709484,"L8MB-ZMK","Male"
"KCXK-S69",32070709485,"MB1Q-ZWW","Female"
"GJR2-7VD",32070709486,"LDMT-W6R","Male"
"GJR2-7VD",32070709487,"LT83-H6M","Female"
"MKKN-R3H",32070709488,"GG5Y-858","Male"
"9Q6D-L88",32070709490,"GKPX-TG7","Male"
"9Q6D-L88",32070709491,"GN4Z-XZP","Female"
"K417-PHT",32070709492,"LTTZ-YL8","Male"
"K417-PHT",32070709493,"LYSG-SY9","Female"
"9S3D-N8F",32070709494,"9C32-7PC","Male"
"9S3D-N8F",32070709495,"M5YG-GGX","Female"
"LY9D-2F8",32070709832,"LCJD-VX6","Male"
"LY9D-2F8",32070709833,"LD9R-RKH","Female"
"L28D-TJH",32070709834,"9WMP-NNQ","Male"
"L28D-TJH",32070709835,"945D-J9Y","Female"
"GJTS-3TP",32070709836,"GZ8X-GV2","Male"
"GJTS-3TP",32070709837,"G6ZP-B73","Female"
"G6X5-YY5",32070709844,"GD8V-HH5","Male"
"G6X5-YY5",32070709845,"GV6W-PB7","Female"
"LKG3-6K5",32070710272,"LKG3-6GM","Male"
"LKG3-6K5",32070710273,"LVX7-59X","Female"
"GKQ9-TCV",32070746112,"LH7J-NP8","Male"
"GKQ9-TCV",32070746113,"MLM6-7H2","Female"
"GNWQ-RJ9",32070746114,"LZDQ-JG7","Male"
"GNWQ-RJ9",32070746115,"LZ6B-XP2","Female"
"G83T-LBX",32070746118,"GGVN-VJ2","Male"
"GQL4-Q1Y",32070746124,"GKQ9-TCV","Male"
"GQL4-Q1Y",32070746125,"GNWQ-RJ9","Female"
"GQL4-JMT",32070746126,"G83Y-7NL","Male"
"GQL4-JMT",32070746127,"G83T-LBX","Female"
"LZS4-38N",32070746128,"LZS4-WPX","Male"
"LZS4-38N",32070746129,"LZS4-75M","Female"
"L8BH-DNR",32070746130,"KHH2-P9R","Male"
"LCTH-2LK",32070746132,"G8CM-QM7","Male"
"LCTH-2LK",32070746133,"27S1-6XD","Female"
"G6TP-3XR",32070746134,"GDF5-QBP","Male"
"G6TP-3XR",32070746135,"K2VW-KL8","Female"
"GNDG-N56",32070746144,"GD3N-78B","Male"
"GNDG-N56",32070746145,"LZD1-1SW","Female"
"GK7X-HJ4",32070746146,"M7NN-WV4","Male"
"GK7X-HJ4",32070746147,"GZW4-89Y","Female"
"LZ2B-9LC",32070746148,"GW43-53Y","Male"
"LZ2B-9LC",32070746149,"GSCR-WZH","Female"
"LWFD-6LQ",32070746150,"GQKB-2NB","Male"
"LWFD-6LQ",32070746151,"LTZD-3HJ","Female"
"LYGQ-KYH",32070746152,"LTLV-52V","Male"
"LYGQ-KYH",32070746153,"LBX4-292","Female"
"LYG7-73W",32070746154,"LYGQ-LS7","Male"
"LYG7-73W",32070746155,"LBY3-F59","Female"
"LYF4-BB9",32070746156,"GLYT-LWY","Male"
"LYF4-BB9",32070746157,"G6ZF-R7W","Female"
"LC58-R62",32070746158,"LKHY-MCV","Male"
"LC58-R62",32070746159,"2H2N-TJW","Female"
"LBSH-S7L",32070746176,"LVDH-R93","Male"
"LBSH-S7L",32070746177,"LR91-N5P","Female"
"G22K-B2J",32070746178,"GHKP-HW7","Male"
"G22K-B2J",32070746179,"G3K8-YRL","Female"
"9HD5-TC4",32070746180,"LVD5-V1K","Male"
"9HD5-TC4",32070746181,"GZ7J-5PM","Female"
"GV65-XQK",32070746182,"GQLS-N4M","Male"
"GV65-XQK",32070746183,"GQLS-8Y8","Female"
"G9MM-MJ8",32070746184,"L8BJ-S9W","Male"
"G9MM-MJ8",32070746185,"LVDJ-4LS","Female"
"LVDJ-42Y",32070746186,"G6ZZ-N6C","Male"
"LVDJ-42Y",32070746187,"G6ZZ-52G","Female"
"LZ2L-RGQ",32070746188,"KFFM-GMJ","Male"
"LZ2L-RGQ",32070746189,"9CHT-MSB","Female"
"LZ2L-RGB",32070746190,"L27Q-MQG","Male"
"KZ5G-1Q7",32070746192,"LYB6-JG9","Male"
"KZ5G-1Q7",32070746193,"LYB6-RF3","Female"
"LK7H-QZ9",32070746196,"M5BB-HDX","Male"
"LK7H-QZ9",32070746197,"L5YW-M2Y","Female"
"LR37-FT6",32070746198,"L83H-NSR","Male"
"LR37-FT6",32070746199,"LWR2-L6G","Female"
"MCMK-LX2",32070746200,"LQRY-FVL","Male"
"MCMK-LX2",32070746201,"9ZCD-B72","Female"
"934R-CS5",32070746202,"GNG1-8PC","Male"
"934R-CS5",32070746203,"GNG1-4QQ","Female"
"LHHT-GTJ",32070746204,"G62R-C5T","Male"
"LHHT-GTJ",32070746205,"GKYT-W2S","Female"
"GJRL-ZQW",32070746206,"GCZV-BTV","Male"
"GJRL-ZQW",32070746207,"G8W2-SDF","Female"
"LBSH-S7L",32070746212,"LVDH-R93","Male"
"LBSH-S7L",32070746213,"LR91-N5P","Female"
"G22K-B2J",32070746214,"GHKP-HW7","Male"
"G22K-B2J",32070746215,"G3K8-YRL","Female"
"GQQX-SNQ",32070746216,"LCTQ-GT7","Male"
"GQQX-SNQ",32070746217,"G65L-JB5","Female"
"LYBY-95F",32070746218,"G65G-24Z","Male"
"LYBY-95F",32070746219,"LTRY-6DW","Female"
"G65G-65P",32070746220,"GFDK-DH1","Male"
"G65G-65P",32070746221,"GFDK-Z74","Female"
"GZZY-MZ5",32070746232,"GZTF-Q9Q","Male"
"GZZY-MZ5",32070746233,"GZTF-77N","Female"
"LKC9-HZL",32070746234,"LKC9-4TK","Male"
"LKC9-HZL",32070746235,"LKC9-4BG","Female"
"GQ5Z-5W4",32070746236,"GLK2-NJJ","Male"
"G928-D6S",32070746240,"GK14-T9W","Male"
"G928-D6S",32070746241,"LRR6-929","Female"
"G928-ZPN",32070746242,"GMT6-7Z4","Male"
"G928-ZPN",32070746243,"GMN1-HQR","Female"
"LD99-6DQ",32070746256,"L6RV-SW9","Male"
"LD99-6DQ",32070746257,"MFW4-C9P","Female"
"9Z8F-3Z5",32070746258,"L5GH-VP7","Male"
"9Z8F-3Z5",32070746259,"LD9G-FFX","Female"
"LBJR-RJN",32070746260,"LZP3-5VC","Male"
"LBJR-RJN",32070746261,"94BL-4JF","Female"
"LFBB-3HD",32070746262,"MQP3-YL6","Male"
"LFBB-3HD",32070746263,"K4R2-KP7","Female"
"GV2L-FDY",32070746264,"L81Y-6RF","Male"
"GV2L-FDY",32070746265,"G7L3-J4Y","Female"
"GV2L-RRQ",32070746266,"GV2L-13D","Male"
"GV2L-RRQ",32070746267,"G3M2-L5T","Female"
"L812-KDN",32070746268,"LBNQ-MV5","Male"
"L812-KDN",32070746269,"LB23-6QC","Female"
"LBJ8-S4Q",32070746270,"LYCD-LZ8","Male"
"LBJ8-S4Q",32070746271,"K1T8-KNZ","Female"
"K65W-GFS",32070746272,"GDZ8-BQ2","Male"
"K65W-GFS",32070746273,"LQYK-CM9","Female"
"K4VN-71C",32070746274,"LB5T-GL5","Male"
"K4VN-71C",32070746275,"K8RT-425","Female"
"GG9T-WBD",32070746276,"KCNH-8YG","Male"
"GG9T-WBD",32070746277,"G7S4-Y3Q","Female"
"GFDB-V6Y",32070746278,"GFDB-R9S","Male"
"GFDB-V6Y",32070746279,"GQ6W-YZW","Female"
"LBXV-7R4",32070746280,"M9WP-FX4","Male"
"LBXV-7R4",32070746281,"KDQ8-TWV","Female"
"KDQ8-MZ1",32070746282,"LYK6-VQ2","Male"
"KDQ8-MZ1",32070746283,"LB1S-5V6","Female"
"LBLV-3JN",32070746284,"93RN-C7J","Male"
"LBLV-3JN",32070746285,"9Z8W-FY1","Female"
"K8DW-TFC",32070746286,"9SR5-K28","Male"
"K8DW-TFC",32070746287,"L1WP-8FB","Female"
"GLVY-3HL",32070746304,"G4MG-W59","Male"
"GLVY-3HL",32070746305,"L1FY-6JT","Female"
"GVRZ-P73",32070746306,"LY3Q-GYF","Male"
"GVRZ-P73",32070746307,"MBS1-XFW","Female"
"GGLY-SQ6",32070746308,"L1Q4-G7V","Male"
"GGLY-SQ6",32070746309,"LTH9-RKH","Female"
"L621-NSM",32070746310,"GMV8-W5P","Male"
"L621-NSM",32070746311,"GMV8-7X9","Female"
"LYZJ-32W",32070746312,"LTF3-8T1","Male"
"LYZJ-32W",32070746313,"LZ2C-N3F","Female"
"LB5W-SXF",32070746314,"L1W9-YZ5","Male"
"LB5W-SXF",32070746315,"LBSJ-C5W","Female"
"LJ51-5SZ",32070746320,"G86V-VGJ","Male"
"LJ51-5SZ",32070746321,"G652-3KN","Female"
"LX7M-RR6",32070746324,"LBN5-QN8","Male"
"LX7M-RR6",32070746325,"GWYV-792","Female"
"LZNN-2G9",32070746326,"L8BZ-MJB","Male"
"LZNN-2G9",32070746327,"GMRB-H63","Female"
"L633-L63",32070746328,"LDKK-WR2","Male"
"L633-L63",32070746329,"G652-S93","Female"
"L68W-8MG",32070746330,"G652-S92","Male"
"L68W-8MG",32070746331,"G652-7G7","Female"
"GLQ7-TH8",32070746332,"LB15-S8T","Male"
"GLQ7-TH8",32070746333,"GMDD-Y22","Female"
"G3JD-5ND",32070746336,"GFCF-3VK","Male"
"G3JD-5ND",32070746337,"GFCF-3KC","Female"
"9CHR-F7X",32070746338,"9CHT-HFL","Male"
"9CHR-F7X",32070746339,"9CHT-HFG","Female"
"L63D-YGJ",32070746344,"LHJM-B42","Male"
"L63D-YGJ",32070746345,"LHJM-YFD","Female"
"GMKY-KSM",32070746348,"GMKY-FTQ","Male"
"GMKY-KSM",32070746349,"L261-NVS","Female"
"LBY6-1JZ",32070746350,"LHG3-H55","Male"
"LBY6-1JZ",32070746351,"LVQ5-S89","Female"
"LZ8N-3P6",32070746368,"GDR1-6JF","Male"
"LZ8N-3P6",32070746369,"GMYL-JWV","Female"
"G486-K4B",32070746370,"G6WG-DYJ","Male"
"G486-K4B",32070746371,"GJM2-2Q3","Female"
"LBJR-RJN",32070746372,"LZP3-5VC","Male"
"LBJR-RJN",32070746373,"94BL-4JF","Female"
"LFBB-3HD",32070746374,"MQP3-YL6","Male"
"LFBB-3HD",32070746375,"K4R2-KP7","Female"
"G6F6-9WN",32070746376,"GLSN-7T8","Male"
"G6F6-9WN",32070746377,"GLSF-YKP","Female"
"G6W1-RXM",32070746378,"LK7Z-HJ6","Male"
"G6W1-RXM",32070746379,"GDX8-GTZ","Female"
"LDYZ-QNP",32070746382,"G2MF-YT8","Male"
"LDYZ-QNP",32070746383,"G6VN-TSZ","Female"
"L1KZ-3Q3",32070746384,"LV7M-47R","Male"
"L1KZ-3Q3",32070746385,"GNYT-ZXH","Female"
"GSNJ-XZY",32070746386,"GDY9-K14","Male"
"GSNJ-XZY",32070746387,"G6SN-M7P","Female"
"M29X-QTM",32070746388,"L1DR-DVJ","Male"
"M29X-QTM",32070746389,"G9DF-2NQ","Female"
"G7SH-MZC",32070746390,"L1RZ-QD6","Male"
"G7SH-MZC",32070746391,"9M8Z-GBZ","Female"
"MM7K-16D",32070746392,"G9NL-G29","Male"
"MM7K-16D",32070746393,"GQVV-RK2","Female"
"L8RF-C7D",32070746394,"GJ47-PC4","Male"
"GWXP-GHY",32070746396,"GZ48-1W2","Male"
"GWXP-GHY",32070746397,"G78N-VDM","Female"
"LRGY-GPP",32070746398,"GJ1C-7QP","Male"
"LRGY-GPP",32070746399,"GJ1H-5S5","Female"
"GKFQ-7Y2",32070746400,"LHJL-71C","Male"
"GKFQ-7Y2",32070746401,"LHJL-WNW","Female"
"GWK7-LXK",32070746402,"GK1L-SHQ","Male"
"GWK7-LXK",32070746403,"KLB1-DNY","Female"
"L1RS-BNL",32070746408,"GDQF-SRN","Male"
"L1RS-BNL",32070746409,"94QY-3FD","Female"
"GGQT-WH7",32070746410,"LC5S-HM5","Male"
"GGQT-WH7",32070746411,"LV7S-MJH","Female"
"L7JS-Q5M",32070746412,"LH1Q-GQV","Male"
"L7JS-Q5M",32070746413,"GV5V-3MC","Female"
"K2MS-XH4",32070746414,"G98D-WJY","Male"
"K2MS-XH4",32070746415,"G98D-Z7F","Female"
"LZP7-6QQ",32070746416,"G7V6-JLC","Male"
"LZP7-6QQ",32070746417,"LCTW-YJC","Female"
"G2V7-9MJ",32070746418,"GKYK-DDY","Male"
"G2V7-9MJ",32070746419,"GDTN-4FD","Female"
"LYG8-35B",32070746420,"GHG8-76M","Male"
"LYG8-35B",32070746421,"GK9N-WM8","Female"
"GK7J-N7F",32070746422,"GNVF-5PK","Male"
"GK7J-N7F",32070746423,"GQ5J-9Y6","Female"
"G714-44W",32070746424,"L5BS-M94","Male"
"G714-44W",32070746425,"L5B9-Y2L","Female"
"G6SW-7WT",32070746432,"LR5C-FVS","Male"
"G6SW-7WT",32070746433,"L83F-P49","Female"
"KCP5-7ZZ",32070746436,"K88T-TRC","Male"
"KCP5-7ZZ",32070746437,"LHB5-2ZS","Female"
"LKKM-WPT",32070746440,"2Z31-T4C","Male"
"LKKM-WPT",32070746441,"LYYV-9VK","Female"
"LBQ8-S29",32070746442,"GQRY-FNS","Male"
"LBQ8-S29",32070746443,"GJM1-LKK","Female"
"G9PV-MYN",32070746448,"LR7C-5X7","Male"
"G9PV-MYN",32070746449,"LVBJ-GSN","Female"
"LYWJ-TYM",32070746450,"LVGN-FXB","Male"
"LYWJ-TYM",32070746451,"L8T8-MQL","Female"
"LTMB-L31",32070746452,"G9MV-YDL","Male"
"LTMB-L31",32070746453,"GK25-Z8S","Female"
"GS5W-FSD",32070746454,"9H8J-WN9","Male"
"GS5W-FSD",32070746455,"LRL7-88D","Female"
"L154-DS2",32070746464,"LY65-DCR","Male"
"L154-DS2",32070746465,"LYY4-Q1V","Female"
"GW32-1QQ",32070746466,"GDKH-4X6","Male"
"GW32-1QQ",32070746467,"G7K9-RRL","Female"
"GG9G-CDL",32070746468,"G3D4-ZRC","Male"
"GG9G-CDL",32070746469,"LTRH-NZB","Female"
"99SC-YPP",32070746470,"G7L9-TQT","Male"
"GN35-TP9",32070746472,"LBT7-1S7","Male"
"GN35-TP9",32070746473,"LJG2-CXX","Female"
"GGFT-3XF",32070746474,"9S2L-YB1","Male"
"GGFT-3XF",32070746475,"LZJV-XJS","Female"
"L63D-RJQ",32070746476,"9SL8-113","Male"
"L63D-RJQ",32070746477,"LBC4-65N","Female"
"GH2D-T6K",32070746478,"MNKM-XR8","Male"
"GH2D-T6K",32070746479,"9WD4-488","Female"
"GJZN-S8X",32070746480,"LRYD-SQJ","Male"
"GJZN-S8X",32070746481,"GLQ4-L1D","Female"
"LB5W-MSC",32070746484,"LB57-YKT","Male"
"LB5W-MSC",32070746485,"LCM6-WCL","Female"
"LB6L-Z6K",32070746486,"LBXV-7R4","Male"
"LB6L-Z6K",32070746487,"KDQ8-MZ1","Female"
"LKQL-P7D",32070746488,"GSCV-S39","Male"
"LKQL-P7D",32070746489,"G6VF-VGW","Female"
"L6K2-VK1",32070746490,"G2JK-P8C","Male"
"L6K2-VK1",32070746491,"G3VQ-HNM","Female"
"2MRP-KJT",32070746492,"G891-TZ3","Male"
"2MRP-KJT",32070746493,"L6K2-K1X","Female"
"L6K2-KK2",32070746494,"G98C-K3Z","Male"
"L6K2-KK2",32070746495,"LR1D-18C","Female"
"GZKL-SCM",32070746496,"G7YK-8Z1","Male"
"GZKL-SCM",32070746497,"LTGK-Z41","Female"
"LL3D-18V",32070746498,"LCR7-FW4","Male"
"LL3D-18V",32070746499,"LCTY-TQV","Female"
"LHD8-8K6",32070746500,"G6GV-JH9","Male"
"LHD8-8K6",32070746501,"GWBC-W8M","Female"
"L41W-NN4",32070746502,"LD1Q-D3N","Male"
"L41W-NN4",32070746503,"M16J-C1Q","Female"
"LHD8-8K6",32070746504,"G6GV-JH9","Male"
"LHD8-8K6",32070746505,"GWBC-W8M","Female"
"L41W-NN4",32070746506,"LD1Q-D3N","Male"
"L41W-NN4",32070746507,"M16J-C1Q","Female"
"LCV1-9G2",32070746508,"LYK3-FYJ","Male"
"LCV1-9G2",32070746509,"LX3T-3V8","Female"
"LXW8-WS5",32070746510,"GCMD-QRS","Male"
"LXW8-WS5",32070746511,"GNCB-F7Y","Female"
"L55B-DKZ",32070746512,"L8MR-9ZF","Male"
"L55B-DKZ",32070746513,"9M22-KFF","Female"
"L55B-N8C",32070746514,"M646-RW6","Male"
"L55B-N8C",32070746515,"L29N-TCV","Female"
"MKFN-FXZ",32070746516,"GD4Y-YQ6","Male"
"GXMY-TPN",32070746518,"9W6W-N2J","Male"
"GXMY-TPN",32070746519,"GL2Z-3HY","Female"
"G22L-C5Z",32070746520,"G7QK-LVH","Male"
"G22L-C5Z",32070746521,"G9FK-H8T","Female"
"KN43-FJM",32070746522,"9C39-L4Z","Male"
"KN43-FJM",32070746523,"LHKM-46V","Female"
"G6Y4-S42",32070746524,"KT7Q-1B9","Male"
"G6Y4-S42",32070746525,"GCNK-9TM","Female"
"G3BG-BJH",32070746526,"LTGY-LZ2","Male"
"G3BG-BJH",32070746527,"94NW-5VM","Female"
"M28H-YB3",32070746560,"GGXR-GLN","Male"
"M28H-YB3",32070746561,"GZVN-J45","Female"
"GWWH-4Q7",32070746562,"M6G7-XCW","Male"
"GWWH-4Q7",32070746563,"M6G7-XZV","Female"
"L8M5-BXQ",32070746564,"GW5W-12V","Male"
"L8M5-BXQ",32070746565,"GDXQ-YN8","Female"
"LBWC-Y1T",32070746566,"GG6C-ZZD","Male"
"LBWC-Y1T",32070746567,"GN3X-J7T","Female"
"LZBP-6Y2",32070746568,"M6Z7-L6C","Male"
"LZBP-6Y2",32070746569,"M4Q7-84C","Female"
"GF14-HGH",32070746570,"K1TD-YZL","Male"
"GF14-HGH",32070746571,"LY6M-3QB","Female"
"GG36-19Y",32070746572,"LDTM-WLJ","Male"
"GG36-19Y",32070746573,"GVR1-LCK","Female"
"MF6V-C69",32070746574,"LD91-3K9","Male"
"MF6V-C69",32070746575,"L8BX-895","Female"
"G9F6-1H9",32070746576,"LY4T-PWX","Male"
"G9F6-1H9",32070746577,"G9YW-R66","Female"
"LZJ6-FP4",32070746578,"G73T-5FL","Male"
"LZJ6-FP4",32070746579,"MM1V-BBF","Female"
"GSKZ-4ML",32070746580,"G61W-8MS","Male"
"GSKZ-4ML",32070746581,"G614-ZM9","Female"
"G97C-7HQ",32070746584,"G7RZ-D4J","Male"
"LR22-FGY",32070746586,"LZY7-XNZ","Male"
"LR22-FGY",32070746587,"L89R-QCP","Female"
"9QQC-VXK",32070746588,"LKLF-NF6","Male"
"L625-3ZB",32070746592,"GL6V-XD7","Male"
"L625-3ZB",32070746593,"LBCK-CLF","Female"
"L5P2-W9T",32070746596,"GDJD-T96","Male"
"L5P2-W9T",32070746597,"L2YM-WQJ","Female"
"GHGD-W5H",32070746598,"GGM4-LY5","Male"
"GHGD-W5H",32070746599,"G7S4-Y3Q","Female"
"M92J-B4N",32070746600,"LTY5-M6D","Male"
"M92J-B4N",32070746601,"LBTT-QQ8","Female"
"9QVW-4JW",32070746602,"LZ2W-NR3","Male"
"9QVW-4JW",32070746603,"LHGQ-7LQ","Female"
"G7S3-R51",32070746604,"27SS-69Y","Male"
"G7S3-R51",32070746605,"G67S-LRF","Female"
"9CX4-5B9",32070746606,"GJMK-D1R","Male"
"9CX4-5B9",32070746607,"KJ8J-H6N","Female"
"G4CB-2QT",32070746608,"LLWC-9MX","Male"
"G4CB-2QT",32070746609,"9CX4-3XZ","Female"
"2MGL-2RH",32070746612,"GHGC-9Z8","Male"
"2MGL-2RH",32070746613,"GMBM-2PP","Female"
"LBRX-5BP",32070746614,"L15J-7TP","Male"
"LBRX-5BP",32070746615,"LB4D-PS4","Female"
"LCTH-2LK",32070746616,"G8CM-QM7","Male"
"LCTH-2LK",32070746617,"27S1-6XD","Female"
"L833-ZMM",32070746618,"G643-YCZ","Male"
"L833-ZMM",32070746619,"KTSQ-CCP","Female"
"LB8Q-381",32070746620,"9W69-28F","Male"
"LB8Q-381",32070746621,"LYLB-RH1","Female"
"KP4Y-THD",32070746622,"2Z98-FBR","Male"
"KP4Y-THD",32070746623,"9W67-XYT","Female"
"L4TT-GVP",32070746752,"L4TT-GP6","Male"
"L4TT-GVP",32070746753,"L4TT-G5Y","Female"
"GQL4-Q1Y",32070748160,"GKQ9-TCV","Male"
"GQL4-Q1Y",32070748161,"GNWQ-RJ9","Female"
"GQL4-JMT",32070748162,"G83Y-7NL","Male"
"GQL4-JMT",32070748163,"G83T-LBX","Female"
"G3RL-GQZ",32070748166,"GQL4-Q1Y","Male"
"G3RL-GQZ",32070748167,"GQL4-JMT","Female"
"L6B2-X1D",32070748168,"LZS4-38N","Male"
"L6B2-X1D",32070748169,"L8BH-DNR","Female"
"MZMM-F1N",32070748170,"LCTH-2LK","Male"
"MZMM-F1N",32070748171,"G6TP-3XR","Female"
"LCJP-2WZ",32070748176,"GNDG-N56","Male"
"LCJP-2WZ",32070748177,"GK7X-HJ4","Female"
"G2XZ-863",32070748178,"LZ2B-9LC","Male"
"G2XZ-863",32070748179,"LWFD-6LQ","Female"
"L7F9-V2S",32070748180,"LYGQ-KYH","Male"
"L7F9-V2S",32070748181,"LYG7-73W","Female"
"L6KS-65K",32070748182,"LYF4-BB9","Male"
"L6KS-65K",32070748183,"LC58-R62","Female"
"L65Y-SLX",32070748184,"G41L-VH2","Male"
"L65Y-SLX",32070748185,"G2JT-M4M","Female"
"G3J6-C3R",32070748188,"GGCT-Q2B","Male"
"G3J6-WMS",32070748190,"G3J6-HLM","Male"
"G3J6-WMS",32070748191,"GGCR-PC9","Female"
"LTZZ-5Z8",32070748192,"LBSH-S7L","Male"
"LTZZ-5Z8",32070748193,"G22K-B2J","Female"
"KL7Q-71Q",32070748194,"9HD5-TC4","Male"
"KL7Q-71Q",32070748195,"GV65-XQK","Female"
"L1WW-T44",32070748196,"G9MM-MJ8","Male"
"L1WW-T44",32070748197,"LVDJ-42Y","Female"
"LDF4-M3L",32070748198,"LZ2L-RGQ","Male"
"LDF4-M3L",32070748199,"LZ2L-RGB","Female"
"MWJ5-PV3",32070748200,"KZ5G-1Q7","Male"
"MWJ5-PV3",32070748201,"K4TJ-TKD","Female"
"LHTH-TSW",32070748202,"LK7H-QZ9","Male"
"LHTH-TSW",32070748203,"LR37-FT6","Female"
"L7B4-R55",32070748204,"MCMK-LX2","Male"
"L7B4-R55",32070748205,"934R-CS5","Female"
"GSMG-6XV",32070748206,"LHHT-GTJ","Male"
"GSMG-6XV",32070748207,"GJRL-ZQW","Female"
"MHWR-TYB",32070748208,"GN6J-VPP","Male"
"MHWR-TYB",32070748209,"GKVC-CLV","Female"
"LZR6-928",32070748210,"LBSH-S7L","Male"
"LZR6-928",32070748211,"G22K-B2J","Female"
"GH3H-X8V",32070748212,"GQQX-SNQ","Male"
"GH3H-X8V",32070748213,"LYBY-95F","Female"
"LCTW-VT4",32070748214,"G65G-65P","Male"
"LCTW-VT4",32070748215,"GGNQ-9TW","Female"
"GZZT-153",32070748220,"GZZY-MZ5","Male"
"GZZT-153",32070748221,"LKC9-HZL","Female"
"GZZY-4ZF",32070748222,"GQ5Z-5W4","Male"
"9HYX-239",32070748224,"G928-D6S","Male"
"9HYX-239",32070748225,"G928-ZPN","Female"
"LJGJ-LRR",32070748226,"9CWK-6LM","Male"
"LJGJ-LRR",32070748227,"LZYF-29K","Female"
"G2T2-GZY",32070748232,"LD99-6DQ","Male"
"G2T2-GZY",32070748233,"9Z8F-3Z5","Female"
"G2T2-K2P",32070748234,"LBJR-RJN","Male"
"G2T2-K2P",32070748235,"LFBB-3HD","Female"
"LT51-F94",32070748236,"GV2L-FDY","Male"
"LT51-F94",32070748237,"GV2L-RRQ","Female"
"L55C-K2V",32070748238,"L812-KDN","Male"
"L55C-K2V",32070748239,"LBJ8-S4Q","Female"
"9M8L-CS6",32070748240,"K65W-GFS","Male"
"9M8L-CS6",32070748241,"K4VN-71C","Female"
"23JZ-7BB",32070748242,"GG9T-WBD","Male"
"23JZ-7BB",32070748243,"GFDB-V6Y","Female"
"GKL9-CRX",32070748244,"LBXV-7R4","Male"
"GKL9-CRX",32070748245,"KDQ8-MZ1","Female"
"MVWF-NZT",32070748246,"LBLV-3JN","Male"
"MVWF-NZT",32070748247,"K8DW-TFC","Female"
"LZL4-WBQ",32070748256,"GLVY-3HL","Male"
"LZL4-WBQ",32070748257,"GVRZ-P73","Female"
"LZS3-YSZ",32070748258,"GGLY-SQ6","Male"
"LZS3-YSZ",32070748259,"L621-NSM","Female"
"GQ55-94J",32070748260,"LYZJ-32W","Male"
"GQ55-94J",32070748261,"LB5W-SXF","Female"
"GX85-3GB",32070748264,"LJ51-5SZ","Male"
"GX85-3GB",32070748265,"GKMQ-KL8","Female"
"G652-3S9",32070748266,"LX7M-RR6","Male"
"G652-3S9",32070748267,"LZNN-2G9","Female"
"G222-Z7J",32070748268,"L633-L63","Male"
"G222-Z7J",32070748269,"L68W-8MG","Female"
"GLQ7-X8V",32070748270,"GLQ7-TH8","Male"
"GZTF-C39",32070748272,"G3JD-5ND","Male"
"GZTF-C39",32070748273,"9CHR-F7X","Female"
"GFG2-MCX",32070748274,"GFG2-7J7","Male"
"LZ6D-TKN",32070748276,"L63D-YGJ","Male"
"LD3M-MRL",32070748278,"GMKY-KSM","Male"
"LD3M-MRL",32070748279,"LBY6-1JZ","Female"
"LB4L-SG4",32070748288,"LZ8N-3P6","Male"
"LB4L-SG4",32070748289,"G486-K4B","Female"
"LDP6-Z23",32070748290,"LBJR-RJN","Male"
"LDP6-Z23",32070748291,"LFBB-3HD","Female"
"LTZN-S3P",32070748292,"G6F6-9WN","Male"
"LTZN-S3P",32070748293,"G6W1-RXM","Female"
"LWRF-XW6",32070748294,"LDTM-BQ3","Male"
"LWRF-XW6",32070748295,"LDYZ-QNP","Female"
"LBNQ-MV5",32070748296,"L1KZ-3Q3","Male"
"LBNQ-MV5",32070748297,"GSNJ-XZY","Female"
"LB23-6QC",32070748298,"M29X-QTM","Male"
"LB23-6QC",32070748299,"G7SH-MZC","Female"
"LYCD-LZ8",32070748300,"MM7K-16D","Male"
"LYCD-LZ8",32070748301,"L8RF-C7D","Female"
"K1T8-KNZ",32070748302,"GWXP-GHY","Male"
"K1T8-KNZ",32070748303,"LRGY-GPP","Female"
"GDQX-PS5",32070748304,"GKFQ-7Y2","Male"
"GDQX-PS5",32070748305,"GWK7-LXK","Female"
"LC5S-HR3",32070748306,"GHJ5-M9G","Male"
"LC5S-HR3",32070748307,"GGQR-58M","Female"
"G9CX-N1M",32070748308,"L1RS-BNL","Male"
"G9CX-N1M",32070748309,"GGQT-WH7","Female"
"L6YH-Q56",32070748310,"L7JS-Q5M","Male"
"L6YH-Q56",32070748311,"K2MS-XH4","Female"
"G69X-SMW",32070748312,"LZP7-6QQ","Male"
"G69X-SMW",32070748313,"G2V7-9MJ","Female"
"G8TB-7H9",32070748314,"LYG8-35B","Male"
"G8TB-7H9",32070748315,"GK7J-N7F","Female"
"G71W-XBK",32070748316,"G714-44W","Male"
"G6XP-SYQ",32070748320,"G6SW-7WT","Male"
"G6XP-SYQ",32070748321,"G222-HNC","Female"
"G6XP-QXX",32070748322,"KCP5-7ZZ","Male"
"G6XP-QXX",32070748323,"LHLK-QWR","Female"
"GJM1-BBB",32070748324,"LKKM-WPT","Male"
"GJM1-BBB",32070748325,"LBQ8-S29","Female"
"G7P4-2HX",32070748326,"GG94-RRX","Male"
"G7P4-2HX",32070748327,"GG94-1LZ","Female"
"GWWX-9RX",32070748328,"G9PV-MYN","Male"
"GWWX-9RX",32070748329,"LYWJ-TYM","Female"
"M4BY-86F",32070748330,"LTMB-L31","Male"
"M4BY-86F",32070748331,"GS5W-FSD","Female"
"LD1Z-T1K",32070748336,"L154-DS2","Male"
"LD1Z-T1K",32070748337,"GW32-1QQ","Female"
"LJGH-ZTK",32070748338,"GG9G-CDL","Male"
"LJGH-ZTK",32070748339,"99SC-YPP","Female"
"L1S5-5V8",32070748340,"GN35-TP9","Male"
"L1S5-5V8",32070748341,"GGFT-3XF","Female"
"LYCT-2F5",32070748342,"L63D-RJQ","Male"
"LYCT-2F5",32070748343,"GH2D-T6K","Female"
"GMJ9-NZL",32070748344,"GJZN-S8X","Male"
"GMJ9-NZL",32070748345,"GLJB-RCF","Female"
"GS2P-DFD",32070748346,"LB5W-MSC","Male"
"GS2P-DFD",32070748347,"LB6L-Z6K","Female"
"LZXC-YPX",32070748348,"LKQL-P7D","Male"
"LZXC-YPX",32070748349,"L6K2-VK1","Female"
"LYVP-MT5",32070748350,"2MRP-KJT","Male"
"LYVP-MT5",32070748351,"L6K2-KK2","Female"
"KZPC-ZLH",32070748352,"GZKL-SCM","Male"
"KZPC-ZLH",32070748353,"LL3D-18V","Female"
"GX2B-JSV",32070748354,"LHD8-8K6","Male"
"GX2B-JSV",32070748355,"L41W-NN4","Female"
"LZFB-6QX",32070748356,"LHD8-8K6","Male"
"LZFB-6QX",32070748357,"L41W-NN4","Female"
"LZ27-P3K",32070748358,"LCV1-9G2","Male"
"LZ27-P3K",32070748359,"LXW8-WS5","Female"
"L5Y7-VF6",32070748360,"L55B-DKZ","Male"
"L5Y7-VF6",32070748361,"L55B-N8C","Female"
"29W7-747",32070748362,"MKFN-FXZ","Male"
"29W7-747",32070748363,"GXMY-TPN","Female"
"L63D-1WK",32070748364,"G22L-C5Z","Male"
"L63D-1WK",32070748365,"KN43-FJM","Female"
"L5TT-3Z3",32070748366,"G6Y4-S42","Male"
"L5TT-3Z3",32070748367,"G3BG-BJH","Female"
"G61C-PGF",32070748384,"M28H-YB3","Male"
"G61C-PGF",32070748385,"GWWH-4Q7","Female"
"GNLY-HXN",32070748386,"L8M5-BXQ","Male"
"GNLY-HXN",32070748387,"LBWC-Y1T","Female"
"LZ6N-96R",32070748388,"LZBP-6Y2","Male"
"LZ6N-96R",32070748389,"GF14-HGH","Female"
"LZ83-G1Y",32070748390,"GG36-19Y","Male"
"LZ83-G1Y",32070748391,"MF6V-C69","Female"
"L2LR-8MB",32070748392,"G9F6-1H9","Male"
"L2LR-8MB",32070748393,"LZJ6-FP4","Female"
"L71H-T5K",32070748394,"GSKZ-4ML","Male"
"L71H-T5K",32070748395,"GFWP-G74","Female"
"LRNY-5XN",32070748396,"G97C-7HQ","Male"
"LRNY-5XN",32070748397,"LR22-FGY","Female"
"MSKM-VCF",32070748398,"9QQC-VXK","Male"
"MSKM-VCF",32070748399,"G38Z-D66","Female"
"GGK4-145",32070748400,"L625-3ZB","Male"
"GGK4-145",32070748401,"GGK4-YLN","Female"
"G8YC-V9F",32070748402,"L5P2-W9T","Male"
"G8YC-V9F",32070748403,"GHGD-W5H","Female"
"G92T-JC7",32070748404,"M92J-B4N","Male"
"G92T-JC7",32070748405,"9QVW-4JW","Female"
"GXWR-LGK",32070748406,"G7S3-R51","Male"
"GXWR-LGK",32070748407,"9CX4-5B9","Female"
"GM7H-736",32070748408,"G4CB-2QT","Male"
"GM7H-736",32070748409,"MSHN-HDS","Female"
"G2KS-SH7",32070748410,"2MGL-2RH","Male"
"G2KS-SH7",32070748411,"LBRX-5BP","Female"
"M1SJ-5CX",32070748412,"LCTH-2LK","Male"
"M1SJ-5CX",32070748413,"L833-ZMM","Female"
"LH73-5TK",32070748414,"LB8Q-381","Male"
"LH73-5TK",32070748415,"KP4Y-THD","Female"
"G79J-9HJ",32070748480,"L4TT-GVP","Male"
"G79J-9HJ",32070748481,"GF9K-HWC","Female"
"9HLK-V6W",32070752264,"GZPW-9T8","Male"
"9HLK-V6W",32070752265,"G27G-J45","Female"
"GGVB-2MK",32070752266,"949J-G8K","Male"
"GGVB-2MK",32070752267,"GGRJ-B45","Female"
"9H16-YMP",32070752268,"L18B-R3G","Male"
"9H16-YMP",32070752269,"KDQH-DJG","Female"
"L82R-5HJ",32070752270,"LD9R-5G3","Male"
"L82R-5HJ",32070752271,"M897-QTS","Female"
"9Z4V-273",32070752272,"G2WT-41W","Male"
"9Z4V-273",32070752273,"GVSF-K9H","Female"
"GVWH-735",32070752274,"GJ97-9MF","Male"
"GVWH-735",32070752275,"GJGG-3FH","Female"
"LD9R-5G3",32070752280,"LD9R-RCZ","Male"
"LD9R-5G3",32070752281,"MBWQ-SF3","Female"
"M897-QTS",32070752282,"L1R3-QH7","Male"
"M897-QTS",32070752283,"M33Z-FHV","Female"
"GHJP-XZD",32070752284,"L8R2-SJ9","Male"
"GHJP-XZD",32070752285,"LCXP-QW3","Female"
"GD65-2F2",32070752288,"G2RV-DFJ","Male"
"GD65-2F2",32070752289,"G2RJ-1WJ","Female"
"KNSN-3NT",32070752290,"KNQ6-9ZF","Male"
"LT8Q-95L",32070752292,"LDS9-GTK","Male"
"LT8Q-95L",32070752293,"GMN3-7TX","Female"
"LVVK-HVJ",32070752300,"LT83-QKS","Male"
"LVVK-HVJ",32070752301,"GDG2-NJC","Female"
"GX26-XRJ",32070752302,"G9M5-FF1","Male"
"GX26-XRJ",32070752303,"GN9F-M6Q","Female"
"GDHY-7SR",32070752304,"GXD4-VH6","Male"
"GDHY-7SR",32070752305,"GXDH-74P","Female"
"GLTH-3M3",32070752306,"GLTH-SF8","Male"
"GLTH-3M3",32070752307,"GLTH-M66","Female"
"LD1R-LZF",32070752312,"GNBX-9JC","Male"
"LD1R-LZF",32070752313,"GFC6-D1X","Female"
"LZ2K-W9Y",32070752314,"GD7G-BVP","Male"
"LZ2K-W9Y",32070752315,"9HG1-CKS","Female"
"9MH5-29J",32070752316,"9MH5-2Q7","Male"
"9MH5-29J",32070752317,"G6H3-26Y","Female"
"LZZW-6XG",32070752318,"M1W5-BFF","Male"
"LZZW-6XG",32070752319,"9CW5-JNL","Female"
"KNDD-84D",32070752320,"L1WT-FRN","Male"
"KNDD-84D",32070752321,"L1WY-QMZ","Female"
"GQQX-89B",32070752322,"LB5R-TH8","Male"
"GQQX-89B",32070752323,"LDHQ-P5F","Female"
"LR6N-PQP",32070752324,"LBJ9-GZ4","Male"
"LR6N-PQP",32070752325,"KZPP-B68","Female"
"LDSS-RGB",32070752326,"L18B-R3G","Male"
"LDSS-RGB",32070752327,"KDQH-DJG","Female"
"LBLP-PPD",32070752334,"G23Z-T5F","Male"
"LBLP-PPD",32070752335,"GFJR-GNC","Female"
"9H17-VTZ",32070752336,"LZGQ-LJX","Male"
"9H17-VTZ",32070752337,"KDQH-DJG","Female"
"LY57-55F",32070752338,"GL9R-YL9","Male"
"LY57-55F",32070752339,"LDHQ-P5F","Female"
"LD9R-5G3",32070752348,"LD9R-RCZ","Male"
"LD9R-5G3",32070752349,"MBWQ-SF3","Female"
"M897-QTS",32070752350,"L1R3-QH7","Male"
"M897-QTS",32070752351,"M33Z-FHV","Female"
"L1HZ-WR2",32070752352,"LVTD-MDD","Male"
"L1HZ-WR2",32070752353,"GKYX-DNQ","Female"
"KFLG-12B",32070752356,"28YJ-Z4N","Male"
"KFLG-12B",32070752357,"GGGT-9MX","Female"
"GF4P-DDQ",32070752360,"GV4Z-NPS","Male"
"GF4P-DDQ",32070752361,"GZKP-3KR","Female"
"GVW6-VCK",32070752362,"G2JY-4D2","Male"
"GVW6-VCK",32070752363,"G2JT-PGL","Female"
"LJG8-98D",32070752364,"9H27-6Y3","Male"
"LJG8-98D",32070752365,"MWBC-XS5","Female"
"LBS6-SSC",32070752366,"99PY-VJ6","Male"
"LBS6-SSC",32070752367,"G6DL-8L7","Female"
"L1Z8-522",32070752368,"99Y7-MCD","Male"
"L1Z8-522",32070752369,"LBKM-9MP","Female"
"L1S4-4N9",32070752370,"L1QG-G8M","Male"
"L1S4-4N9",32070752371,"LD97-QLP","Female"
"LDW5-FB6",32070752372,"LDW5-66P","Male"
"LDW5-FB6",32070752373,"LDW5-623","Female"
"LDW5-N39",32070752374,"KCXK-S69","Male"
"LDW5-N39",32070752375,"GJR2-7VD","Female"
"M4N1-6BT",32070752376,"MKKN-R3H","Male"
"M4N1-6BT",32070752377,"9Q6D-L88","Female"
"L8PY-H7K",32070752378,"K417-PHT","Male"
"L8PY-H7K",32070752379,"9S3D-N8F","Female"
"G9M5-FF1",32070752548,"LY9D-2F8","Male"
"G9M5-FF1",32070752549,"L28D-TJH","Female"
"GN9F-M6Q",32070752550,"GJTS-3TP","Male"
"GN9F-M6Q",32070752551,"GN15-LRT","Female"
"9CW5-P6F",32070752552,"LDWL-NPN","Male"
"9CW5-P6F",32070752553,"GMBN-SJW","Female"
"LDST-N8J",32070752554,"G6X5-YY5","Male"
"LDST-N8J",32070752555,"9MRD-LQ9","Female"
"29H4-VD7",32070752556,"GD8V-HH5","Male"
"29H4-VD7",32070752557,"GV6W-PB7","Female"
"LKG3-6VK",32070752768,"LKG3-6K5","Male"
"LKG3-6VK",32070752769,"LVX7-54G","Female"
"GGSV-LFL",32070778912,"GGZD-RQR","Male"
"GGSV-LFL",32070778913,"GL9M-YXL","Female"
"G7YH-3GJ",32070778928,"GV4P-VY5","Male"
"G7YH-3GJ",32070778929,"GGJD-JSR","Female"
"GC45-DB8",32070778930,"GZRK-SFB","Male"
"GC45-DB8",32070778931,"GVSP-WS2","Female"
"G8W1-V4X",32070778962,"GL9M-YF9","Male"
"G8W1-V4X",32070778963,"GL9M-1QZ","Female"
"G891-N1Z",32070778968,"GSZ1-PTQ","Male"
"G891-N1Z",32070778969,"GS8M-WYK","Female"
"G3YQ-19T",32070778970,"991T-WHY","Male"
"G3YQ-19T",32070778971,"G3TV-1F5","Female"
"GGKJ-Z1T",32070778972,"L62H-Z9T","Male"
"GGKJ-Z1T",32070778973,"GVSP-PVV","Female"
"KL6C-XQV",32070778974,"GKZ8-HXS","Male"
"KL6C-XQV",32070778975,"GKS3-YPX","Female"
"LDHB-RRD",32070778976,"9HTX-2CD","Male"
"LDHB-RRD",32070778977,"L83J-4S6","Female"
"GKVP-QMK",32070778978,"LDHS-Z3V","Male"
"GKVP-QMK",32070778979,"LZGK-ZV2","Female"
"9SJJ-97N",32070778984,"GGG7-Q5M","Male"
"9SJJ-97N",32070778985,"GZL1-BTV","Female"
"LZJG-K5N",32070778986,"KX2S-NWF","Male"
"LZJG-K5N",32070778987,"L7GV-KKS","Female"
"LJ2H-W3S",32070778988,"GD74-RRH","Male"
"LJ2H-W3S",32070778989,"GJ5M-BKM","Female"
"LZ2S-DKM",32070778990,"28YJ-Z4N","Male"
"LZ2S-DKM",32070778991,"GGGT-9MX","Female"
"GJ2V-WRY",32070778992,"G233-LXN","Male"
"GJ2V-WRY",32070778993,"GGWK-NT3","Female"
"LD9P-MFB",32070778996,"GC7G-R6L","Male"
"LD9P-MFB",32070778997,"GC7P-77S","Female"
"GX52-ZZQ",32070779008,"GFJ1-LXM","Male"
"GX52-ZZQ",32070779009,"GGRL-GMV","Female"
"GH2M-VGN",32070779072,"9HT1-YR2","Male"
"GH2M-VGN",32070779073,"G64M-9LR","Female"
"GGP4-HFK",32070779136,"GGL8-Q37","Male"
"LVVK-HVJ",32070779168,"LT83-QKS","Male"
"LVVK-HVJ",32070779169,"GDG2-NJC","Female"
"GX26-XRJ",32070779170,"G9M5-FF1","Male"
"GX26-XRJ",32070779171,"GN9F-M6Q","Female"
"G9M5-FF1",32070779200,"LY9D-2F8","Male"
"G9M5-FF1",32070779201,"L28D-TJH","Female"
"GN9F-M6Q",32070779202,"GJTS-3TP","Male"
"GN9F-M6Q",32070779203,"GN15-LRT","Female"
"LZGQ-LJX",32070779204,"KDQW-JTJ","Male"
"LZGQ-LJX",32070779205,"LDS9-GGV","Female"
"GNSH-WMX",32070779208,"G7NH-CM4","Male"
"GNSH-WMX",32070779209,"G215-VM8","Female"
"G2J9-N5G",32070779220,"GLL2-BZV","Male"
"LT6Z-NRQ",32070779222,"GC4V-KPG","Male"
"LT6Z-NRQ",32070779223,"L175-67M","Female"
"M9L6-6YN",32070779224,"K84R-TMS","Male"
"M9L6-6YN",32070779225,"GGGW-RYH","Female"
"2MYM-NS1",32070779226,"LTF2-JTC","Male"
"2MYM-NS1",32070779227,"LKNM-HR3","Female"
"GD4S-KVF",32070779228,"L1QD-DXV","Male"
"GD4S-KVF",32070779229,"LD9P-M8N","Female"
"GVHW-NRT",32070779232,"GVDF-MGZ","Male"
"GVHW-NRT",32070779233,"GVDX-FF4","Female"
"9CHV-B26",32070779240,"GNSH-WMX","Male"
"9CHV-B26",32070779241,"G215-3C9","Female"
"M9L6-6YN",32070779244,"K84R-TMS","Male"
"M9L6-6YN",32070779245,"GGGW-RYH","Female"
"2MYM-NS1",32070779246,"LTF2-JTC","Male"
"2MYM-NS1",32070779247,"LKNM-HR3","Female"
"G2J9-N5G",32070779252,"GLL2-BZV","Male"
"LT6Z-NRQ",32070779254,"GC4V-KPG","Male"
"LT6Z-NRQ",32070779255,"L175-67M","Female"
"M9L6-6YN",32070779256,"K84R-TMS","Male"
"M9L6-6YN",32070779257,"GGGW-RYH","Female"
"2MYM-NS1",32070779258,"LTF2-JTC","Male"
"2MYM-NS1",32070779259,"LKNM-HR3","Female"
"GD4S-KVF",32070779260,"L1QD-DXV","Male"
"GD4S-KVF",32070779261,"LD9P-M8N","Female"
"GMF5-BSR",32070779328,"GLFD-7MD","Male"
"GMF5-BSR",32070779329,"GGFH-MVX","Female"
"L1WB-PZW",32070779330,"9HTX-2CD","Male"
"L1WB-PZW",32070779331,"L83J-4S6","Female"
"9H27-6Y3",32070779332,"G6LZ-TWJ","Male"
"MWBC-XS5",32070779334,"9ZHQ-5GQ","Male"
"MWBC-XS5",32070779335,"G6R2-BDM","Female"
"LY9D-2F8",32070782984,"LCJD-VX6","Male"
"LY9D-2F8",32070782985,"LD9R-RKH","Female"
"L28D-TJH",32070782986,"9WMP-NNQ","Male"
"L28D-TJH",32070782987,"945D-J9Y","Female"
"GJTS-3TP",32070782988,"GZ8X-GV2","Male"
"GJTS-3TP",32070782989,"G6ZP-B73","Female"
"G6X5-YY5",32070782996,"GD8V-HH5","Male"
"G6X5-YY5",32070782997,"GV6W-PB7","Female"
"G7YH-3GJ",32070783008,"GV4P-VY5","Male"
"G7YH-3GJ",32070783009,"GGJD-JSR","Female"
"GC45-DB8",32070783010,"GZRK-SFB","Male"
"GC45-DB8",32070783011,"GVSP-WS2","Female"
"L1HZ-WR2",32070783016,"LVTD-MDD","Male"
"L1HZ-WR2",32070783017,"GKYX-DNQ","Female"
"KFLG-12B",32070783020,"28YJ-Z4N","Male"
"KFLG-12B",32070783021,"GGGT-9MX","Female"
"KZPV-BQM",32070783028,"L8RR-4KG","Male"
"KZPV-BQM",32070783029,"99QT-MCB","Female"
"M1VS-25N",32070783032,"LDSS-KJ6","Male"
"M1VS-25N",32070783033,"L28D-TJH","Female"
"LDSS-KHY",32070783034,"LYCY-PN6","Male"
"LDSS-KHY",32070783035,"LDSS-KKV","Female"
"LZGQ-LJX",32070783036,"KDQW-JTJ","Male"
"LZGQ-LJX",32070783037,"LDS9-GGV","Female"
"GHDT-QDY",32070783040,"GC5W-7SC","Male"
"GHDT-QDY",32070783041,"GNQQ-DLH","Female"
"G233-Z3Q",32070783042,"G23Z-T5F","Male"
"G233-Z3Q",32070783043,"GFJR-GNC","Female"
"MFHW-5JK",32070783048,"GDTQ-S2P","Male"
"MFHW-5JK",32070783049,"GJHW-QG5","Female"
"MFHW-5VS",32070783050,"G2LB-FNQ","Male"
"MFHW-5VS",32070783051,"G6CD-BPD","Female"
"LZLG-V3F",32070783104,"L7NG-DRP","Male"
"LZLG-V3F",32070783105,"LYTH-K3C","Female"
"LH6K-2BP",32070783106,"LTT6-YJQ","Male"
"LH6K-2BP",32070783107,"GV8X-JR1","Female"
"LHPZ-9WQ",32070783108,"938W-39J","Male"
"LHPZ-9WQ",32070783109,"9W89-MK6","Female"
"L8W6-443",32070783110,"9HTX-2CD","Male"
"L8W6-443",32070783111,"G39Q-HBK","Female"
"GN8G-MT7",32070783112,"GJMV-L5G","Male"
"GN8G-MT7",32070783113,"GSP6-P1B","Female"
"L1Z8-522",32070783184,"99Y7-MCD","Male"
"L1Z8-522",32070783185,"LBKM-9MP","Female"
"L1S4-4N9",32070783186,"L1QG-G8M","Male"
"L1S4-4N9",32070783187,"LD97-QLP","Female"
"9SJJ-97N",32070783200,"GGG7-Q5M","Male"
"9SJJ-97N",32070783201,"GZL1-BTV","Female"
"LZJG-K5N",32070783202,"KX2S-NWF","Male"
"LZJG-K5N",32070783203,"L7GV-KKS","Female"
"GXGB-4RG",32070783328,"GJBB-67C","Male"
"GXGB-4RG",32070783329,"G8PF-2Z1","Female"
"GVJD-PRN",32070783330,"LRS4-ZCQ","Male"
"K4LT-K4X",32070783360,"LD1R-LZF","Male"
"K4LT-K4X",32070783361,"LZ2K-W9Y","Female"
"GJC8-D53",32070783362,"GJC8-WYX","Male"
"GJC8-D53",32070783363,"GJX3-D8C","Female"
"9CMK-4GV",32070783552,"94RF-8ZT","Male"
"9CMK-4GV",32070783553,"MDMV-GWM","Female"
"MVJ5-6DP",32070783584,"L2J3-GF4","Male"
"MVJ5-6DP",32070783585,"LBXW-MT3","Female"
"MXLC-JC1",32070783588,"GGC6-B84","Male"
"MXLC-JC1",32070783589,"GQG3-8CV","Female"
"9HLK-V6W",32070783624,"GZPW-9T8","Male"
"9HLK-V6W",32070783625,"G27G-J45","Female"
"GGVB-2MK",32070783626,"949J-G8K","Male"
"GGVB-2MK",32070783627,"GGRJ-B45","Female"
"9H16-YMP",32070783628,"L18B-R3G","Male"
"9H16-YMP",32070783629,"KDQH-DJG","Female"
"L82R-5HJ",32070783630,"LD9R-5G3","Male"
"L82R-5HJ",32070783631,"M897-QTS","Female"
"9Z4V-273",32070783632,"G2WT-41W","Male"
"9Z4V-273",32070783633,"GVSF-K9H","Female"
"GVWH-735",32070783634,"GJ97-9MF","Male"
"GVWH-735",32070783635,"GJGG-3FH","Female"
"LD9R-5G3",32070783640,"LD9R-RCZ","Male"
"LD9R-5G3",32070783641,"MBWQ-SF3","Female"
"M897-QTS",32070783642,"L1R3-QH7","Male"
"M897-QTS",32070783643,"M33Z-FHV","Female"
"GHJP-XZD",32070783644,"L8R2-SJ9","Male"
"GHJP-XZD",32070783645,"LCXP-QW3","Female"
"GD65-2F2",32070783648,"G2RV-DFJ","Male"
"GD65-2F2",32070783649,"G2RJ-1WJ","Female"
"KNSN-3NT",32070783650,"KNQ6-9ZF","Male"
"LT8Q-95L",32070783652,"LDS9-GTK","Male"
"LT8Q-95L",32070783653,"GMN3-7TX","Female"
"LVVK-HVJ",32070783660,"LT83-QKS","Male"
"LVVK-HVJ",32070783661,"GDG2-NJC","Female"
"GX26-XRJ",32070783662,"G9M5-FF1","Male"
"GX26-XRJ",32070783663,"GN9F-M6Q","Female"
"GDHY-7SR",32070783664,"GXD4-VH6","Male"
"GDHY-7SR",32070783665,"GXDH-74P","Female"
"GLTH-3M3",32070783666,"GLTH-SF8","Male"
"GLTH-3M3",32070783667,"GLTH-M66","Female"
"LD1R-LZF",32070783672,"GNBX-9JC","Male"
"LD1R-LZF",32070783673,"GFC6-D1X","Female"
"LZ2K-W9Y",32070783674,"GD7G-BVP","Male"
"LZ2K-W9Y",32070783675,"9HG1-CKS","Female"
"9MH5-29J",32070783676,"9MH5-2Q7","Male"
"9MH5-29J",32070783677,"G6H3-26Y","Female"
"LZZW-6XG",32070783678,"M1W5-BFF","Male"
"LZZW-6XG",32070783679,"9CW5-JNL","Female"
"KNDD-84D",32070783680,"L1WT-FRN","Male"
"KNDD-84D",32070783681,"L1WY-QMZ","Female"
"GQQX-89B",32070783682,"LB5R-TH8","Male"
"GQQX-89B",32070783683,"LDHQ-P5F","Female"
"LR6N-PQP",32070783684,"LBJ9-GZ4","Male"
"LR6N-PQP",32070783685,"KZPP-B68","Female"
"LDSS-RGB",32070783686,"L18B-R3G","Male"
"LDSS-RGB",32070783687,"KDQH-DJG","Female"
"LBLP-PPD",32070783694,"G23Z-T5F","Male"
"LBLP-PPD",32070783695,"GFJR-GNC","Female"
"9H17-VTZ",32070783696,"LZGQ-LJX","Male"
"9H17-VTZ",32070783697,"KDQH-DJG","Female"
"LY57-55F",32070783698,"GL9R-YL9","Male"
"LY57-55F",32070783699,"LDHQ-P5F","Female"
"LD9R-5G3",32070783708,"LD9R-RCZ","Male"
"LD9R-5G3",32070783709,"MBWQ-SF3","Female"
"M897-QTS",32070783710,"L1R3-QH7","Male"
"M897-QTS",32070783711,"M33Z-FHV","Female"
"L1HZ-WR2",32070783712,"LVTD-MDD","Male"
"L1HZ-WR2",32070783713,"GKYX-DNQ","Female"
"KFLG-12B",32070783716,"28YJ-Z4N","Male"
"KFLG-12B",32070783717,"GGGT-9MX","Female"
"GF4P-DDQ",32070783720,"GV4Z-NPS","Male"
"GF4P-DDQ",32070783721,"GZKP-3KR","Female"
"GVW6-VCK",32070783722,"G2JY-4D2","Male"
"GVW6-VCK",32070783723,"G2JT-PGL","Female"
"LJG8-98D",32070783724,"9H27-6Y3","Male"
"LJG8-98D",32070783725,"MWBC-XS5","Female"
"LBS6-SSC",32070783726,"99PY-VJ6","Male"
"LBS6-SSC",32070783727,"G6DL-8L7","Female"
"L1Z8-522",32070783728,"99Y7-MCD","Male"
"L1Z8-522",32070783729,"LBKM-9MP","Female"
"L1S4-4N9",32070783730,"L1QG-G8M","Male"
"L1S4-4N9",32070783731,"LD97-QLP","Female"
"LDW5-FB6",32070783732,"LDW5-66P","Male"
"LDW5-FB6",32070783733,"LDW5-623","Female"
"LDW5-N39",32070783734,"KCXK-S69","Male"
"LDW5-N39",32070783735,"GJR2-7VD","Female"
"M4N1-6BT",32070783736,"MKKN-R3H","Male"
"M4N1-6BT",32070783737,"9Q6D-L88","Female"
"L8PY-H7K",32070783738,"K417-PHT","Male"
"L8PY-H7K",32070783739,"9S3D-N8F","Female"
"G9M5-FF1",32070783744,"LY9D-2F8","Male"
"G9M5-FF1",32070783745,"L28D-TJH","Female"
"GN9F-M6Q",32070783746,"GJTS-3TP","Male"
"GN9F-M6Q",32070783747,"GN15-LRT","Female"
"LZGQ-LJX",32070783748,"KDQW-JTJ","Male"
"LZGQ-LJX",32070783749,"LDS9-GGV","Female"
"GNSH-WMX",32070783752,"G7NH-CM4","Male"
"GNSH-WMX",32070783753,"G215-VM8","Female"
"G2J9-N5G",32070783764,"GLL2-BZV","Male"
"LT6Z-NRQ",32070783766,"GC4V-KPG","Male"
"LT6Z-NRQ",32070783767,"L175-67M","Female"
"M9L6-6YN",32070783768,"K84R-TMS","Male"
"M9L6-6YN",32070783769,"GGGW-RYH","Female"
"2MYM-NS1",32070783770,"LTF2-JTC","Male"
"2MYM-NS1",32070783771,"LKNM-HR3","Female"
"GD4S-KVF",32070783772,"L1QD-DXV","Male"
"GD4S-KVF",32070783773,"LD9P-M8N","Female"
"GVHW-NRT",32070783776,"GVDF-MGZ","Male"
"GVHW-NRT",32070783777,"GVDX-FF4","Female"
"9CHV-B26",32070783784,"GNSH-WMX","Male"
"9CHV-B26",32070783785,"G215-3C9","Female"
"M9L6-6YN",32070783788,"K84R-TMS","Male"
"M9L6-6YN",32070783789,"GGGW-RYH","Female"
"2MYM-NS1",32070783790,"LTF2-JTC","Male"
"2MYM-NS1",32070783791,"LKNM-HR3","Female"
"G2J9-N5G",32070783796,"GLL2-BZV","Male"
"LT6Z-NRQ",32070783798,"GC4V-KPG","Male"
"LT6Z-NRQ",32070783799,"L175-67M","Female"
"M9L6-6YN",32070783800,"K84R-TMS","Male"
"M9L6-6YN",32070783801,"GGGW-RYH","Female"
"2MYM-NS1",32070783802,"LTF2-JTC","Male"
"2MYM-NS1",32070783803,"LKNM-HR3","Female"
"GD4S-KVF",32070783804,"L1QD-DXV","Male"
"GD4S-KVF",32070783805,"LD9P-M8N","Female"
"K84R-TMS",32070783808,"LDHB-RRD","Male"
"K84R-TMS",32070783809,"GKVP-QMK","Female"
"LTF2-JTC",32070783812,"9SJJ-97N","Male"
"LTF2-JTC",32070783813,"LZJG-K5N","Female"
"LKNM-HR3",32070783814,"LJ2H-W3S","Male"
"LKNM-HR3",32070783815,"LZ2S-DKM","Female"
"L1QD-DXV",32070783816,"GJ2V-WRY","Male"
"L1QD-DXV",32070783817,"G2CN-HW6","Female"
"LD9P-M8N",32070783818,"LD9P-MFB","Male"
"LD9P-M8N",32070783819,"LH6C-VKZ","Female"
"KNDD-84D",32070783824,"L1WT-FRN","Male"
"KNDD-84D",32070783825,"L1WY-QMZ","Female"
"GQQX-89B",32070783826,"LB5R-TH8","Male"
"GQQX-89B",32070783827,"LDHQ-P5F","Female"
"LR6N-PQP",32070783828,"LBJ9-GZ4","Male"
"LR6N-PQP",32070783829,"KZPP-B68","Female"
"LDSS-RGB",32070783830,"L18B-R3G","Male"
"LDSS-RGB",32070783831,"KDQH-DJG","Female"
"LBLP-PPD",32070783838,"G23Z-T5F","Male"
"LBLP-PPD",32070783839,"GFJR-GNC","Female"
"GQRQ-LYV",32070783840,"GQRQ-G6B","Male"
"GQRQ-LYV",32070783841,"GGVR-2KC","Female"
"G6TY-2YB",32070783842,"GXCR-NTD","Male"
"G6TY-2YB",32070783843,"GXCR-22N","Female"
"L8B9-R7W",32070783872,"GGSV-LFL","Male"
"L8B9-R7W",32070783873,"GGSK-HFX","Female"
"GQ1N-HXB",32070783880,"G7YH-3GJ","Male"
"GQ1N-HXB",32070783881,"GC45-DB8","Female"
"G6T6-9H3",32070783884,"G8SK-15F","Male"
"G2J9-N5G",32070783892,"GLL2-BZV","Male"
"LT6Z-NRQ",32070783894,"GC4V-KPG","Male"
"LT6Z-NRQ",32070783895,"L175-67M","Female"
"M9L6-6YN",32070783896,"K84R-TMS","Male"
"M9L6-6YN",32070783897,"GGGW-RYH","Female"
"2MYM-NS1",32070783898,"LTF2-JTC","Male"
"2MYM-NS1",32070783899,"LKNM-HR3","Female"
"GD4S-KVF",32070783900,"L1QD-DXV","Male"
"GD4S-KVF",32070783901,"LD9P-M8N","Female"
"LJB5-Z4Y",32070783904,"9C32-7PC","Male"
"LJB5-Z4Y",32070783905,"M5YG-GGX","Female"
"29T1-RW8",32070783906,"93LF-J1V","Male"
"29T1-RW8",32070783907,"931M-DSZ","Female"
"LDSS-ZMW",32070783908,"LDSS-8WS","Male"
"LDSS-ZMW",32070783909,"9ZCG-R7L","Female"
"LDSS-ZMD",32070783910,"LRHH-9JN","Male"
"LDSS-ZMD",32070783911,"LZGK-6BD","Female"
"GH7M-SN1",32070783912,"LM1H-8JF","Male"
"GH7M-SN1",32070783913,"LBDD-T2H","Female"
"M1TK-CR7",32070783914,"LYJ2-TZG","Male"
"M1TK-CR7",32070783915,"LYJ2-LF5","Female"
"9CSQ-RVL",32070783916,"G95M-WZ9","Male"
"9CSQ-RVL",32070783917,"9V7R-KN5","Female"
"GKNH-2K7",32070783918,"LDW2-QX1","Male"
"GKNH-2K7",32070783919,"267Y-B3F","Female"
"L1Z8-522",32070783920,"99Y7-MCD","Male"
"L1Z8-522",32070783921,"LBKM-9MP","Female"
"L1S4-4N9",32070783922,"L1QG-G8M","Male"
"L1S4-4N9",32070783923,"LD97-QLP","Female"
"LDW5-FB6",32070783924,"LDW5-66P","Male"
"LDW5-FB6",32070783925,"LDW5-623","Female"
"LDW5-N39",32070783926,"KCXK-S69","Male"
"LDW5-N39",32070783927,"GJR2-7VD","Female"
"M4N1-6BT",32070783928,"MKKN-R3H","Male"
"M4N1-6BT",32070783929,"9Q6D-L88","Female"
"L8PY-H7K",32070783930,"K417-PHT","Male"
"L8PY-H7K",32070783931,"9S3D-N8F","Female"
"K84R-TMS",32070784000,"LDHB-RRD","Male"
"K84R-TMS",32070784001,"GKVP-QMK","Female"
"LTF2-JTC",32070784004,"9SJJ-97N","Male"
"LTF2-JTC",32070784005,"LZJG-K5N","Female"
"LKNM-HR3",32070784006,"LJ2H-W3S","Male"
"LKNM-HR3",32070784007,"LZ2S-DKM","Female"
"L1QD-DXV",32070784008,"GJ2V-WRY","Male"
"L1QD-DXV",32070784009,"G2CN-HW6","Female"
"LD9P-M8N",32070784010,"LD9P-MFB","Male"
"LD9P-M8N",32070784011,"LH6C-VKZ","Female"
"KNDD-84D",32070784016,"L1WT-FRN","Male"
"KNDD-84D",32070784017,"L1WY-QMZ","Female"
"GQQX-89B",32070784018,"LB5R-TH8","Male"
"GQQX-89B",32070784019,"LDHQ-P5F","Female"
"LR6N-PQP",32070784020,"LBJ9-GZ4","Male"
"LR6N-PQP",32070784021,"KZPP-B68","Female"
"LDSS-RGB",32070784022,"L18B-R3G","Male"
"LDSS-RGB",32070784023,"KDQH-DJG","Female"
"LBLP-PPD",32070784030,"G23Z-T5F","Male"
"LBLP-PPD",32070784031,"GFJR-GNC","Female"
"GQRQ-LYV",32070784032,"GQRQ-G6B","Male"
"GQRQ-LYV",32070784033,"GGVR-2KC","Female"
"G6TY-2YB",32070784034,"GXCR-NTD","Male"
"G6TY-2YB",32070784035,"GXCR-22N","Female"
"LZGQ-LJX",32070784064,"KDQW-JTJ","Male"
"LZGQ-LJX",32070784065,"LDS9-GGV","Female"
"KDQH-DJG",32070784066,"L1DD-JMP","Male"
"KDQH-DJG",32070784067,"9WY9-HRJ","Female"
"GL9R-YL9",32070784068,"LD95-VV6","Male"
"GL9R-YL9",32070784069,"9H2F-HV5","Female"
"LDHQ-P5F",32070784070,"LD9R-RB7","Male"
"LDHQ-P5F",32070784071,"LDSS-6H5","Female"
"LD9R-RCZ",32070784088,"GGT6-NYC","Male"
"LD9R-RCZ",32070784089,"GGTD-5CG","Female"
"MBWQ-SF3",32070784090,"LH3J-XVF","Male"
"MBWQ-SF3",32070784091,"KN3T-TR3","Female"
"L1R3-QH7",32070784092,"LD9R-5PH","Male"
"L1R3-QH7",32070784093,"LZM1-YM9","Female"
"M33Z-FHV",32070784094,"GGQ2-T6Y","Male"
"M33Z-FHV",32070784095,"GGQ2-FDK","Female"
"GQMG-G62",32070784176,"LDSQ-XRK","Male"
"GQMG-G62",32070784177,"LCFL-9DP","Female"
"GN4C-8ND",32070784178,"L644-9GY","Male"
"GN4C-8ND",32070784179,"KVGF-FPJ","Female"
"LBM7-XLR",32070784188,"GN1K-X6S","Male"
"LBM7-XLR",32070784189,"G2ZJ-FVP","Female"
"LDSR-1Y7",32070784190,"G7X3-T3S","Male"
"LDSR-1Y7",32070784191,"GNHC-9DJ","Female"
"K84R-TMS",32070784192,"LDHB-RRD","Male"
"K84R-TMS",32070784193,"GKVP-QMK","Female"
"LTF2-JTC",32070784196,"9SJJ-97N","Male"
"LTF2-JTC",32070784197,"LZJG-K5N","Female"
"LKNM-HR3",32070784198,"LJ2H-W3S","Male"
"LKNM-HR3",32070784199,"LZ2S-DKM","Female"
"L1QD-DXV",32070784200,"GJ2V-WRY","Male"
"L1QD-DXV",32070784201,"G2CN-HW6","Female"
"LD9P-M8N",32070784202,"LD9P-MFB","Male"
"LD9P-M8N",32070784203,"LH6C-VKZ","Female"
"99Y7-MCD",32070784208,"KN8N-WHW","Male"
"99Y7-MCD",32070784209,"9SYL-S5H","Female"
"LBKM-9MP",32070784210,"G67W-G57","Male"
"LBKM-9MP",32070784211,"MZHC-RBM","Female"
"L1QG-G8M",32070784212,"LDFZ-8Q1","Male"
"L1QG-G8M",32070784213,"LHPZ-VGH","Female"
"LDW5-66P",32070784216,"LD9R-RB7","Male"
"LDW5-66P",32070784217,"LDSS-6H5","Female"
"LDW5-623",32070784218,"LDMT-HMZ","Male"
"LDW5-623",32070784219,"LD91-ST3","Female"
"KCXK-S69",32070784220,"L8MB-ZMK","Male"
"KCXK-S69",32070784221,"MB1Q-ZWW","Female"
"GJR2-7VD",32070784222,"LDMT-W6R","Male"
"GJR2-7VD",32070784223,"LT83-H6M","Female"
"9HYM-87T",32070784224,"GNT4-LY5","Male"
"9HYM-87T",32070784225,"GDL9-6NN","Female"
"LTK3-YL5",32070784226,"LTK3-8VH","Male"
"LTK3-YL5",32070784227,"GHMC-S6W","Female"
"9915-W3T",32070784228,"GL7X-KX1","Male"
"9915-W3T",32070784229,"GLWD-X2D","Female"
"G34F-CPK",32070784230,"LHTX-J4Y","Male"
"G34F-CPK",32070784231,"G34F-HFB","Female"
"G6T4-VS4",32070784232,"GW1V-6D9","Male"
"29YL-C18",32070784236,"GX5G-839","Male"
"29YL-C18",32070784237,"L87D-4PX","Female"
"9CCZ-PKB",32070784240,"9Z8P-D5J","Male"
"9CCZ-PKB",32070784241,"MHPT-LNL","Female"
"L75S-MVR",32070784242,"G2HQ-H3Y","Male"
"L75S-MVR",32070784243,"G2HQ-4SW","Female"
"GFDK-48G",32070784244,"GFDK-XX3","Male"
"GFDK-48G",32070784245,"GVJP-DFV","Female"
"GD2L-TGY",32070784248,"GCQF-WFQ","Male"
"GD2L-TGY",32070784249,"LKDQ-8DY","Female"
"G6R8-7WV",32070784252,"9CWG-P3Q","Male"
"G6R8-7WV",32070784253,"LCZD-G2Y","Female"
"L7GV-JX4",32070784254,"G8W1-9VC","Male"
"L7GV-JX4",32070784255,"LCZD-G2Y","Female"
"G91P-199",32070784258,"GQYX-CZ8","Male"
"G91P-199",32070784259,"GVP1-JXX","Female"
"LT3M-GVB",32070784272,"LYKM-77Q","Male"
"LT3M-GVB",32070784273,"G9KN-N8D","Female"
"9CJ7-MYH",32070784284,"9Z8X-1VX","Male"
"9CJ7-MYH",32070784285,"9Z8X-1VF","Female"
"K84R-TMS",32070784320,"LDHB-RRD","Male"
"K84R-TMS",32070784321,"GKVP-QMK","Female"
"LTF2-JTC",32070784324,"9SJJ-97N","Male"
"LTF2-JTC",32070784325,"LZJG-K5N","Female"
"LKNM-HR3",32070784326,"LJ2H-W3S","Male"
"LKNM-HR3",32070784327,"LZ2S-DKM","Female"
"L1QD-DXV",32070784328,"GJ2V-WRY","Male"
"L1QD-DXV",32070784329,"G2CN-HW6","Female"
"LD9P-M8N",32070784330,"LD9P-MFB","Male"
"LD9P-M8N",32070784331,"LH6C-VKZ","Female"
"KNDD-84D",32070784336,"L1WT-FRN","Male"
"KNDD-84D",32070784337,"L1WY-QMZ","Female"
"GQQX-89B",32070784338,"LB5R-TH8","Male"
"GQQX-89B",32070784339,"LDHQ-P5F","Female"
"LR6N-PQP",32070784340,"LBJ9-GZ4","Male"
"LR6N-PQP",32070784341,"KZPP-B68","Female"
"LDSS-RGB",32070784342,"L18B-R3G","Male"
"LDSS-RGB",32070784343,"KDQH-DJG","Female"
"LBLP-PPD",32070784350,"G23Z-T5F","Male"
"LBLP-PPD",32070784351,"GFJR-GNC","Female"
"GQRQ-LYV",32070784352,"GQRQ-G6B","Male"
"GQRQ-LYV",32070784353,"GGVR-2KC","Female"
"G6TY-2YB",32070784354,"GXCR-NTD","Male"
"G6TY-2YB",32070784355,"GXCR-22N","Female"
"G6B1-NGH",32070784384,"G6B1-LGM","Male"
"L619-MQH",32070784392,"934P-X69","Male"
"L619-MQH",32070784393,"GLVM-QFF","Female"
"LDSS-ZMW",32070784396,"LDSS-8WS","Male"
"LDSS-ZMW",32070784397,"9ZCG-R7L","Female"
"LDSS-ZMD",32070784398,"LRHH-9JN","Male"
"LDSS-ZMD",32070784399,"LZGK-6BD","Female"
"LLCW-6W8",32070784400,"GWK5-T5S","Male"
"LLCW-6W8",32070784401,"GWKR-4T6","Female"
"LBSY-43P",32070784404,"L619-MQH","Male"
"LBSY-43P",32070784405,"GK8M-8WF","Female"
"L8M6-YWJ",32070784406,"LDSS-ZMW","Male"
"L8M6-YWJ",32070784407,"LDSS-ZMD","Female"
"9HGP-DBV",32070784408,"GDLQ-MX5","Male"
"9HGP-DBV",32070784409,"LY72-MRC","Female"
"LXWD-248",32070784410,"GXGS-JGW","Male"
"LXWD-248",32070784411,"L8T9-YR8","Female"
"L1Z8-522",32070784416,"99Y7-MCD","Male"
"L1Z8-522",32070784417,"LBKM-9MP","Female"
"L1S4-4N9",32070784418,"L1QG-G8M","Male"
"L1S4-4N9",32070784419,"LD97-QLP","Female"
"LDW5-FB6",32070784420,"LDW5-66P","Male"
"LDW5-FB6",32070784421,"LDW5-623","Female"
"LDW5-N39",32070784422,"KCXK-S69","Male"
"LDW5-N39",32070784423,"GJR2-7VD","Female"
"M4N1-6BT",32070784424,"MKKN-R3H","Male"
"M4N1-6BT",32070784425,"9Q6D-L88","Female"
"L8PY-H7K",32070784426,"K417-PHT","Male"
"L8PY-H7K",32070784427,"9S3D-N8F","Female"
"LJRG-7ST",32070784440,"GN9S-PHK","Male"
"28WM-FQ6",32070784442,"9HV8-NJK","Male"
"28WM-FQ6",32070784443,"GV2T-G5N","Female"
"GDTX-41X",32070784444,"G6Y8-CVK","Male"
"GX4S-QCJ",32070784446,"L8MP-TBP","Male"
"GX4S-QCJ",32070784447,"GQPW-RMC","Female"
"KNDD-84D",32070784448,"L1WT-FRN","Male"
"KNDD-84D",32070784449,"L1WY-QMZ","Female"
"GQQX-89B",32070784450,"LB5R-TH8","Male"
"GQQX-89B",32070784451,"LDHQ-P5F","Female"
"LR6N-PQP",32070784452,"LBJ9-GZ4","Male"
"LR6N-PQP",32070784453,"KZPP-B68","Female"
"LDSS-RGB",32070784454,"L18B-R3G","Male"
"LDSS-RGB",32070784455,"KDQH-DJG","Female"
"LBLP-PPD",32070784462,"G23Z-T5F","Male"
"LBLP-PPD",32070784463,"GFJR-GNC","Female"
"9H17-VTZ",32070784464,"LZGQ-LJX","Male"
"9H17-VTZ",32070784465,"KDQH-DJG","Female"
"LY57-55F",32070784466,"GL9R-YL9","Male"
"LY57-55F",32070784467,"LDHQ-P5F","Female"
"LD9R-5G3",32070784476,"LD9R-RCZ","Male"
"LD9R-5G3",32070784477,"MBWQ-SF3","Female"
"M897-QTS",32070784478,"L1R3-QH7","Male"
"M897-QTS",32070784479,"M33Z-FHV","Female"
"L1HZ-WR2",32070784480,"LVTD-MDD","Male"
"L1HZ-WR2",32070784481,"GKYX-DNQ","Female"
"KFLG-12B",32070784484,"28YJ-Z4N","Male"
"KFLG-12B",32070784485,"GGGT-9MX","Female"
"GF4P-DDQ",32070784488,"GV4Z-NPS","Male"
"GF4P-DDQ",32070784489,"GZKP-3KR","Female"
"GVW6-VCK",32070784490,"G2JY-4D2","Male"
"GVW6-VCK",32070784491,"G2JT-PGL","Female"
"LJG8-98D",32070784492,"9H27-6Y3","Male"
"LJG8-98D",32070784493,"MWBC-XS5","Female"
"LBS6-SSC",32070784494,"99PY-VJ6","Male"
"LBS6-SSC",32070784495,"G6DL-8L7","Female"
"L1Z8-522",32070784496,"99Y7-MCD","Male"
"L1Z8-522",32070784497,"LBKM-9MP","Female"
"L1S4-4N9",32070784498,"L1QG-G8M","Male"
"L1S4-4N9",32070784499,"LD97-QLP","Female"
"LDW5-FB6",32070784500,"LDW5-66P","Male"
"LDW5-FB6",32070784501,"LDW5-623","Female"
"LDW5-N39",32070784502,"KCXK-S69","Male"
"LDW5-N39",32070784503,"GJR2-7VD","Female"
"M4N1-6BT",32070784504,"MKKN-R3H","Male"
"M4N1-6BT",32070784505,"9Q6D-L88","Female"
"L8PY-H7K",32070784506,"K417-PHT","Male"
"L8PY-H7K",32070784507,"9S3D-N8F","Female"
"GC35-5JN",32070784512,"L5D4-4M7","Male"
"GC35-5JN",32070784513,"GGRC-Z23","Female"
"2R5H-Q2Q",32070784528,"93QT-3QP","Male"
"2R5H-Q2Q",32070784529,"L71C-CSZ","Female"
"KLBK-XDY",32070784530,"LTQP-NP6","Male"
"LH74-HV9",32070784536,"LTQP-NP6","Male"
"LH74-HV9",32070784537,"LD3L-QYY","Female"
"9HVH-9GD",32070784538,"LHW9-VZ4","Male"
"9HVH-9GD",32070784539,"GKKW-24R","Female"
"GQSS-GWX",32070784540,"LBVC-QNQ","Male"
"GQSS-GWX",32070784541,"G6CW-BBF","Female"
"93QL-QQ9",32070784542,"GVCH-XLT","Male"
"93QL-QQ9",32070784543,"GVCH-Y6Z","Female"
"GJ15-2NP",32070784624,"G9M5-FF1","Male"
"GJ15-2NP",32070784625,"GN9F-M6Q","Female"
"LZGK-6BD",32070784626,"LZGQ-LJX","Male"
"LZGK-6BD",32070784627,"GG5V-KXG","Female"
"9CHV-B26",32070784628,"GNSH-WMX","Male"
"9CHV-B26",32070784629,"G215-3C9","Female"
"G91P-199",32070784634,"GQYX-CZ8","Male"
"G91P-199",32070784635,"GVP1-JXX","Female"
"G8V1-RVB",32070784776,"GXWS-RRD","Male"
"G8V1-RVB",32070784777,"GDTF-9Z2","Female"
"L6RN-2TH",32070784800,"GC35-5JN","Male"
"L6RN-2TH",32070784801,"LRG2-ZPX","Female"
"LD32-VMD",32070784808,"2R5H-Q2Q","Male"
"LD32-VMD",32070784809,"KLBK-XDY","Female"
"LQ55-3HJ",32070784812,"LH74-HV9","Male"
"LQ55-3HJ",32070784813,"9HVH-9GD","Female"
"LZDQ-RC1",32070784814,"GQSS-GWX","Male"
"LZDQ-RC1",32070784815,"93QL-QQ9","Female"
"M9L6-6YN",32070784864,"K84R-TMS","Male"
"M9L6-6YN",32070784865,"GGGW-RYH","Female"
"2MYM-NS1",32070784866,"LTF2-JTC","Male"
"2MYM-NS1",32070784867,"LKNM-HR3","Female"
"GD4S-KVF",32070784868,"L1QD-DXV","Male"
"GD4S-KVF",32070784869,"LD9P-M8N","Female"
"L1Z8-522",32070784872,"99Y7-MCD","Male"
"L1Z8-522",32070784873,"LBKM-9MP","Female"
"L1S4-4N9",32070784874,"L1QG-G8M","Male"
"L1S4-4N9",32070784875,"LD97-QLP","Female"
"LDW5-FB6",32070784876,"LDW5-66P","Male"
"LDW5-FB6",32070784877,"LDW5-623","Female"
"LDW5-N39",32070784878,"KCXK-S69","Male"
"LDW5-N39",32070784879,"GJR2-7VD","Female"
"KC5V-1SS",32070784896,"9H16-YMP","Male"
"KC5V-1SS",32070784897,"L82R-5HJ","Female"
"GZRW-YJ6",32070784908,"GWQB-4PH","Male"
"GZRW-YJ6",32070784909,"GWQ1-HTG","Female"
"G8W1-9VC",32070784928,"GQ61-KWP","Male"
"G8W1-9VC",32070784929,"G286-7NZ","Female"
"LCZD-G2Y",32070784930,"G242-XCP","Male"
"LCZD-G2Y",32070784931,"G2L3-V7G","Female"
"LHWG-CC2",32070784932,"GCW7-S43","Male"
"LHWG-CC2",32070784933,"GHGS-48N","Female"
"946D-MLM",32070784934,"LHVB-F45","Male"
"946D-MLM",32070784935,"GGVY-JS7","Female"
"G8D1-62Y",32070784936,"M6BM-GL3","Male"
"G8D1-62Y",32070784937,"L228-6GM","Female"
"GHGS-8G4",32070784938,"LR3T-3QV","Male"
"GHGS-8G4",32070784939,"GNV4-LPC","Female"
"LHF5-NRF",32070784944,"9HYM-87T","Male"
"LHF5-NRF",32070784945,"LTK3-YL5","Female"
"L8YS-939",32070784946,"9915-W3T","Male"
"L8YS-939",32070784947,"G34F-CPK","Female"
"GNSC-GX2",32070784948,"G6T4-VS4","Male"
"G6T4-Y59",32070784950,"29YL-C18","Male"
"G6T4-Y59",32070784951,"KGCM-X4S","Female"
"LZJW-MTS",32070784976,"9QQ3-L3Z","Male"
"LZJW-MTS",32070784977,"9QQN-BS3","Female"
"M9L6-6YN",32070784984,"K84R-TMS","Male"
"M9L6-6YN",32070784985,"GGGW-RYH","Female"
"2MYM-NS1",32070784986,"LTF2-JTC","Male"
"2MYM-NS1",32070784987,"LKNM-HR3","Female"
"GD4S-KVF",32070784988,"L1QD-DXV","Male"
"GD4S-KVF",32070784989,"LD9P-M8N","Female"
"LYPR-VX5",32070784992,"GD65-2F2","Male"
"LYPR-VX5",32070784993,"KNSN-3NT","Female"
"LY6D-WK1",32070784994,"LT8Q-95L","Male"
"LY6D-WK1",32070784995,"G63V-9WW","Female"
"LY6D-VDY",32070784996,"KFRR-NHN","Male"
"LY6D-VDY",32070784997,"9QQN-L3P","Female"
"LY6D-V66",32070784998,"LVVK-HVJ","Male"
"LY6D-V66",32070784999,"GX26-XRJ","Female"
"GLT4-TVW",32070785000,"GDHY-7SR","Male"
"GLT4-TVW",32070785001,"GLTH-3M3","Female"
"K4LT-K4X",32070785004,"LD1R-LZF","Male"
"K4LT-K4X",32070785005,"LZ2K-W9Y","Female"
"LVV3-7SJ",32070785006,"9MH5-29J","Male"
"LVV3-7SJ",32070785007,"LZZW-6XG","Female"
"GSRV-2D8",32070785008,"GMP6-NXR","Male"
"GSRV-2D8",32070785009,"G39X-CX3","Female"
"LB63-39R",32070785032,"9CNQ-BYP","Male"
"LB63-39R",32070785033,"GGQF-6BP","Female"
"9HVL-KZ4",32070785034,"LB23-LJ1","Male"
"9HVL-KZ4",32070785035,"LZBY-TS8","Female"
"9HL2-TJM",32070785036,"LTFG-ZR8","Male"
"9HL2-TJM",32070785037,"99HN-W8M","Female"
"9S8J-84Z",32070785038,"9CXC-B7Y","Male"
"9S8J-84Z",32070785039,"LZBY-TS8","Female"
"LB63-39R",32070785064,"9CNQ-BYP","Male"
"LB63-39R",32070785065,"GGQF-6BP","Female"
"9HVL-KZ4",32070785066,"LB23-LJ1","Male"
"9HVL-KZ4",32070785067,"LZBY-TS8","Female"
"9HL2-TJM",32070785068,"LTFG-ZR8","Male"
"9HL2-TJM",32070785069,"99HN-W8M","Female"
"9S8J-84Z",32070785070,"9CXC-B7Y","Male"
"9S8J-84Z",32070785071,"LZBY-TS8","Female"
"G7H9-MZF",32070785088,"2SFJ-KSH","Male"
"G7H9-MZF",32070785089,"GH6V-72P","Female"
"LKD8-KF5",32070785092,"LV3B-499","Male"
"LKD8-KF5",32070785093,"LKD8-KDY","Female"
"GHDD-32H",32070785094,"G7S4-LCN","Male"
"GHDD-32H",32070785095,"G22W-1PB","Female"
"9HLK-V6W",32070785208,"GZPW-9T8","Male"
"9HLK-V6W",32070785209,"G27G-J45","Female"
"GGVB-2MK",32070785210,"949J-G8K","Male"
"GGVB-2MK",32070785211,"GGRJ-B45","Female"
"9H16-YMP",32070785212,"L18B-R3G","Male"
"9H16-YMP",32070785213,"KDQH-DJG","Female"
"L82R-5HJ",32070785214,"LD9R-5G3","Male"
"L82R-5HJ",32070785215,"M897-QTS","Female"
"L55P-QVF",32070785256,"GGQM-DVN","Male"
"LBKB-VP5",32070785272,"GQMG-G62","Male"
"LBKB-VP5",32070785273,"GN4C-8ND","Female"
"LHLV-GKQ",32070785277,"G6R8-N1X","Female"
"LHLV-GKQ",32070785276,"G8KM-JF3","Male"
"M12G-SFX",32070785278,"LBM7-XLR","Male"
"M12G-SFX",32070785279,"LDSR-1Y7","Female"
"L7LL-FB1",32070785280,"GGJ6-93F","Male"
"L7LL-FB1",32070785281,"94RZ-9KC","Female"
"LZVR-GMG",32070785282,"L18X-ZNH","Male"
"LZVR-GMG",32070785283,"MVL6-5PR","Female"
"93LF-J1V",32070785284,"L1HZ-WR2","Male"
"93LF-J1V",32070785285,"MDWC-L73","Female"
"931M-DSZ",32070785286,"KFLG-12B","Male"
"931M-DSZ",32070785287,"M5YG-GGX","Female"
"LHYG-XJF",32070785288,"M1TN-H75","Male"
"LHYG-XJF",32070785289,"GHRS-RJY","Female"
"GDGW-LRZ",32070785290,"LJ4D-ZCK","Male"
"GDGW-LRZ",32070785291,"9S1L-ZP2","Female"
"2JFF-BQB",32070785292,"G87Q-Z3W","Male"
"2JFF-BQB",32070785293,"GC32-FML","Female"
"K83K-RFX",32070785295,"G2GZ-4JW","Female"
"LZGQ-LJX",32070785296,"KDQW-JTJ","Male"
"LZGQ-LJX",32070785297,"LDS9-GGV","Female"
"KDQH-DJG",32070785298,"L1DD-JMP","Male"
"KDQH-DJG",32070785299,"9WY9-HRJ","Female"
"GL9R-YL9",32070785300,"LD95-VV6","Male"
"GL9R-YL9",32070785301,"9H2F-HV5","Female"
"LDHQ-P5F",32070785302,"LD9R-RB7","Male"
"LDHQ-P5F",32070785303,"LDSS-6H5","Female"
"K8D7-F5D",32070785304,"LZS9-ZC2","Male"
"K8D7-F5D",32070785305,"LZ61-F76","Female"
"LDZ2-8G7",32070785308,"KNXX-WBQ","Male"
"LDZ2-8G7",32070785309,"LDZ2-8LP","Female"
"LY6V-8G3",32070785310,"LDMT-HMZ","Male"
"LY6V-8G3",32070785311,"LD91-ST3","Female"
"LH7S-18K",32070785312,"LDW2-7WW","Male"
"LH7S-18K",32070785313,"LH7S-12Y","Female"
"LDSV-5Q1",32070785314,"LDSQ-XRK","Male"
"LDSV-5Q1",32070785315,"LCFL-9DP","Female"
"LYGH-JR3",32070785316,"LD9R-RB7","Male"
"LYGH-JR3",32070785317,"LDSS-6H5","Female"
"LZVR-GMG",32070785318,"L18X-ZNH","Male"
"LZVR-GMG",32070785319,"MVL6-5PR","Female"
"GNYN-63S",32070785320,"L8YY-G2B","Male"
"GNYN-63S",32070785321,"93BR-9XQ","Female"
"LBDM-38D",32070785322,"L8R2-SJ9","Male"
"LBDM-38D",32070785323,"LCXP-QW3","Female"
"9H16-YMP",32070785324,"L18B-R3G","Male"
"9H16-YMP",32070785325,"KDQH-DJG","Female"
"L82R-5HJ",32070785326,"LD9R-5G3","Male"
"L82R-5HJ",32070785327,"M897-QTS","Female"
"G7L7-K4V",32070785328,"GJN4-XTB","Male"
"G7L7-K4V",32070785329,"GVSX-46Q","Female"
"GVMM-WY2",32070785330,"GSD6-K7P","Male"
"GVMM-WY2",32070785331,"G6WQ-WBM","Female"
"LZJX-4WX",32070785332,"G95X-P39","Male"
"LZJX-4WX",32070785333,"GSBX-MD1","Female"
"2ZVG-JS3",32070785334,"L1QG-G8M","Male"
"2ZVG-JS3",32070785335,"LD97-QLP","Female"
"94BN-14G",32070785336,"G27Z-3CW","Male"
"94BN-14G",32070785337,"G27Z-QDV","Female"
"GQP1-GKY",32070785340,"G6MW-WVX","Male"
"GQP1-GKY",32070785341,"GX82-GBC","Female"
"LD33-H5D",32070785342,"GMXF-JSD","Male"
"LD33-H5D",32070785343,"GQSG-1F8","Female"
"L7LL-FB1",32070785344,"GGJ6-93F","Male"
"L7LL-FB1",32070785345,"94RZ-9KC","Female"
"LZVR-GMG",32070785346,"L18X-ZNH","Male"
"LZVR-GMG",32070785347,"MVL6-5PR","Female"
"93LF-J1V",32070785348,"L1HZ-WR2","Male"
"93LF-J1V",32070785349,"MDWC-L73","Female"
"931M-DSZ",32070785350,"KFLG-12B","Male"
"931M-DSZ",32070785351,"M5YG-GGX","Female"
"LHYG-XJF",32070785352,"M1TN-H75","Male"
"LHYG-XJF",32070785353,"GHRS-RJY","Female"
"GDGW-LRZ",32070785354,"LJ4D-ZCK","Male"
"GDGW-LRZ",32070785355,"9S1L-ZP2","Female"
"2JFF-BQB",32070785356,"G87Q-Z3W","Male"
"2JFF-BQB",32070785357,"GC32-FML","Female"
"K83K-RFX",32070785359,"G2GZ-4JW","Female"
"LZGC-T3V",32070785376,"9HBT-X6S","Male"
"9HNL-VTQ",32070785378,"LT6K-DY9","Male"
"9HNL-VTQ",32070785379,"9HZT-7LN","Female"
"M6HL-7N8",32070785380,"GGP9-PVT","Male"
"48HM-XVK",32070785382,"GGPS-Z3V","Male"
"48HM-XVK",32070785383,"GGPS-W5B","Female"
"M1G9-D88",32070785384,"G4XC-Z25","Male"
"M1G9-D88",32070785385,"GXW3-FM3","Female"
"G6HB-74V",32070785386,"GXQL-V29","Male"
"G6HB-74V",32070785387,"GK96-PTN","Female"
"MRMP-3HL",32070785388,"MQ97-2VC","Male"
"MRMP-3HL",32070785389,"L812-1MZ","Female"
"LZ1V-VQ4",32070785390,"GSWG-DB2","Male"
"LZ1V-VQ4",32070785391,"LBVL-MQ9","Female"
"L19Z-CL1",32070785392,"9S1N-9NW","Male"
"L19Z-CL1",32070785393,"GGG7-ZFW","Female"
"LTRP-RR9",32070785394,"9STQ-HGV","Male"
"LTRP-RR9",32070785395,"GC81-6YM","Female"
"LB2S-YQF",32070785396,"LDGP-6LG","Male"
"LB2S-YQF",32070785397,"KC5N-C3N","Female"
"9SR5-TGZ",32070785398,"LRBK-WPN","Male"
"9SR5-TGZ",32070785399,"9WWL-HYB","Female"
"GJTB-SFG",32070785400,"LCB7-3YS","Male"
"GJTB-SFG",32070785401,"L8T3-L1F","Female"
"G9SD-RC6",32070785402,"LYV5-RQ5","Male"
"G9SD-RC6",32070785403,"L1QP-JJ6","Female"
"97D4-D9M",32070785404,"G9Z2-7RY","Male"
"97D4-D9M",32070785405,"L4BD-6XM","Female"
"9H92-XWD",32070785406,"L528-M9W","Male"
"9H92-XWD",32070785407,"L812-24W","Female"
"G2NN-KBR",32070785440,"LD33-387","Male"
"G2NN-KBR",32070785441,"GLMM-ZVK","Female"
"GFPY-73D",32070785446,"GNZM-395","Male"
"GFPY-73D",32070785447,"GL2W-V59","Female"
"MVX3-57J",32070785450,"LCCR-Z5Z","Male"
"MVX3-57J",32070785451,"G215-J1Y","Female"
"L2Y4-PFW",32070785452,"GZ7L-WGP","Male"
"L2Y4-PFW",32070785453,"GCKD-YVB","Female"
"GDBL-R24",32070785454,"9WQT-DRR","Male"
"GDBL-R24",32070785455,"GHXP-711","Female"
"GZPW-9T8",32070785552,"GVXT-MZG","Male"
"GZPW-9T8",32070785553,"LV8V-H4X","Female"
"G27G-J45",32070785554,"GKWF-SCL","Male"
"G27G-J45",32070785555,"GD2R-LLD","Female"
"949J-G8K",32070785556,"G3LH-DG9","Male"
"GGRJ-B45",32070785558,"G6GQ-R3F","Male"
"GGRJ-B45",32070785559,"G8R7-2L1","Female"
"L18B-R3G",32070785560,"G2TZ-96Y","Male"
"L18B-R3G",32070785561,"G2T8-97Z","Female"
"KDQH-DJG",32070785562,"L1DD-JMP","Male"
"KDQH-DJG",32070785563,"9WY9-HRJ","Female"
"LD9R-5G3",32070785564,"LD9R-RCZ","Male"
"LD9R-5G3",32070785565,"MBWQ-SF3","Female"
"M897-QTS",32070785566,"L1R3-QH7","Male"
"M897-QTS",32070785567,"M33Z-FHV","Female"
"G2WT-41W",32070785568,"G3M5-XM2","Male"
"G2WT-41W",32070785569,"GGJN-2MN","Female"
"GVSF-K9H",32070785570,"GJLD-SDG","Male"
"LD9R-RCZ",32070785584,"GGT6-NYC","Male"
"LD9R-RCZ",32070785585,"GGTD-5CG","Female"
"MBWQ-SF3",32070785586,"LH3J-XVF","Male"
"MBWQ-SF3",32070785587,"KN3T-TR3","Female"
"L1R3-QH7",32070785588,"LD9R-5PH","Male"
"L1R3-QH7",32070785589,"LZM1-YM9","Female"
"M33Z-FHV",32070785590,"GGQ2-T6Y","Male"
"M33Z-FHV",32070785591,"GGQ2-FDK","Female"
"L8R2-SJ9",32070785592,"G21Z-QQG","Male"
"L8R2-SJ9",32070785593,"GZ2N-HCQ","Female"
"LCXP-QW3",32070785594,"99PT-X33","Male"
"LCXP-QW3",32070785595,"G21N-VX4","Female"
"KNQ6-9ZF",32070785605,"GGM3-KZW","Female"
"LDS9-GTK",32070785608,"9HTX-2CD","Male"
"LDS9-GTK",32070785609,"G39Q-HBK","Female"
"GMN3-7TX",32070785610,"L7LR-RWX","Male"
"GMN3-7TX",32070785611,"GKGZ-365","Female"
"LT83-QKS",32070785624,"GZ2L-M6L","Male"
"LT83-QKS",32070785625,"LBTR-BTW","Female"
"GDG2-NJC",32070785626,"G6RN-4Y7","Male"
"GDG2-NJC",32070785627,"GFPT-S5P","Female"
"G9M5-FF1",32070785628,"LY9D-2F8","Male"
"G9M5-FF1",32070785629,"L28D-TJH","Female"
"GN9F-M6Q",32070785630,"GJTS-3TP","Male"
"GN9F-M6Q",32070785631,"GN15-LRT","Female"
"GLTH-SF8",32070785636,"GGKB-FBC","Male"
"GLTH-SF8",32070785637,"GKK9-K98","Female"
"GNBX-9JC",32070785648,"GKCC-1KD","Male"
"GNBX-9JC",32070785649,"G2KS-LP1","Female"
"GFC6-D1X",32070785650,"GGRW-3PW","Male"
"GFC6-D1X",32070785651,"LXSK-QX8","Female"
"GD7G-BVP",32070785652,"GMF5-BSR","Male"
"GD7G-BVP",32070785653,"L1WB-PZW","Female"
"9HG1-CKS",32070785654,"L1W8-W7S","Male"
"9MH5-2Q7",32070785656,"GD7W-JS7","Male"
"9MH5-2Q7",32070785657,"GD7W-NSX","Female"
"M1W5-BFF",32070785660,"9376-JCH","Male"
"M1W5-BFF",32070785661,"9HVH-9GD","Female"
"9CW5-JNL",32070785662,"GG3M-7JP","Male"
"9CW5-JNL",32070785663,"GG3M-7PG","Female"
"L1WT-FRN",32070785664,"GZRK-SFB","Male"
"L1WT-FRN",32070785665,"GVSP-WS2","Female"
"L1WY-QMZ",32070785666,"GHKB-C3J","Male"
"L1WY-QMZ",32070785667,"L5DR-KL8","Female"
"LB5R-TH8",32070785668,"KDQW-JTJ","Male"
"LB5R-TH8",32070785669,"LDS9-GGV","Female"
"LDHQ-P5F",32070785670,"LD9R-RB7","Male"
"LDHQ-P5F",32070785671,"LDSS-6H5","Female"
"LBJ9-GZ4",32070785672,"9ZH7-GMD","Male"
"LBJ9-GZ4",32070785673,"MBYH-395","Female"
"KZPP-B68",32070785674,"G7ZN-5DF","Male"
"L18B-R3G",32070785676,"G2TZ-96Y","Male"
"L18B-R3G",32070785677,"G2T8-97Z","Female"
"KDQH-DJG",32070785678,"L1DD-JMP","Male"
"KDQH-DJG",32070785679,"9WY9-HRJ","Female"
"LZGQ-LJX",32070785696,"KDQW-JTJ","Male"
"LZGQ-LJX",32070785697,"LDS9-GGV","Female"
"KDQH-DJG",32070785698,"L1DD-JMP","Male"
"KDQH-DJG",32070785699,"9WY9-HRJ","Female"
"GL9R-YL9",32070785700,"LD95-VV6","Male"
"GL9R-YL9",32070785701,"9H2F-HV5","Female"
"LDHQ-P5F",32070785702,"LD9R-RB7","Male"
"LDHQ-P5F",32070785703,"LDSS-6H5","Female"
"LD9R-RCZ",32070785720,"GGT6-NYC","Male"
"LD9R-RCZ",32070785721,"GGTD-5CG","Female"
"MBWQ-SF3",32070785722,"LH3J-XVF","Male"
"MBWQ-SF3",32070785723,"KN3T-TR3","Female"
"L1R3-QH7",32070785724,"LD9R-5PH","Male"
"L1R3-QH7",32070785725,"LZM1-YM9","Female"
"M33Z-FHV",32070785726,"GGQ2-T6Y","Male"
"M33Z-FHV",32070785727,"GGQ2-FDK","Female"
"LVTD-MDD",32070785728,"GX7C-LRS","Male"
"LVTD-MDD",32070785729,"GN1M-ZZK","Female"
"GKYX-DNQ",32070785730,"LB2S-1BB","Male"
"GKYX-DNQ",32070785731,"LTG4-ZZ5","Female"
"28YJ-Z4N",32070785736,"9HTX-2CD","Male"
"28YJ-Z4N",32070785737,"G39Q-HBK","Female"
"GGGT-9MX",32070785738,"MXVC-BK8","Male"
"GV4Z-NPS",32070785744,"GCQF-FLC","Male"
"GZKP-3KR",32070785746,"L5LL-BRL","Male"
"GZKP-3KR",32070785747,"GZ4M-H94","Female"
"9H27-6Y3",32070785752,"G6LZ-TWJ","Male"
"MWBC-XS5",32070785754,"9ZHQ-5GQ","Male"
"MWBC-XS5",32070785755,"G6R2-BDM","Female"
"99PY-VJ6",32070785756,"GN31-YTW","Male"
"99PY-VJ6",32070785757,"GN31-P3C","Female"
"G6DL-8L7",32070785758,"GK22-BND","Male"
"G6DL-8L7",32070785759,"GK2B-991","Female"
"99Y7-MCD",32070785760,"KN8N-WHW","Male"
"99Y7-MCD",32070785761,"9SYL-S5H","Female"
"LBKM-9MP",32070785762,"G67W-G57","Male"
"LBKM-9MP",32070785763,"MZHC-RBM","Female"
"L1QG-G8M",32070785764,"LDFZ-8Q1","Male"
"L1QG-G8M",32070785765,"LHPZ-VGH","Female"
"LDW5-66P",32070785768,"LD9R-RB7","Male"
"LDW5-66P",32070785769,"LDSS-6H5","Female"
"LDW5-623",32070785770,"LDMT-HMZ","Male"
"LDW5-623",32070785771,"LD91-ST3","Female"
"KCXK-S69",32070785772,"L8MB-ZMK","Male"
"KCXK-S69",32070785773,"MB1Q-ZWW","Female"
"GJR2-7VD",32070785774,"LDMT-W6R","Male"
"GJR2-7VD",32070785775,"LT83-H6M","Female"
"MKKN-R3H",32070785776,"GG5Y-858","Male"
"9Q6D-L88",32070785778,"GKPX-TG7","Male"
"9Q6D-L88",32070785779,"GN4Z-XZP","Female"
"K417-PHT",32070785780,"LTTZ-YL8","Male"
"K417-PHT",32070785781,"LYSG-SY9","Female"
"9S3D-N8F",32070785782,"9C32-7PC","Male"
"9S3D-N8F",32070785783,"M5YG-GGX","Female"
"G6B1-LGM",32070785792,"G6B1-RJ4","Male"
"G6B1-LGM",32070785793,"G6LB-1ZJ","Female"
"934P-X69",32070785808,"949K-5Q2","Male"
"LDSS-8WS",32070785816,"L7LT-X1D","Male"
"9ZCG-R7L",32070785818,"KZPV-BQM","Male"
"9ZCG-R7L",32070785819,"GG81-W5D","Female"
"LRHH-9JN",32070785820,"M1VS-25N","Male"
"LRHH-9JN",32070785821,"LDSS-KHY","Female"
"LZGK-6BD",32070785822,"LZGQ-LJX","Male"
"LZGK-6BD",32070785823,"GG5V-KXG","Female"
"L619-MQH",32070785832,"934P-X69","Male"
"L619-MQH",32070785833,"GLVM-QFF","Female"
"LDSS-ZMW",32070785836,"LDSS-8WS","Male"
"LDSS-ZMW",32070785837,"9ZCG-R7L","Female"
"LDSS-ZMD",32070785838,"LRHH-9JN","Male"
"LDSS-ZMD",32070785839,"LZGK-6BD","Female"
"GDLQ-MX5",32070785840,"G69B-SSH","Male"
"GDLQ-MX5",32070785841,"GZYQ-4J1","Female"
"LY72-MRC",32070785842,"LJ2H-W3S","Male"
"LY72-MRC",32070785843,"LZ2S-DKM","Female"
"L8T9-YR8",32070785846,"GXDM-3H9","Male"
"L8T9-YR8",32070785847,"LBHG-TXR","Female"
"99Y7-MCD",32070785856,"KN8N-WHW","Male"
"99Y7-MCD",32070785857,"9SYL-S5H","Female"
"LBKM-9MP",32070785858,"G67W-G57","Male"
"LBKM-9MP",32070785859,"MZHC-RBM","Female"
"L1QG-G8M",32070785860,"LDFZ-8Q1","Male"
"L1QG-G8M",32070785861,"LHPZ-VGH","Female"
"LDW5-66P",32070785864,"LD9R-RB7","Male"
"LDW5-66P",32070785865,"LDSS-6H5","Female"
"LDW5-623",32070785866,"LDMT-HMZ","Male"
"LDW5-623",32070785867,"LD91-ST3","Female"
"KCXK-S69",32070785868,"L8MB-ZMK","Male"
"KCXK-S69",32070785869,"MB1Q-ZWW","Female"
"GJR2-7VD",32070785870,"LDMT-W6R","Male"
"GJR2-7VD",32070785871,"LT83-H6M","Female"
"MKKN-R3H",32070785872,"GG5Y-858","Male"
"9Q6D-L88",32070785874,"GKPX-TG7","Male"
"9Q6D-L88",32070785875,"GN4Z-XZP","Female"
"K417-PHT",32070785876,"LTTZ-YL8","Male"
"K417-PHT",32070785877,"LYSG-SY9","Female"
"9S3D-N8F",32070785878,"9C32-7PC","Male"
"9S3D-N8F",32070785879,"M5YG-GGX","Female"
"GN9S-PHK",32070785904,"GWKF-XY9","Male"
"GN9S-PHK",32070785905,"GWKF-FBF","Female"
"9HV8-NJK",32070785908,"9HV8-NVS","Male"
"9HV8-NJK",32070785909,"L2TT-6C2","Female"
"G6Y8-CVK",32070785912,"G6Y5-V53","Male"
"L8MP-TBP",32070785916,"GQPW-7XG","Male"
"L8MP-TBP",32070785917,"G6G8-S9J","Female"
"9H17-VTZ",32070785928,"LZGQ-LJX","Male"
"9H17-VTZ",32070785929,"KDQH-DJG","Female"
"LY57-55F",32070785930,"GL9R-YL9","Male"
"LY57-55F",32070785931,"LDHQ-P5F","Female"
"KJ5F-4ZR",32070785936,"LZS9-ZC2","Male"
"KJ5F-4ZR",32070785937,"LZ61-F76","Female"
"LDMG-1HD",32070785938,"KZPV-BQM","Male"
"LDMG-1HD",32070785939,"MP6J-D9N","Female"
"GJW6-BQP",32070785940,"GGT9-98G","Male"
"GJW6-BQP",32070785941,"GGTM-B2D","Female"
"LBH1-CN5",32070785984,"9ZZ1-5Z1","Male"
"LBH1-CN5",32070785985,"G91P-199","Female"
"9S8D-D66",32070785988,"GXRR-LZX","Male"
"GSHP-SHH",32070785992,"LT3M-GVB","Male"
"GSHP-SHH",32070785993,"GMNR-6FT","Female"
"M5YG-KD2",32070785996,"MVPP-6V1","Male"
"M5YG-KD2",32070785997,"9H6R-RX2","Female"
"9H8X-KY4",32070785998,"9CJ7-MYH","Male"
"9H8X-KY4",32070785999,"KZ5G-H74","Female"
"M9L6-6YN",32070786016,"K84R-TMS","Male"
"M9L6-6YN",32070786017,"GGGW-RYH","Female"
"2MYM-NS1",32070786018,"LTF2-JTC","Male"
"2MYM-NS1",32070786019,"LKNM-HR3","Female"
"GD4S-KVF",32070786020,"L1QD-DXV","Male"
"GD4S-KVF",32070786021,"LD9P-M8N","Female"
"LH86-HY5",32070786024,"KNDD-84D","Male"
"LH86-HY5",32070786025,"GQQX-89B","Female"
"GZRV-4MX",32070786026,"LR6N-PQP","Male"
"GZRV-4MX",32070786027,"LDSS-RGB","Female"
"GN38-YJ6",32070786030,"LYRG-K5J","Male"
"GN38-YJ6",32070786031,"LBLP-PPD","Female"
"G29L-DN9",32070786032,"GQRQ-LYV","Male"
"G29L-DN9",32070786033,"G6TY-2YB","Female"
"GNMT-9B8",32070786056,"GNMR-VQS","Male"
"GNMT-9B8",32070786057,"GX9B-F9C","Female"
"G2L1-NGS",32070786060,"GXV9-X1J","Male"
"G2L1-NGS",32070786061,"GGK8-R6W","Female"
"GNMR-VQS",32070786072,"GX9B-776","Male"
"GNMR-VQS",32070786073,"LYBJ-CM9","Female"
"GX9B-F9C",32070786074,"GX9B-6XG","Male"
"GX9B-F9C",32070786075,"GXQ3-RX9","Female"
"G2L1-NGS",32070786076,"GXV9-X1J","Male"
"G2L1-NGS",32070786077,"GGK8-R6W","Female"
"LZDL-28J",32070786080,"GN9C-2BN","Male"
"LZDL-28J",32070786081,"GN9C-1DH","Female"
"G6L5-SZJ",32070786082,"G6L5-SRR","Male"
"G6L5-SZJ",32070786083,"GXV2-VR9","Female"
"LZFX-B75",32070786084,"GLBC-YD6","Male"
"GNMT-9B8",32070786096,"GNMR-VQS","Male"
"GNMT-9B8",32070786097,"GX9B-F9C","Female"
"G2L1-NGS",32070786100,"GXV9-X1J","Male"
"G2L1-NGS",32070786101,"GGK8-R6W","Female"
"GNMT-9B8",32070786112,"GNMR-VQS","Male"
"GNMT-9B8",32070786113,"GX9B-F9C","Female"
"G2L1-NGS",32070786116,"GXV9-X1J","Male"
"G2L1-NGS",32070786117,"GGK8-R6W","Female"
"LDST-GBG",32070786120,"M3J7-FVM","Male"
"LDST-GBG",32070786121,"GKST-4MC","Female"
"L8YB-MKM",32070786124,"LDW2-1TJ","Male"
"L8YB-MKM",32070786125,"GHRD-YKD","Female"
"GGRB-NL2",32070786126,"LCDM-NZH","Male"
"GGRB-NL2",32070786127,"MT39-VLW","Female"
"LDSK-NZJ",32070786136,"9CXC-BT8","Male"
"LDSK-NZJ",32070786137,"L8MP-T1Y","Female"
"LDSH-S2T",32070786138,"LDSH-S6J","Male"
"LDSH-S2T",32070786139,"KND9-P91","Female"
"GW69-B2J",32070786140,"G71X-VLP","Male"
"GW69-B2J",32070786141,"G278-RXX","Female"
"GXQD-1QL",32070786142,"GKYP-ZCF","Male"
"GXQD-1QL",32070786143,"GKYP-T1X","Female"
"GVYJ-ZZJ",32070786144,"GLPP-BF3","Male"
"GVYJ-ZZJ",32070786145,"L6KC-J2Y","Female"
"L198-LRM",32070786148,"LDPX-VWT","Male"
"L198-LRM",32070786149,"GMXZ-2CC","Female"
"LCFL-9DP",32070786150,"LB27-YWT","Male"
"LCFL-9DP",32070786151,"GWZB-NNM","Female"
"9QZD-J5R",32070786152,"L1DW-Q5N","Male"
"9QZD-J5R",32070786153,"2781-6PP","Female"
"L18P-6ZG",32070786154,"G36D-72Y","Male"
"L18P-6ZG",32070786155,"L18F-8KW","Female"
"LDW2-RVK",32070786156,"LYDW-KW7","Male"
"LDW2-RVK",32070786157,"LY67-3N8","Female"
"LDW2-RVB",32070786158,"LR1T-XQ7","Male"
"LDW2-RVB",32070786159,"GZXX-B8X","Female"
"GLHT-H9Z",32070786164,"G9G8-ZCS","Male"
"GLHT-H9Z",32070786165,"GVHV-7WD","Female"
"L8TJ-5XS",32070786192,"KX2S-NWF","Male"
"L8TJ-5XS",32070786193,"L7GV-KKS","Female"
"LJG4-5YW",32070786196,"GGKW-M5B","Male"
"LJG4-5YW",32070786197,"LDH1-G9D","Female"
"GZRK-SFB",32070786240,"GLZW-7GF","Male"
"GZRK-SFB",32070786241,"GVSG-X5N","Female"
"GVSP-WS2",32070786242,"G6T6-SZ3","Male"
"GVSP-WS2",32070786243,"GZB1-L61","Female"
"GHKB-C3J",32070786244,"G2RH-ZJB","Male"
"GHKB-C3J",32070786245,"G2RH-4T1","Female"
"L5DR-KL8",32070786246,"GQRR-BP3","Male"
"L5DR-KL8",32070786247,"LDVY-ZHB","Female"
"KDQW-JTJ",32070786248,"9HTX-2CD","Male"
"KDQW-JTJ",32070786249,"G39Q-HBK","Female"
"LDS9-GGV",32070786250,"LZGK-GZB","Male"
"LDS9-GGV",32070786251,"MXKR-J9R","Female"
"LD9R-RB7",32070786252,"LD9R-RYR","Male"
"LD9R-RB7",32070786253,"M15L-V4Q","Female"
"LDSS-6H5",32070786254,"L133-HLP","Male"
"LDSS-6H5",32070786255,"KH8N-T92","Female"
"9ZH7-GMD",32070786256,"G7RV-VBP","Male"
"9ZH7-GMD",32070786257,"GL9M-YXL","Female"
"G7ZN-5DF",32070786260,"GLJW-CJ4","Male"
"G2TZ-96Y",32070786264,"GLZJ-1J2","Male"
"L1DD-JMP",32070786268,"GG5W-TJ1","Male"
"L1DD-JMP",32070786269,"GG54-SDF","Female"
"9WY9-HRJ",32070786270,"LZ19-924","Male"
"LTX5-SQZ",32070786496,"G2WK-JRV","Male"
"LTX5-SQZ",32070786497,"GGM3-KZW","Female"
"L5K3-3D7",32070786498,"G7KZ-NR5","Male"
"L5K3-3D7",32070786499,"GHTZ-7JX","Female"
"L2SG-RHC",32070786544,"9Z4Y-476","Male"
"L2SG-RHC",32070786545,"G396-J2Q","Female"
"GX4P-D1J",32070786546,"G2L1-2VL","Male"
"GX4P-D1J",32070786547,"G8VQ-6D1","Female"
"9Z4Y-476",32070786548,"LD9R-5PH","Male"
"9Z4Y-476",32070786549,"LZM1-YM9","Female"
"G396-J2Q",32070786550,"GSJL-SH8","Male"
"G396-J2Q",32070786551,"G8V9-RRF","Female"
"GHJP-XZD",32070786628,"L8R2-SJ9","Male"
"GHJP-XZD",32070786629,"LCXP-QW3","Female"
"GMJ6-WLR",32070786688,"GVHQ-12M","Male"
"GMJ6-WLR",32070786689,"L2TV-MF1","Female"
"L2TT-HX5",32070786694,"G7KJ-6J2","Male"
"L2TT-HX5",32070786695,"G7JG-2WT","Female"
"28YJ-Z4N",32070786700,"9HTX-2CD","Male"
"28YJ-Z4N",32070786701,"G39Q-HBK","Female"
"GGGT-9MX",32070786702,"MXVC-BK8","Male"
"LDSS-8LB",32070786704,"LVMF-2JP","Male"
"LDSS-8LB",32070786705,"GW2T-LDK","Female"
"G2RP-CG1",32070786706,"LDSS-D1D","Male"
"G2RP-CG1",32070786707,"GKZ8-SNZ","Female"
"GG3L-DQ3",32070786721,"LK9M-BPS","Female"
"GG3L-DQ3",32070786720,"GN45-8QJ","Male"
"LRHN-FX9",32070786728,"GG38-D9W","Male"
"LRHN-FX9",32070786729,"GN8V-37D","Female"
"GJMH-VTM",32070786732,"G6D2-1TW","Male"
"GJMH-VTM",32070786733,"GN1M-BQY","Female"
"GJMH-2XV",32070786734,"GGQK-PFF","Male"
"GJMH-2XV",32070786735,"GG6X-CZ8","Female"
"99XR-3XB",32070786736,"LDS9-GTK","Male"
"99XR-3XB",32070786737,"GMN3-7TX","Female"
"LDSS-1KQ",32070786752,"29H4-2Y1","Male"
"G21T-2NY",32070786756,"G7BV-VZL","Male"
"G21T-2NY",32070786757,"GV6J-RQ7","Female"
"GKXZ-H66",32070786758,"G21T-L5C","Male"
"GKXZ-H66",32070786759,"G21T-L5Z","Female"
"GNNF-JLW",32070786768,"G6RW-Z2T","Male"
"GNNF-JLW",32070786769,"G687-CW2","Female"
"9Z8F-7QP",32070786770,"GSVP-H7S","Male"
"9Z8F-7QP",32070786771,"GKDB-2ZZ","Female"
"998F-RYD",32070786772,"GLB9-C37","Male"
"998F-RYD",32070786773,"G2YH-9WG","Female"
"9WYV-M96",32070786774,"GLW3-1SY","Male"
"9WYV-M96",32070786775,"998F-RBL","Female"
"LZ1V-KTQ",32070786776,"9MWR-GHW","Male"
"LZ1V-KTQ",32070786777,"LZ1V-KT6","Female"
"GDN3-LQK",32070786778,"LH8G-2RH","Male"
"GDN3-LQK",32070786779,"LDW2-7JJ","Female"
"GGCR-SMM",32070786780,"LL31-NXN","Male"
"GGCR-SMM",32070786781,"GLWQ-CLK","Female"
"GJ2V-WRY",32070786784,"G233-LXN","Male"
"GJ2V-WRY",32070786785,"GGWK-NT3","Female"
"LD9P-MFB",32070786788,"GC7G-R6L","Male"
"LD9P-MFB",32070786789,"GC7P-77S","Female"
"GNNF-JLW",32070786800,"G6RW-Z2T","Male"
"GNNF-JLW",32070786801,"G687-CW2","Female"
"9Z8F-7QP",32070786802,"GSVP-H7S","Male"
"9Z8F-7QP",32070786803,"GKDB-2ZZ","Female"
"998F-RYD",32070786804,"GLB9-C37","Male"
"998F-RYD",32070786805,"G2YH-9WG","Female"
"9WYV-M96",32070786806,"GLW3-1SY","Male"
"9WYV-M96",32070786807,"998F-RBL","Female"
"LZ1V-KTQ",32070786808,"9MWR-GHW","Male"
"LZ1V-KTQ",32070786809,"LZ1V-KT6","Female"
"GDN3-LQK",32070786810,"LH8G-2RH","Male"
"GDN3-LQK",32070786811,"LDW2-7JJ","Female"
"GGCR-SMM",32070786812,"LL31-NXN","Male"
"GGCR-SMM",32070786813,"GLWQ-CLK","Female"
"GD65-2F2",32070786816,"G2RV-DFJ","Male"
"GD65-2F2",32070786817,"G2RJ-1WJ","Female"
"KNSN-3NT",32070786818,"KNQ6-9ZF","Male"
"LT8Q-95L",32070786820,"LDS9-GTK","Male"
"LT8Q-95L",32070786821,"GMN3-7TX","Female"
"LVVK-HVJ",32070786828,"LT83-QKS","Male"
"LVVK-HVJ",32070786829,"GDG2-NJC","Female"
"GX26-XRJ",32070786830,"G9M5-FF1","Male"
"GX26-XRJ",32070786831,"GN9F-M6Q","Female"
"GDHY-7SR",32070786832,"GXD4-VH6","Male"
"GDHY-7SR",32070786833,"GXDH-74P","Female"
"GLTH-3M3",32070786834,"GLTH-SF8","Male"
"GLTH-3M3",32070786835,"GLTH-M66","Female"
"LD1R-LZF",32070786840,"GNBX-9JC","Male"
"LD1R-LZF",32070786841,"GFC6-D1X","Female"
"LZ2K-W9Y",32070786842,"GD7G-BVP","Male"
"LZ2K-W9Y",32070786843,"9HG1-CKS","Female"
"9MH5-29J",32070786844,"9MH5-2Q7","Male"
"9MH5-29J",32070786845,"G6H3-26Y","Female"
"LZZW-6XG",32070786846,"M1W5-BFF","Male"
"LZZW-6XG",32070786847,"9CW5-JNL","Female"
"GMP6-NXR",32070786848,"GMF5-BSR","Male"
"GMP6-NXR",32070786849,"L1WB-PZW","Female"
"G39X-CX3",32070786850,"9H27-6Y3","Male"
"G39X-CX3",32070786851,"MWBC-XS5","Female"
"GQMG-G62",32070786992,"LDSQ-XRK","Male"
"GQMG-G62",32070786993,"LCFL-9DP","Female"
"GN4C-8ND",32070786994,"L644-9GY","Male"
"GN4C-8ND",32070786995,"KVGF-FPJ","Female"
"LBM7-XLR",32070787004,"GN1K-X6S","Male"
"LBM7-XLR",32070787005,"G2ZJ-FVP","Female"
"LDSR-1Y7",32070787006,"G7X3-T3S","Male"
"LDSR-1Y7",32070787007,"GNHC-9DJ","Female"
"K84R-TMS",32070787008,"LDHB-RRD","Male"
"K84R-TMS",32070787009,"GKVP-QMK","Female"
"LTF2-JTC",32070787012,"9SJJ-97N","Male"
"LTF2-JTC",32070787013,"LZJG-K5N","Female"
"LKNM-HR3",32070787014,"LJ2H-W3S","Male"
"LKNM-HR3",32070787015,"LZ2S-DKM","Female"
"L1QD-DXV",32070787016,"GJ2V-WRY","Male"
"L1QD-DXV",32070787017,"G2CN-HW6","Female"
"LD9P-M8N",32070787018,"LD9P-MFB","Male"
"LD9P-M8N",32070787019,"LH6C-VKZ","Female"
"99Y7-MCD",32070787024,"KN8N-WHW","Male"
"99Y7-MCD",32070787025,"9SYL-S5H","Female"
"LBKM-9MP",32070787026,"G67W-G57","Male"
"LBKM-9MP",32070787027,"MZHC-RBM","Female"
"L1QG-G8M",32070787028,"LDFZ-8Q1","Male"
"L1QG-G8M",32070787029,"LHPZ-VGH","Female"
"LDW5-66P",32070787032,"LD9R-RB7","Male"
"LDW5-66P",32070787033,"LDSS-6H5","Female"
"LDW5-623",32070787034,"LDMT-HMZ","Male"
"LDW5-623",32070787035,"LD91-ST3","Female"
"KCXK-S69",32070787036,"L8MB-ZMK","Male"
"KCXK-S69",32070787037,"MB1Q-ZWW","Female"
"GJR2-7VD",32070787038,"LDMT-W6R","Male"
"GJR2-7VD",32070787039,"LT83-H6M","Female"
"9HYM-87T",32070787040,"GNT4-LY5","Male"
"9HYM-87T",32070787041,"GDL9-6NN","Female"
"LTK3-YL5",32070787042,"LTK3-8VH","Male"
"LTK3-YL5",32070787043,"GHMC-S6W","Female"
"9915-W3T",32070787044,"GL7X-KX1","Male"
"9915-W3T",32070787045,"GLWD-X2D","Female"
"G34F-CPK",32070787046,"LHTX-J4Y","Male"
"G34F-CPK",32070787047,"G34F-HFB","Female"
"G6T4-VS4",32070787048,"GW1V-6D9","Male"
"29YL-C18",32070787052,"GX5G-839","Male"
"29YL-C18",32070787053,"L87D-4PX","Female"
"9CCZ-PKB",32070787056,"9Z8P-D5J","Male"
"9CCZ-PKB",32070787057,"MHPT-LNL","Female"
"L75S-MVR",32070787058,"G2HQ-H3Y","Male"
"L75S-MVR",32070787059,"G2HQ-4SW","Female"
"GFDK-48G",32070787060,"GFDK-XX3","Male"
"GFDK-48G",32070787061,"GVJP-DFV","Female"
"GD2L-TGY",32070787064,"GCQF-WFQ","Male"
"GD2L-TGY",32070787065,"LKDQ-8DY","Female"
"G6R8-7WV",32070787068,"9CWG-P3Q","Male"
"G6R8-7WV",32070787069,"LCZD-G2Y","Female"
"L7GV-JX4",32070787070,"G8W1-9VC","Male"
"L7GV-JX4",32070787071,"LCZD-G2Y","Female"
"K8D7-F5D",32070787072,"LZS9-ZC2","Male"
"K8D7-F5D",32070787073,"LZ61-F76","Female"
"LDZ2-8G7",32070787076,"KNXX-WBQ","Male"
"LDZ2-8G7",32070787077,"LDZ2-8LP","Female"
"LY6V-8G3",32070787078,"LDMT-HMZ","Male"
"LY6V-8G3",32070787079,"LD91-ST3","Female"
"L4S5-G86",32070787080,"GKBP-PCS","Male"
"L4S5-G86",32070787081,"GKB5-VTP","Female"
"9HYH-BLK",32070787082,"MTDX-9RL","Male"
"9HYH-BLK",32070787083,"MKK9-C8B","Female"
"GDG8-GMK",32070787084,"GX2C-ZLS","Male"
"GDG8-GMK",32070787085,"GX2C-W84","Female"
"GXT8-RQB",32070787086,"LRSD-3X2","Male"
"GXT8-RQB",32070787087,"KLXB-633","Female"
"LDSS-8LB",32070787136,"LVMF-2JP","Male"
"LDSS-8LB",32070787137,"GW2T-LDK","Female"
"G2RP-CG1",32070787138,"LDSS-D1D","Male"
"G2RP-CG1",32070787139,"GKZ8-SNZ","Female"
"LD9R-RB7",32070787152,"LD9R-RYR","Male"
"LD9R-RB7",32070787153,"M15L-V4Q","Female"
"LDSS-6H5",32070787154,"L133-HLP","Male"
"LDSS-6H5",32070787155,"KH8N-T92","Female"
"LDMT-HMZ",32070787156,"L8BY-3VJ","Male"
"LDMT-HMZ",32070787157,"94BP-X4Z","Female"
"LD91-ST3",32070787158,"L8YY-5HK","Male"
"LD91-ST3",32070787159,"L8WB-D2Z","Female"
"L8MB-ZMK",32070787160,"L8YY-PD5","Male"
"L8MB-ZMK",32070787161,"MBV2-T1M","Female"
"MB1Q-ZWW",32070787162,"GKZZ-K49","Male"
"MB1Q-ZWW",32070787163,"GL6R-9XP","Female"
"LDMT-W6R",32070787164,"KJP2-TBR","Male"
"LDMT-W6R",32070787165,"GFN3-DQ5","Female"
"LT83-H6M",32070787166,"GQ59-8LX","Male"
"LT83-H6M",32070787167,"GSCJ-Z9D","Female"
"GHT6-GVY",32070787200,"GHT6-BFP","Male"
"GHT6-GVY",32070787201,"GKPN-1MY","Female"
"GHT6-GVY",32070787216,"GHT6-BFP","Male"
"GHT6-GVY",32070787217,"GKPN-1MY","Female"
"GQRQ-LYV",32070787296,"GQRQ-G6B","Male"
"GQRQ-LYV",32070787297,"GGVR-2KC","Female"
"G6TY-2YB",32070787298,"GXCR-NTD","Male"
"G6TY-2YB",32070787299,"GXCR-22N","Female"
"G6BV-7Y5",32070787360,"G6BV-N58","Male"
"G6BV-7Y5",32070787361,"GDBG-PVS","Female"
"K1T8-C3G",32070787372,"G62Y-MJS","Male"
"K1T8-C3G",32070787373,"GJZX-XLK","Female"
"LZGR-FC8",32070787374,"LT86-JTH","Male"
"LZGR-FC8",32070787375,"L8Y9-1V8","Female"
"LZS9-ZC2",32070787456,"9HYQ-M4G","Male"
"LZS9-ZC2",32070787457,"GJGW-QM6","Female"
"LZ61-F76",32070787458,"LZ19-924","Male"
"LZ61-F76",32070787459,"GL5F-YH1","Female"
"LZS9-ZC2",32070787488,"9HYQ-M4G","Male"
"LZS9-ZC2",32070787489,"GJGW-QM6","Female"
"LZ61-F76",32070787490,"LZ19-924","Male"
"LZ61-F76",32070787491,"GL5F-YH1","Female"
"LZS9-ZC2",32070787492,"9HYQ-M4G","Male"
"LZS9-ZC2",32070787493,"GJGW-QM6","Female"
"LZ61-F76",32070787494,"LZ19-924","Male"
"LZ61-F76",32070787495,"GL5F-YH1","Female"
"LRFW-FFD",32070787496,"LTFG-ZR8","Male"
"LRFW-FFD",32070787497,"99HN-W8M","Female"
"GDQ1-93V",32070787498,"GX4S-B53","Male"
"GDQ1-93V",32070787499,"GVLD-N4D","Female"
"LZS9-ZC2",32070787504,"9HYQ-M4G","Male"
"LZS9-ZC2",32070787505,"GJGW-QM6","Female"
"LZ61-F76",32070787506,"LZ19-924","Male"
"LZ61-F76",32070787507,"GL5F-YH1","Female"
"LRFW-FFD",32070787512,"LTFG-ZR8","Male"
"LRFW-FFD",32070787513,"99HN-W8M","Female"
"GDQ1-93V",32070787514,"GX4S-B53","Male"
"GDQ1-93V",32070787515,"GVLD-N4D","Female"
"LZS9-ZC2",32070787552,"9HYQ-M4G","Male"
"LZS9-ZC2",32070787553,"GJGW-QM6","Female"
"LZ61-F76",32070787554,"LZ19-924","Male"
"LZ61-F76",32070787555,"GL5F-YH1","Female"
"LZS9-ZC2",32070787556,"9HYQ-M4G","Male"
"LZS9-ZC2",32070787557,"GJGW-QM6","Female"
"LZ61-F76",32070787558,"LZ19-924","Male"
"LZ61-F76",32070787559,"GL5F-YH1","Female"
"LRFW-FFD",32070787560,"LTFG-ZR8","Male"
"LRFW-FFD",32070787561,"99HN-W8M","Female"
"GDQ1-93V",32070787562,"GX4S-B53","Male"
"GDQ1-93V",32070787563,"GVLD-N4D","Female"
"LZS9-ZC2",32070787568,"9HYQ-M4G","Male"
"LZS9-ZC2",32070787569,"GJGW-QM6","Female"
"LZ61-F76",32070787570,"LZ19-924","Male"
"LZ61-F76",32070787571,"GL5F-YH1","Female"
"LRFW-FFD",32070787576,"LTFG-ZR8","Male"
"LRFW-FFD",32070787577,"99HN-W8M","Female"
"GDQ1-93V",32070787578,"GX4S-B53","Male"
"GDQ1-93V",32070787579,"GVLD-N4D","Female"
"L7LL-FB1",32070787584,"GGJ6-93F","Male"
"L7LL-FB1",32070787585,"94RZ-9KC","Female"
"LZVR-GMG",32070787586,"L18X-ZNH","Male"
"LZVR-GMG",32070787587,"MVL6-5PR","Female"
"93LF-J1V",32070787588,"L1HZ-WR2","Male"
"93LF-J1V",32070787589,"MDWC-L73","Female"
"931M-DSZ",32070787590,"KFLG-12B","Male"
"931M-DSZ",32070787591,"M5YG-GGX","Female"
"LHYG-XJF",32070787592,"M1TN-H75","Male"
"LHYG-XJF",32070787593,"GHRS-RJY","Female"
"GDGW-LRZ",32070787594,"LJ4D-ZCK","Male"
"GDGW-LRZ",32070787595,"9S1L-ZP2","Female"
"2JFF-BQB",32070787596,"G87Q-Z3W","Male"
"2JFF-BQB",32070787597,"GC32-FML","Female"
"K83K-RFX",32070787599,"G2GZ-4JW","Female"
"LZGQ-LJX",32070787600,"KDQW-JTJ","Male"
"LZGQ-LJX",32070787601,"LDS9-GGV","Female"
"KDQH-DJG",32070787602,"L1DD-JMP","Male"
"KDQH-DJG",32070787603,"9WY9-HRJ","Female"
"GL9R-YL9",32070787604,"LD95-VV6","Male"
"GL9R-YL9",32070787605,"9H2F-HV5","Female"
"LDHQ-P5F",32070787606,"LD9R-RB7","Male"
"LDHQ-P5F",32070787607,"LDSS-6H5","Female"
"K8D7-F5D",32070787608,"LZS9-ZC2","Male"
"K8D7-F5D",32070787609,"LZ61-F76","Female"
"LDZ2-8G7",32070787612,"KNXX-WBQ","Male"
"LDZ2-8G7",32070787613,"LDZ2-8LP","Female"
"LY6V-8G3",32070787614,"LDMT-HMZ","Male"
"LY6V-8G3",32070787615,"LD91-ST3","Female"
"LH7S-18K",32070787616,"LDW2-7WW","Male"
"LH7S-18K",32070787617,"LH7S-12Y","Female"
"LDSV-5Q1",32070787618,"LDSQ-XRK","Male"
"LDSV-5Q1",32070787619,"LCFL-9DP","Female"
"LYGH-JR3",32070787620,"LD9R-RB7","Male"
"LYGH-JR3",32070787621,"LDSS-6H5","Female"
"LZVR-GMG",32070787622,"L18X-ZNH","Male"
"LZVR-GMG",32070787623,"MVL6-5PR","Female"
"GNYN-63S",32070787624,"L8YY-G2B","Male"
"GNYN-63S",32070787625,"93BR-9XQ","Female"
"LBDM-38D",32070787626,"L8R2-SJ9","Male"
"LBDM-38D",32070787627,"LCXP-QW3","Female"
"9H16-YMP",32070787628,"L18B-R3G","Male"
"9H16-YMP",32070787629,"KDQH-DJG","Female"
"L82R-5HJ",32070787630,"LD9R-5G3","Male"
"L82R-5HJ",32070787631,"M897-QTS","Female"
"G7L7-K4V",32070787632,"GJN4-XTB","Male"
"G7L7-K4V",32070787633,"GVSX-46Q","Female"
"GVMM-WY2",32070787634,"GSD6-K7P","Male"
"GVMM-WY2",32070787635,"G6WQ-WBM","Female"
"LZJX-4WX",32070787636,"G95X-P39","Male"
"LZJX-4WX",32070787637,"GSBX-MD1","Female"
"2ZVG-JS3",32070787638,"L1QG-G8M","Male"
"2ZVG-JS3",32070787639,"LD97-QLP","Female"
"94BN-14G",32070787640,"G27Z-3CW","Male"
"94BN-14G",32070787641,"G27Z-QDV","Female"
"GQP1-GKY",32070787644,"G6MW-WVX","Male"
"GQP1-GKY",32070787645,"GX82-GBC","Female"
"LD33-H5D",32070787646,"GMXF-JSD","Male"
"LD33-H5D",32070787647,"GQSG-1F8","Female"
"L7LL-FB1",32070787648,"GGJ6-93F","Male"
"L7LL-FB1",32070787649,"94RZ-9KC","Female"
"LZVR-GMG",32070787650,"L18X-ZNH","Male"
"LZVR-GMG",32070787651,"MVL6-5PR","Female"
"93LF-J1V",32070787652,"L1HZ-WR2","Male"
"93LF-J1V",32070787653,"MDWC-L73","Female"
"931M-DSZ",32070787654,"KFLG-12B","Male"
"931M-DSZ",32070787655,"M5YG-GGX","Female"
"LHYG-XJF",32070787656,"M1TN-H75","Male"
"LHYG-XJF",32070787657,"GHRS-RJY","Female"
"GDGW-LRZ",32070787658,"LJ4D-ZCK","Male"
"GDGW-LRZ",32070787659,"9S1L-ZP2","Female"
"2JFF-BQB",32070787660,"G87Q-Z3W","Male"
"2JFF-BQB",32070787661,"GC32-FML","Female"
"K83K-RFX",32070787663,"G2GZ-4JW","Female"
"LZGC-T3V",32070787680,"9HBT-X6S","Male"
"9HNL-VTQ",32070787682,"LT6K-DY9","Male"
"9HNL-VTQ",32070787683,"9HZT-7LN","Female"
"M6HL-7N8",32070787684,"GGP9-PVT","Male"
"48HM-XVK",32070787686,"GGPS-Z3V","Male"
"48HM-XVK",32070787687,"GGPS-W5B","Female"
"M1G9-D88",32070787688,"G4XC-Z25","Male"
"M1G9-D88",32070787689,"GXW3-FM3","Female"
"G6HB-74V",32070787690,"GXQL-V29","Male"
"G6HB-74V",32070787691,"GK96-PTN","Female"
"MRMP-3HL",32070787692,"MQ97-2VC","Male"
"MRMP-3HL",32070787693,"L812-1MZ","Female"
"LZ1V-VQ4",32070787694,"GSWG-DB2","Male"
"LZ1V-VQ4",32070787695,"LBVL-MQ9","Female"
"L19Z-CL1",32070787696,"9S1N-9NW","Male"
"L19Z-CL1",32070787697,"GGG7-ZFW","Female"
"LTRP-RR9",32070787698,"9STQ-HGV","Male"
"LTRP-RR9",32070787699,"GC81-6YM","Female"
"LB2S-YQF",32070787700,"LDGP-6LG","Male"
"LB2S-YQF",32070787701,"KC5N-C3N","Female"
"9SR5-TGZ",32070787702,"LRBK-WPN","Male"
"9SR5-TGZ",32070787703,"9WWL-HYB","Female"
"GJTB-SFG",32070787704,"LCB7-3YS","Male"
"GJTB-SFG",32070787705,"L8T3-L1F","Female"
"G9SD-RC6",32070787706,"LYV5-RQ5","Male"
"G9SD-RC6",32070787707,"L1QP-JJ6","Female"
"97D4-D9M",32070787708,"G9Z2-7RY","Male"
"97D4-D9M",32070787709,"L4BD-6XM","Female"
"9H92-XWD",32070787710,"L528-M9W","Male"
"9H92-XWD",32070787711,"L812-24W","Female"
"G2NN-KBR",32070787744,"LD33-387","Male"
"G2NN-KBR",32070787745,"GLMM-ZVK","Female"
"GFPY-73D",32070787750,"GNZM-395","Male"
"GFPY-73D",32070787751,"GL2W-V59","Female"
"MVX3-57J",32070787754,"LCCR-Z5Z","Male"
"MVX3-57J",32070787755,"G215-J1Y","Female"
"L2Y4-PFW",32070787756,"GZ7L-WGP","Male"
"L2Y4-PFW",32070787757,"GCKD-YVB","Female"
"GDBL-R24",32070787758,"9WQT-DRR","Male"
"GDBL-R24",32070787759,"GHXP-711","Female"
"9CW5-VJ1",32070787856,"KJ5F-4ZR","Male"
"9CW5-VJ1",32070787857,"LDMG-1HD","Female"
"9WPP-TXN",32070787858,"GJW6-BQP","Male"
"9WPP-TXN",32070787859,"GJWX-7W6","Female"
"GNTW-BYM",32070787860,"G26B-199","Male"
"K8D7-F5D",32070787872,"LZS9-ZC2","Male"
"K8D7-F5D",32070787873,"LZ61-F76","Female"
"LDZ2-8G7",32070787876,"KNXX-WBQ","Male"
"LDZ2-8G7",32070787877,"LDZ2-8LP","Female"
"LY6V-8G3",32070787878,"LDMT-HMZ","Male"
"LY6V-8G3",32070787879,"LD91-ST3","Female"
"LDSS-8WS",32070787880,"L7LT-X1D","Male"
"9ZCG-R7L",32070787882,"KZPV-BQM","Male"
"9ZCG-R7L",32070787883,"GG81-W5D","Female"
"LRHH-9JN",32070787884,"M1VS-25N","Male"
"LRHH-9JN",32070787885,"LDSS-KHY","Female"
"LZGK-6BD",32070787886,"LZGQ-LJX","Male"
"LZGK-6BD",32070787887,"GG5V-KXG","Female"
"G652-89H",32070787888,"LDSS-8LB","Male"
"G652-89H",32070787889,"G2RP-CG1","Female"
"GQJ4-YYT",32070787890,"GKZZ-9SN","Male"
"GQJ4-YYT",32070787891,"GLND-D3K","Female"
"G78W-VCW",32070787892,"GXB3-LRB","Male"
"G78W-VCW",32070787893,"G2N1-CGQ","Female"
"MM93-ND3",32070787894,"GLB1-ZRJ","Male"
"LDW5-66P",32070787896,"LD9R-RB7","Male"
"LDW5-66P",32070787897,"LDSS-6H5","Female"
"LDW5-623",32070787898,"LDMT-HMZ","Male"
"LDW5-623",32070787899,"LD91-ST3","Female"
"KCXK-S69",32070787900,"L8MB-ZMK","Male"
"KCXK-S69",32070787901,"MB1Q-ZWW","Female"
"GJR2-7VD",32070787902,"LDMT-W6R","Male"
"GJR2-7VD",32070787903,"LT83-H6M","Female"
"9HYQ-M4G",32070788416,"G7XJ-1LY","Male"
"9HYQ-M4G",32070788417,"GL2J-F24","Female"
"GJGW-QM6",32070788418,"GGL4-859","Male"
"GJGW-QM6",32070788419,"GGL4-6DG","Female"
"LZ19-924",32070788420,"LZF6-M94","Male"
"LZ19-924",32070788421,"GWW8-LWR","Female"
"GL5F-YH1",32070788422,"GGHH-9CK","Male"
"GL5F-YH1",32070788423,"GGHH-4HZ","Female"
"9HYQ-M4G",32070788424,"G7XJ-1LY","Male"
"9HYQ-M4G",32070788425,"GL2J-F24","Female"
"GJGW-QM6",32070788426,"GGL4-859","Male"
"GJGW-QM6",32070788427,"GGL4-6DG","Female"
"LZ19-924",32070788428,"LZF6-M94","Male"
"LZ19-924",32070788429,"GWW8-LWR","Female"
"GL5F-YH1",32070788430,"GGHH-9CK","Male"
"GL5F-YH1",32070788431,"GGHH-4HZ","Female"
"LTFG-ZR8",32070788432,"GDFJ-TC8","Male"
"LTFG-ZR8",32070788433,"G2XB-KHW","Female"
"99HN-W8M",32070788434,"MQ6Y-DJR","Male"
"99HN-W8M",32070788435,"LHR1-9SN","Female"
"9HYQ-M4G",32070788448,"G7XJ-1LY","Male"
"9HYQ-M4G",32070788449,"GL2J-F24","Female"
"GJGW-QM6",32070788450,"GGL4-859","Male"
"GJGW-QM6",32070788451,"GGL4-6DG","Female"
"LZ19-924",32070788452,"LZF6-M94","Male"
"LZ19-924",32070788453,"GWW8-LWR","Female"
"GL5F-YH1",32070788454,"GGHH-9CK","Male"
"GL5F-YH1",32070788455,"GGHH-4HZ","Female"
"LTFG-ZR8",32070788464,"GDFJ-TC8","Male"
"LTFG-ZR8",32070788465,"G2XB-KHW","Female"
"99HN-W8M",32070788466,"MQ6Y-DJR","Male"
"99HN-W8M",32070788467,"LHR1-9SN","Female"
"LD3L-3L1",32070788608,"LD3L-3PY","Male"
"LD3L-3L1",32070788609,"9H47-T4V","Female"
"G8WB-3VQ",32070788616,"G269-7QK","Male"
"G2VL-4QK",32070788624,"G8R4-ZBJ","Male"
"LVZ5-9LT",32070788628,"KFYT-G84","Male"
"LVZ5-9LT",32070788629,"LDSS-LKR","Female"
"LTFJ-P8P",32070788630,"LDMT-HMZ","Male"
"LTFJ-P8P",32070788631,"LD91-ST3","Female"
"GZGY-PHB",32070788632,"KFPX-KY8","Male"
"GZGY-PHB",32070788633,"LZX2-BDJ","Female"
"GW2T-W8K",32070788635,"GZ68-X5M","Female"
"GW2T-W8K",32070788634,"GLMN-FFB","Male"
"G72Y-4GB",32070788636,"LCRB-Q2R","Male"
"G72Y-4GB",32070788637,"G865-DJ7","Female"
"GJT8-5BS",32070788644,"GJT8-PTZ","Male"
"LTQP-NP6",32070788648,"9HM8-KNP","Male"
"LTQP-NP6",32070788649,"2W31-DF3","Female"
"G2F3-2MP",32070788656,"G84M-4VH","Male"
"937W-Z8H",32070788660,"LHWM-193","Male"
"937W-Z8H",32070788661,"9H1Y-2F2","Female"
"LB8M-L15",32070788664,"G2ZK-91W","Male"
"LB8M-L15",32070788665,"GF6N-BW8","Female"
"LDB4-489",32070788666,"L134-D1P","Male"
"LDB4-489",32070788667,"L8YY-R1N","Female"
"LZF4-Y8X",32070788672,"MSNT-MCJ","Male"
"LZF4-Y8X",32070788673,"G6DN-8RC","Female"
"9HM8-KNP",32070788680,"GGW9-K2T","Male"
"9HM8-KNP",32070788681,"G39X-ST6","Female"
"2W31-DF3",32070788682,"GQMG-Y4W","Male"
"2W31-DF3",32070788683,"GSBT-JM7","Female"
"KNW5-CM9",32070788688,"LVMF-2YH","Male"
"KNW5-CM9",32070788689,"GH4Y-2HC","Female"
"LCRM-5HJ",32070788690,"LCQX-XJS","Male"
"LCRM-5HJ",32070788691,"L78P-85J","Female"
"LHW9-VZ4",32070788692,"L1MT-HC1","Male"
"LHW9-VZ4",32070788693,"GVGZ-DCK","Female"
"GGWF-VYW",32070788696,"GGWF-6J3","Male"
"M74H-989",32070788704,"MBVX-N1Y","Male"
"M74H-989",32070788705,"MBVX-JMZ","Female"
"93QT-3QP",32070788708,"L1MT-HC1","Male"
"93QT-3QP",32070788709,"GVGZ-DCK","Female"
"L71C-CSZ",32070788710,"GGW9-K2T","Male"
"L71C-CSZ",32070788711,"GV72-LLP","Female"
"KF56-979",32070788712,"GJT5-24B","Male"
"KF56-979",32070788713,"GNTY-8RN","Female"
"9HM8-KNP",32070788736,"GGW9-K2T","Male"
"9HM8-KNP",32070788737,"G39X-ST6","Female"
"2W31-DF3",32070788738,"GQMG-Y4W","Male"
"2W31-DF3",32070788739,"GSBT-JM7","Female"
"L1MT-HC1",32070788744,"L134-D1P","Male"
"L1MT-HC1",32070788745,"L8YY-R1N","Female"
"GVGZ-DCK",32070788746,"LDQ1-RBN","Male"
"GVGZ-DCK",32070788747,"GVN6-YQL","Female"
"LHJ1-Z2N",32070788760,"G269-7QK","Male"
"GVS5-FJH",32070788768,"9HM8-KNP","Male"
"GVS5-FJH",32070788769,"2W31-DF3","Female"
"LHJ1-Z2N",32070788776,"G269-7QK","Male"
"L7B5-9CH",32070788784,"LJ5V-MZH","Male"
"L7B5-9CH",32070788785,"GNTQ-6HT","Female"
"L27L-XYL",32070788786,"LH74-HV9","Male"
"L27L-XYL",32070788787,"G2ZL-2MS","Female"
"LJ5R-TT4",32070788792,"2S3R-SRG","Male"
"LJ5R-TT4",32070788793,"L7BK-5RX","Female"
"LD3L-3L1",32070788800,"LD3L-3PY","Male"
"LD3L-3L1",32070788801,"9H47-T4V","Female"
"G8WB-3VQ",32070788808,"G269-7QK","Male"
"G2VL-4QK",32070788816,"G8R4-ZBJ","Male"
"LVZ5-9LT",32070788820,"KFYT-G84","Male"
"LVZ5-9LT",32070788821,"LDSS-LKR","Female"
"LTFJ-P8P",32070788822,"LDMT-HMZ","Male"
"LTFJ-P8P",32070788823,"LD91-ST3","Female"
"GZGY-PHB",32070788824,"KFPX-KY8","Male"
"GZGY-PHB",32070788825,"LZX2-BDJ","Female"
"GW2T-W8K",32070788827,"GZ68-X5M","Female"
"GW2T-W8K",32070788826,"GLMN-FFB","Male"
"G72Y-4GB",32070788828,"LCRB-Q2R","Male"
"G72Y-4GB",32070788829,"G865-DJ7","Female"
"GJT8-5BS",32070788836,"GJT8-PTZ","Male"
"LTQP-NP6",32070788840,"9HM8-KNP","Male"
"LTQP-NP6",32070788841,"2W31-DF3","Female"
"G2F3-2MP",32070788848,"G84M-4VH","Male"
"937W-Z8H",32070788852,"LHWM-193","Male"
"937W-Z8H",32070788853,"9H1Y-2F2","Female"
"LB8M-L15",32070788856,"G2ZK-91W","Male"
"LB8M-L15",32070788857,"GF6N-BW8","Female"
"LDB4-489",32070788858,"L134-D1P","Male"
"LDB4-489",32070788859,"L8YY-R1N","Female"
"9HYQ-M4G",32070789184,"G7XJ-1LY","Male"
"9HYQ-M4G",32070789185,"GL2J-F24","Female"
"GJGW-QM6",32070789186,"GGL4-859","Male"
"GJGW-QM6",32070789187,"GGL4-6DG","Female"
"LZ19-924",32070789188,"LZF6-M94","Male"
"LZ19-924",32070789189,"GWW8-LWR","Female"
"GL5F-YH1",32070789190,"GGHH-9CK","Male"
"GL5F-YH1",32070789191,"GGHH-4HZ","Female"
"9HYQ-M4G",32070789192,"G7XJ-1LY","Male"
"9HYQ-M4G",32070789193,"GL2J-F24","Female"
"GJGW-QM6",32070789194,"GGL4-859","Male"
"GJGW-QM6",32070789195,"GGL4-6DG","Female"
"LZ19-924",32070789196,"LZF6-M94","Male"
"LZ19-924",32070789197,"GWW8-LWR","Female"
"GL5F-YH1",32070789198,"GGHH-9CK","Male"
"GL5F-YH1",32070789199,"GGHH-4HZ","Female"
"LTFG-ZR8",32070789200,"GDFJ-TC8","Male"
"LTFG-ZR8",32070789201,"G2XB-KHW","Female"
"99HN-W8M",32070789202,"MQ6Y-DJR","Male"
"99HN-W8M",32070789203,"LHR1-9SN","Female"
"9HYQ-M4G",32070789216,"G7XJ-1LY","Male"
"9HYQ-M4G",32070789217,"GL2J-F24","Female"
"GJGW-QM6",32070789218,"GGL4-859","Male"
"GJGW-QM6",32070789219,"GGL4-6DG","Female"
"LZ19-924",32070789220,"LZF6-M94","Male"
"LZ19-924",32070789221,"GWW8-LWR","Female"
"GL5F-YH1",32070789222,"GGHH-9CK","Male"
"GL5F-YH1",32070789223,"GGHH-4HZ","Female"
"LTFG-ZR8",32070789232,"GDFJ-TC8","Male"
"LTFG-ZR8",32070789233,"G2XB-KHW","Female"
"99HN-W8M",32070789234,"MQ6Y-DJR","Male"
"99HN-W8M",32070789235,"LHR1-9SN","Female"
"GGL8-Q37",32070790144,"MVTT-BLN","Male"
"LT83-QKS",32070790208,"GZ2L-M6L","Male"
"LT83-QKS",32070790209,"LBTR-BTW","Female"
"GDG2-NJC",32070790210,"G6RN-4Y7","Male"
"GDG2-NJC",32070790211,"GFPT-S5P","Female"
"G9M5-FF1",32070790212,"LY9D-2F8","Male"
"G9M5-FF1",32070790213,"L28D-TJH","Female"
"GN9F-M6Q",32070790214,"GJTS-3TP","Male"
"GN9F-M6Q",32070790215,"GN15-LRT","Female"
"LY9D-2F8",32070790272,"LCJD-VX6","Male"
"LY9D-2F8",32070790273,"LD9R-RKH","Female"
"L28D-TJH",32070790274,"9WMP-NNQ","Male"
"L28D-TJH",32070790275,"945D-J9Y","Female"
"GJTS-3TP",32070790276,"GZ8X-GV2","Male"
"GJTS-3TP",32070790277,"G6ZP-B73","Female"
"KDQW-JTJ",32070790280,"9HTX-2CD","Male"
"KDQW-JTJ",32070790281,"G39Q-HBK","Female"
"LDS9-GGV",32070790282,"LZGK-GZB","Male"
"LDS9-GGV",32070790283,"MXKR-J9R","Female"
"G7NH-CM4",32070790288,"G215-NYD","Male"
"G7NH-CM4",32070790289,"GG1F-HTT","Female"
"GLL2-BZV",32070790313,"G8W1-V4X","Female"
"GC4V-KPG",32070790316,"G891-N1Z","Male"
"GC4V-KPG",32070790317,"G3YQ-19T","Female"
"L175-67M",32070790318,"GGKJ-Z1T","Male"
"L175-67M",32070790319,"KL6C-XQV","Female"
"K84R-TMS",32070790320,"LDHB-RRD","Male"
"K84R-TMS",32070790321,"GKVP-QMK","Female"
"LTF2-JTC",32070790324,"9SJJ-97N","Male"
"LTF2-JTC",32070790325,"LZJG-K5N","Female"
"LKNM-HR3",32070790326,"LJ2H-W3S","Male"
"LKNM-HR3",32070790327,"LZ2S-DKM","Female"
"L1QD-DXV",32070790328,"GJ2V-WRY","Male"
"L1QD-DXV",32070790329,"G2CN-HW6","Female"
"LD9P-M8N",32070790330,"LD9P-MFB","Male"
"LD9P-M8N",32070790331,"LH6C-VKZ","Female"
"GNSH-WMX",32070790352,"G7NH-CM4","Male"
"GNSH-WMX",32070790353,"G215-VM8","Female"
"K84R-TMS",32070790360,"LDHB-RRD","Male"
"K84R-TMS",32070790361,"GKVP-QMK","Female"
"LTF2-JTC",32070790364,"9SJJ-97N","Male"
"LTF2-JTC",32070790365,"LZJG-K5N","Female"
"LKNM-HR3",32070790366,"LJ2H-W3S","Male"
"LKNM-HR3",32070790367,"LZ2S-DKM","Female"
"GLL2-BZV",32070790377,"G8W1-V4X","Female"
"GC4V-KPG",32070790380,"G891-N1Z","Male"
"GC4V-KPG",32070790381,"G3YQ-19T","Female"
"L175-67M",32070790382,"GGKJ-Z1T","Male"
"L175-67M",32070790383,"KL6C-XQV","Female"
"K84R-TMS",32070790384,"LDHB-RRD","Male"
"K84R-TMS",32070790385,"GKVP-QMK","Female"
"LTF2-JTC",32070790388,"9SJJ-97N","Male"
"LTF2-JTC",32070790389,"LZJG-K5N","Female"
"LKNM-HR3",32070790390,"LJ2H-W3S","Male"
"LKNM-HR3",32070790391,"LZ2S-DKM","Female"
"L1QD-DXV",32070790392,"GJ2V-WRY","Male"
"L1QD-DXV",32070790393,"G2CN-HW6","Female"
"LD9P-M8N",32070790394,"LD9P-MFB","Male"
"LD9P-M8N",32070790395,"LH6C-VKZ","Female"
"GLFD-7MD",32070790528,"GMMD-GH5","Male"
"GLFD-7MD",32070790529,"LBK1-86P","Female"
"GGFH-MVX",32070790530,"LCJD-VX6","Male"
"GGFH-MVX",32070790531,"LD9R-RKH","Female"
"9HTX-2CD",32070790532,"9HRG-JDL","Male"
"9HTX-2CD",32070790533,"LDH1-G9D","Female"
"G6LZ-TWJ",32070790536,"L5LL-BRL","Male"
"G6LZ-TWJ",32070790537,"GZ4M-H94","Female"
"G6R2-BDM",32070790542,"GFZ2-JTZ","Male"
"KDQW-JTJ",32070790688,"9HTX-2CD","Male"
"KDQW-JTJ",32070790689,"G39Q-HBK","Female"
"LDS9-GGV",32070790690,"LZGK-GZB","Male"
"LDS9-GGV",32070790691,"MXKR-J9R","Female"
"L1DD-JMP",32070790692,"GG5W-TJ1","Male"
"L1DD-JMP",32070790693,"GG54-SDF","Female"
"9WY9-HRJ",32070790694,"LZ19-924","Male"
"LD95-VV6",32070790696,"LD95-VVH","Male"
"LD95-VV6",32070790697,"99SD-Z4Q","Female"
"9H2F-HV5",32070790698,"MBGG-7NP","Male"
"9H2F-HV5",32070790699,"LD9R-SHL","Female"
"LD9R-RB7",32070790700,"LD9R-RYR","Male"
"LD9R-RB7",32070790701,"M15L-V4Q","Female"
"LDSS-6H5",32070790702,"L133-HLP","Male"
"LDSS-6H5",32070790703,"KH8N-T92","Female"
"9HYQ-M4G",32070790720,"G7XJ-1LY","Male"
"9HYQ-M4G",32070790721,"GL2J-F24","Female"
"GJGW-QM6",32070790722,"GGL4-859","Male"
"GJGW-QM6",32070790723,"GGL4-6DG","Female"
"LZ19-924",32070790724,"LZF6-M94","Male"
"LZ19-924",32070790725,"GWW8-LWR","Female"
"GL5F-YH1",32070790726,"GGHH-9CK","Male"
"GL5F-YH1",32070790727,"GGHH-4HZ","Female"
"L8RR-4KG",32070790728,"L8WY-72D","Male"
"L8RR-4KG",32070790729,"GZBB-BMJ","Female"
"99QT-MCB",32070790730,"LDSS-KBB","Male"
"99QT-MCB",32070790731,"GLZ3-DZS","Female"
"G792-Y4T",32070790740,"GZ9Q-17G","Male"
"GK5F-4LY",32070790742,"GK5F-8MJ","Male"
"GK5F-4LY",32070790743,"GQ2G-ZP8","Female"
"9HYQ-M4G",32070790912,"G7XJ-1LY","Male"
"9HYQ-M4G",32070790913,"GL2J-F24","Female"
"GJGW-QM6",32070790914,"GGL4-859","Male"
"GJGW-QM6",32070790915,"GGL4-6DG","Female"
"LZ19-924",32070790916,"LZF6-M94","Male"
"LZ19-924",32070790917,"GWW8-LWR","Female"
"GL5F-YH1",32070790918,"GGHH-9CK","Male"
"GL5F-YH1",32070790919,"GGHH-4HZ","Female"
"LHPZ-9WQ",32070790928,"938W-39J","Male"
"LHPZ-9WQ",32070790929,"9W89-MK6","Female"
"LCT8-QVQ",32070790930,"LYXW-BQK","Male"
"L8BY-3VJ",32070790936,"L8YY-PP2","Male"
"L8BY-3VJ",32070790937,"LT5Z-556","Female"
"94BP-X4Z",32070790938,"LBGF-H83","Male"
"94BP-X4Z",32070790939,"LZ56-WY6","Female"
"L8YY-5HK",32070790940,"9CXC-B7Y","Male"
"L8YY-5HK",32070790941,"LZBY-TS8","Female"
"L8WB-D2Z",32070790942,"GK9Q-S8F","Male"
"L8WB-D2Z",32070790943,"GK85-LHZ","Female"
"L8RR-4KG",32070790952,"L8WY-72D","Male"
"L8RR-4KG",32070790953,"GZBB-BMJ","Female"
"99QT-MCB",32070790954,"LDSS-KBB","Male"
"99QT-MCB",32070790955,"GLZ3-DZS","Female"
"LDSS-KJ6",32070790960,"LDSS-288","Male"
"LDSS-KJ6",32070790961,"G6PK-MQW","Female"
"L28D-TJH",32070790962,"9WMP-NNQ","Male"
"L28D-TJH",32070790963,"945D-J9Y","Female"
"LYCY-PN6",32070790964,"LDSS-26H","Male"
"LYCY-PN6",32070790965,"L6SC-CJF","Female"
"LDSS-KKV",32070790966,"LZLQ-664","Male"
"LDSS-KKV",32070790967,"GK2Y-MJB","Female"
"KDQW-JTJ",32070790968,"9HTX-2CD","Male"
"KDQW-JTJ",32070790969,"G39Q-HBK","Female"
"LDS9-GGV",32070790970,"LZGK-GZB","Male"
"LDS9-GGV",32070790971,"MXKR-J9R","Female"
"LVMF-2JP",32070790976,"GLBB-B7J","Male"
"LVMF-2JP",32070790977,"GKY2-HZS","Female"
"LDSS-D1D",32070790980,"GMWX-WW1","Male"
"LD9R-RYR",32070791008,"LCRR-KM2","Male"
"LD9R-RYR",32070791009,"LDW5-JN2","Female"
"M15L-V4Q",32070791010,"LD9Y-C7T","Male"
"M15L-V4Q",32070791011,"LD9Y-CW9","Female"
"L133-HLP",32070791012,"94T6-749","Male"
"L133-HLP",32070791013,"GLLC-968","Female"
"KH8N-T92",32070791014,"L1DW-Q5N","Male"
"KH8N-T92",32070791015,"2781-6PP","Female"
"L8BY-3VJ",32070791016,"L8YY-PP2","Male"
"L8BY-3VJ",32070791017,"LT5Z-556","Female"
"94BP-X4Z",32070791018,"LBGF-H83","Male"
"94BP-X4Z",32070791019,"LZ56-WY6","Female"
"L8YY-5HK",32070791020,"9CXC-B7Y","Male"
"L8YY-5HK",32070791021,"LZBY-TS8","Female"
"L8WB-D2Z",32070791022,"GK9Q-S8F","Male"
"L8WB-D2Z",32070791023,"GK85-LHZ","Female"
"L8YY-PD5",32070791024,"L8YY-PZ9","Male"
"L8YY-PD5",32070791025,"9H65-XXK","Female"
"MBV2-T1M",32070791026,"GVD8-XBR","Male"
"MBV2-T1M",32070791027,"GVD8-NJ7","Female"
"GKZZ-K49",32070791028,"GGZQ-BP3","Male"
"GKZZ-K49",32070791029,"GHNF-BYC","Female"
"GL6R-9XP",32070791030,"GG38-D9W","Male"
"GL6R-9XP",32070791031,"GN8V-37D","Female"
"KJP2-TBR",32070791032,"LZLG-V3F","Male"
"KJP2-TBR",32070791033,"LH6K-2BP","Female"
"GFN3-DQ5",32070791034,"GJYM-TGG","Male"
"GFN3-DQ5",32070791035,"LBPM-PVV","Female"
"GQ59-8LX",32070791036,"GQMM-WCR","Male"
"GQ59-8LX",32070791037,"G29Z-H7W","Female"
"GSCJ-Z9D",32070791038,"LYS6-FRB","Male"
"GSCJ-Z9D",32070791039,"L1JY-KRP","Female"
"L1WT-FRN",32070791040,"GZRK-SFB","Male"
"L1WT-FRN",32070791041,"GVSP-WS2","Female"
"L1WY-QMZ",32070791042,"GHKB-C3J","Male"
"L1WY-QMZ",32070791043,"L5DR-KL8","Female"
"LB5R-TH8",32070791044,"KDQW-JTJ","Male"
"LB5R-TH8",32070791045,"LDS9-GGV","Female"
"LDHQ-P5F",32070791046,"LD9R-RB7","Male"
"LDHQ-P5F",32070791047,"LDSS-6H5","Female"
"LBJ9-GZ4",32070791048,"9ZH7-GMD","Male"
"LBJ9-GZ4",32070791049,"MBYH-395","Female"
"KZPP-B68",32070791050,"G7ZN-5DF","Male"
"L18B-R3G",32070791052,"G2TZ-96Y","Male"
"L18B-R3G",32070791053,"G2T8-97Z","Female"
"KDQH-DJG",32070791054,"L1DD-JMP","Male"
"KDQH-DJG",32070791055,"9WY9-HRJ","Female"
"LZGQ-LJX",32070791072,"KDQW-JTJ","Male"
"LZGQ-LJX",32070791073,"LDS9-GGV","Female"
"KDQH-DJG",32070791074,"L1DD-JMP","Male"
"KDQH-DJG",32070791075,"9WY9-HRJ","Female"
"GL9R-YL9",32070791076,"LD95-VV6","Male"
"GL9R-YL9",32070791077,"9H2F-HV5","Female"
"LDHQ-P5F",32070791078,"LD9R-RB7","Male"
"LDHQ-P5F",32070791079,"LDSS-6H5","Female"
"LD9R-RCZ",32070791096,"GGT6-NYC","Male"
"LD9R-RCZ",32070791097,"GGTD-5CG","Female"
"MBWQ-SF3",32070791098,"LH3J-XVF","Male"
"MBWQ-SF3",32070791099,"KN3T-TR3","Female"
"L1R3-QH7",32070791100,"LD9R-5PH","Male"
"L1R3-QH7",32070791101,"LZM1-YM9","Female"
"M33Z-FHV",32070791102,"GGQ2-T6Y","Male"
"M33Z-FHV",32070791103,"GGQ2-FDK","Female"
"LVTD-MDD",32070791104,"GX7C-LRS","Male"
"LVTD-MDD",32070791105,"GN1M-ZZK","Female"
"GKYX-DNQ",32070791106,"LB2S-1BB","Male"
"GKYX-DNQ",32070791107,"LTG4-ZZ5","Female"
"28YJ-Z4N",32070791112,"9HTX-2CD","Male"
"28YJ-Z4N",32070791113,"G39Q-HBK","Female"
"GGGT-9MX",32070791114,"MXVC-BK8","Male"
"GV4Z-NPS",32070791120,"GCQF-FLC","Male"
"GZKP-3KR",32070791122,"L5LL-BRL","Male"
"GZKP-3KR",32070791123,"GZ4M-H94","Female"
