"fid","ascendancy","parent","gender"
"2MYM-NS1",56973392682,"LTF2-JTC","Male"
"2MYM-NS1",56973392683,"LKNM-HR3","Female"
"GD4S-KVF",56973392684,"L1QD-DXV","Male"
"GD4S-KVF",56973392685,"LD9P-M8N","Female"
"LR72-2LH",56973392688,"KFK5-ZL5","Male"
"LR72-2LH",56973392689,"LBCC-DW3","Female"
"94RF-8ZT",56973392692,"MVJ5-6DP","Male"
"94RF-8ZT",56973392693,"GHFZ-BXZ","Female"
"MDMV-GWM",56973392694,"MXLC-JC1","Male"
"LCP1-19Y",56973392696,"L51Z-XMG","Male"
"LCP1-19Y",56973392697,"KZTY-WSH","Female"
"2CNB-WKW",56973392698,"9H17-VTZ","Male"
"2CNB-WKW",56973392699,"LY57-55F","Female"
"9CWM-F9G",56973392700,"9498-2NS","Male"
"9CWM-F9G",56973392701,"G7BC-QX4","Female"
"G6X1-655",56973392702,"GCV5-W95","Male"
"G83G-BCN",56973393344,"GXVP-5Q2","Male"
"G83G-BCN",56973393345,"GVS5-WKQ","Female"
"LYSG-SY9",56973393346,"LJG4-5YW","Male"
"LYSG-SY9",56973393347,"GH91-DSB","Female"
"M9L6-6YN",56973393408,"K84R-TMS","Male"
"M9L6-6YN",56973393409,"GGGW-RYH","Female"
"2MYM-NS1",56973393410,"LTF2-JTC","Male"
"2MYM-NS1",56973393411,"LKNM-HR3","Female"
"GD4S-KVF",56973393412,"L1QD-DXV","Male"
"GD4S-KVF",56973393413,"LD9P-M8N","Female"
"LH86-HY5",56973393416,"KNDD-84D","Male"
"LH86-HY5",56973393417,"GQQX-89B","Female"
"GZRV-4MX",56973393418,"LR6N-PQP","Male"
"GZRV-4MX",56973393419,"LDSS-RGB","Female"
"GN38-YJ6",56973393422,"LYRG-K5J","Male"
"GN38-YJ6",56973393423,"LBLP-PPD","Female"
"G29L-DN9",56973393424,"GQRQ-LYV","Male"
"G29L-DN9",56973393425,"G6TY-2YB","Female"
"9H17-VTZ",56973393440,"LZGQ-LJX","Male"
"9H17-VTZ",56973393441,"KDQH-DJG","Female"
"LY57-55F",56973393442,"GL9R-YL9","Male"
"LY57-55F",56973393443,"LDHQ-P5F","Female"
"LD9R-5G3",56973393452,"LD9R-RCZ","Male"
"LD9R-5G3",56973393453,"MBWQ-SF3","Female"
"M897-QTS",56973393454,"L1R3-QH7","Male"
"M897-QTS",56973393455,"M33Z-FHV","Female"
"L55P-QVF",56973393480,"GGQM-DVN","Male"
"LBKB-VP5",56973393496,"GQMG-G62","Male"
"LBKB-VP5",56973393497,"GN4C-8ND","Female"
"LHLV-GKQ",56973393501,"G6R8-N1X","Female"
"LHLV-GKQ",56973393500,"G8KM-JF3","Male"
"M12G-SFX",56973393502,"LBM7-XLR","Male"
"M12G-SFX",56973393503,"LDSR-1Y7","Female"
"M9L6-6YN",56973393504,"K84R-TMS","Male"
"M9L6-6YN",56973393505,"GGGW-RYH","Female"
"2MYM-NS1",56973393506,"LTF2-JTC","Male"
"2MYM-NS1",56973393507,"LKNM-HR3","Female"
"GD4S-KVF",56973393508,"L1QD-DXV","Male"
"GD4S-KVF",56973393509,"LD9P-M8N","Female"
"L1Z8-522",56973393512,"99Y7-MCD","Male"
"L1Z8-522",56973393513,"LBKM-9MP","Female"
"L1S4-4N9",56973393514,"L1QG-G8M","Male"
"L1S4-4N9",56973393515,"LD97-QLP","Female"
"LDW5-FB6",56973393516,"LDW5-66P","Male"
"LDW5-FB6",56973393517,"LDW5-623","Female"
"LDW5-N39",56973393518,"KCXK-S69","Male"
"LDW5-N39",56973393519,"GJR2-7VD","Female"
"LHF5-NRF",56973393520,"9HYM-87T","Male"
"LHF5-NRF",56973393521,"LTK3-YL5","Female"
"L8YS-939",56973393522,"9915-W3T","Male"
"L8YS-939",56973393523,"G34F-CPK","Female"
"GNSC-GX2",56973393524,"G6T4-VS4","Male"
"G6T4-Y59",56973393526,"29YL-C18","Male"
"G6T4-Y59",56973393527,"KGCM-X4S","Female"
"KZ38-GLR",56973393528,"9CCZ-PKB","Male"
"KZ38-GLR",56973393529,"L75S-MVR","Female"
"LZLH-GT3",56973393530,"GFDK-48G","Male"
"LZLH-GT3",56973393531,"GNC1-PKH","Female"
"G9GH-9BQ",56973393532,"GD2L-TGY","Male"
"G9GH-9BQ",56973393533,"LJL1-FRP","Female"
"LHXS-J8W",56973393534,"G6R8-7WV","Male"
"LHXS-J8W",56973393535,"L7GV-JX4","Female"
"LBH1-CN5",56973393536,"9ZZ1-5Z1","Male"
"LBH1-CN5",56973393537,"G91P-199","Female"
"9S8D-D66",56973393540,"GXRR-LZX","Male"
"GSHP-SHH",56973393544,"LT3M-GVB","Male"
"GSHP-SHH",56973393545,"GMNR-6FT","Female"
"M5YG-KD2",56973393548,"MVPP-6V1","Male"
"M5YG-KD2",56973393549,"9H6R-RX2","Female"
"9H8X-KY4",56973393550,"9CJ7-MYH","Male"
"9H8X-KY4",56973393551,"KZ5G-H74","Female"
"M9L6-6YN",56973393568,"K84R-TMS","Male"
"M9L6-6YN",56973393569,"GGGW-RYH","Female"
"2MYM-NS1",56973393570,"LTF2-JTC","Male"
"2MYM-NS1",56973393571,"LKNM-HR3","Female"
"GD4S-KVF",56973393572,"L1QD-DXV","Male"
"GD4S-KVF",56973393573,"LD9P-M8N","Female"
"LH86-HY5",56973393576,"KNDD-84D","Male"
"LH86-HY5",56973393577,"GQQX-89B","Female"
"GZRV-4MX",56973393578,"LR6N-PQP","Male"
"GZRV-4MX",56973393579,"LDSS-RGB","Female"
"GN38-YJ6",56973393582,"LYRG-K5J","Male"
"GN38-YJ6",56973393583,"LBLP-PPD","Female"
"G29L-DN9",56973393584,"GQRQ-LYV","Male"
"G29L-DN9",56973393585,"G6TY-2YB","Female"
"9CXW-GQR",56973393600,"G6B1-NGH","Male"
"9CXW-GQR",56973393601,"GJXP-LCC","Female"
"LBSY-43P",56973393604,"L619-MQH","Male"
"LBSY-43P",56973393605,"GK8M-8WF","Female"
"L8M6-YWJ",56973393606,"LDSS-ZMW","Male"
"L8M6-YWJ",56973393607,"LDSS-ZMD","Female"
"G7XM-XH5",56973393608,"LLCW-6W8","Male"
"G7XM-XH5",56973393609,"GWK5-12V","Female"
"KDQW-FYD",56973393610,"LBSY-43P","Male"
"KDQW-FYD",56973393611,"L8M6-YWJ","Female"
"M6Z8-D8X",56973393612,"9HGP-DBV","Male"
"M6Z8-D8X",56973393613,"LXWD-248","Female"
"L1Q8-65G",56973393616,"L1Z8-522","Male"
"L1Q8-65G",56973393617,"L1S4-4N9","Female"
"MXWH-HJ8",56973393618,"LDW5-FB6","Male"
"MXWH-HJ8",56973393619,"LDW5-N39","Female"
"L8YB-8WZ",56973393620,"M4N1-6BT","Male"
"L8YB-8WZ",56973393621,"L8PY-H7K","Female"
"GFG3-G3F",56973393622,"G8PF-7ZF","Male"
"9HZL-Y9F",56973393624,"9HZL-Y92","Male"
"LBS1-VRM",56973393628,"LJRG-7ST","Male"
"LBS1-VRM",56973393629,"28WM-FQ6","Female"
"LT7J-3T8",56973393630,"GDTX-41X","Male"
"LT7J-3T8",56973393631,"GX4S-QCJ","Female"
"LH86-HY5",56973393632,"KNDD-84D","Male"
"LH86-HY5",56973393633,"GQQX-89B","Female"
"GZRV-4MX",56973393634,"LR6N-PQP","Male"
"GZRV-4MX",56973393635,"LDSS-RGB","Female"
"GN38-YJ6",56973393638,"LYRG-K5J","Male"
"GN38-YJ6",56973393639,"LBLP-PPD","Female"
"9CS3-646",56973393640,"9H17-VTZ","Male"
"9CS3-646",56973393641,"LY57-55F","Female"
"KDQH-YTP",56973393644,"GGTT-FJW","Male"
"KDQH-YTP",56973393645,"GGT5-2TY","Female"
"LBH5-S3X",56973393646,"LD9R-5G3","Male"
"LBH5-S3X",56973393647,"M897-QTS","Female"
"93LF-J1V",56973393648,"L1HZ-WR2","Male"
"93LF-J1V",56973393649,"MDWC-L73","Female"
"931M-DSZ",56973393650,"KFLG-12B","Male"
"931M-DSZ",56973393651,"M5YG-GGX","Female"
"9WC7-CFS",56973393652,"GF4P-DDQ","Male"
"9WC7-CFS",56973393653,"GVW6-VCK","Female"
"KZQY-4CD",56973393654,"LJG8-98D","Male"
"KZQY-4CD",56973393655,"LBS6-SSC","Female"
"L1Q8-65G",56973393656,"L1Z8-522","Male"
"L1Q8-65G",56973393657,"L1S4-4N9","Female"
"MXWH-HJ8",56973393658,"LDW5-FB6","Male"
"MXWH-HJ8",56973393659,"LDW5-N39","Female"
"L8YB-8WZ",56973393660,"M4N1-6BT","Male"
"L8YB-8WZ",56973393661,"L8PY-H7K","Female"
"GFG3-G3F",56973393662,"G8PF-7ZF","Male"
"L6RN-2TH",56973393664,"GC35-5JN","Male"
"L6RN-2TH",56973393665,"LRG2-ZPX","Female"
"LD32-VMD",56973393672,"2R5H-Q2Q","Male"
"LD32-VMD",56973393673,"KLBK-XDY","Female"
"LQ55-3HJ",56973393676,"LH74-HV9","Male"
"LQ55-3HJ",56973393677,"9HVH-9GD","Female"
"LZDQ-RC1",56973393678,"GQSS-GWX","Male"
"LZDQ-RC1",56973393679,"93QL-QQ9","Female"
"LZXN-K7L",56973393720,"GJ15-2NP","Male"
"LZXN-K7L",56973393721,"LZGK-6BD","Female"
"G95Q-XJK",56973393722,"9CHV-B26","Male"
"G95Q-XJK",56973393723,"LZ2Z-ZZ8","Female"
"LBH1-CN5",56973393724,"9ZZ1-5Z1","Male"
"LBH1-CN5",56973393725,"G91P-199","Female"
"G8V1-T3B",56973393796,"G8V1-RVB","Male"
"G8V1-T3B",56973393797,"GDTX-GL8","Female"
"LHVH-1SW",56973393808,"L6RN-2TH","Male"
"LHVH-1SW",56973393809,"GG5L-71Q","Female"
"LRHG-G1W",56973393810,"GD2T-KQT","Male"
"LRHG-G1W",56973393811,"GF3G-5VX","Female"
"9S8K-MBN",56973393812,"LD32-VMD","Male"
"LBZ1-F4V",56973393814,"LQ55-3HJ","Male"
"LBZ1-F4V",56973393815,"LZDQ-RC1","Female"
"KHGK-FT4",56973393840,"M9L6-6YN","Male"
"KHGK-FT4",56973393841,"2MYM-NS1","Female"
"GZLL-ZY9",56973393842,"GD4S-KVF","Male"
"GZLL-ZY9",56973393843,"GX7F-TKC","Female"
"L1Q8-65G",56973393844,"L1Z8-522","Male"
"L1Q8-65G",56973393845,"L1S4-4N9","Female"
"MXWH-HJ8",56973393846,"LDW5-FB6","Male"
"MXWH-HJ8",56973393847,"LDW5-N39","Female"
"G67D-75Y",56973393856,"KC5V-1SS","Male"
"LVYT-WNW",56973393860,"LVYT-WY1","Male"
"LVYT-WNW",56973393861,"LD19-JPJ","Female"
"GZKT-1YM",56973393862,"GZRW-YJ6","Male"
"GZKT-1YM",56973393863,"G63X-TBR","Female"
"GD2L-3G9",56973393872,"G8W1-9VC","Male"
"GD2L-3G9",56973393873,"LCZD-G2Y","Female"
"G8D1-KH9",56973393874,"LHWG-CC2","Male"
"G8D1-KH9",56973393875,"946D-MLM","Female"
"GHGS-D5X",56973393876,"G8D1-62Y","Male"
"GHGS-D5X",56973393877,"GHGS-8G4","Female"
"LR5W-LJ9",56973393880,"LHF5-NRF","Male"
"LR5W-LJ9",56973393881,"L8YS-939","Female"
"LVYZ-59L",56973393882,"GNSC-GX2","Male"
"LVYZ-59L",56973393883,"G6T4-Y59","Female"
"GSHT-SV8",56973393888,"LDSR-1RL","Male"
"GSHT-SV8",56973393889,"GLV5-N1H","Female"
"G9V8-JZD",56973393896,"LZJW-MTS","Male"
"KHGK-FT4",56973393900,"M9L6-6YN","Male"
"KHGK-FT4",56973393901,"2MYM-NS1","Female"
"GZLL-ZY9",56973393902,"GD4S-KVF","Male"
"GZLL-ZY9",56973393903,"GX7F-TKC","Female"
"9HVG-3HS",56973393904,"LYPR-VX5","Male"
"9HVG-3HS",56973393905,"LY6D-WK1","Female"
"MRRC-VW8",56973393906,"LY6D-VDY","Male"
"MRRC-VW8",56973393907,"LY6D-V66","Female"
"9CX7-S59",56973393908,"GLT4-TVW","Male"
"934P-KGV",56973393910,"K4LT-K4X","Male"
"934P-KGV",56973393911,"LVV3-7SJ","Female"
"LH73-3ML",56973393912,"GSRV-2D8","Male"
"LH73-3ML",56973393913,"LBZ2-33H","Female"
"GJ8K-PWG",56973443072,"LDSK-NZJ","Male"
"GJ8K-PWG",56973443073,"LDSH-S2T","Female"
"LJYH-M8G",56973443074,"GW69-B2J","Male"
"LJYH-M8G",56973443075,"GXQD-1QL","Female"
"GZ5R-DYP",56973443076,"GGD7-NRW","Male"
"LB23-RVZ",56973443078,"2Z98-QKN","Male"
"LB23-RVZ",56973443079,"GDCF-ZCT","Female"
"GNQ6-SVJ",56973443088,"GDX9-MGZ","Male"
"GNQ6-SVJ",56973443089,"GDX9-M73","Female"
"LZND-WC8",56973443584,"GW5C-MJ1","Male"
"LZND-WC8",56973443585,"93HC-RM1","Female"
"49ZF-5DR",56973443586,"LZGX-NYL","Male"
"49ZF-5DR",56973443587,"G3MQ-3C9","Female"
"GH65-CYW",56973443588,"G2WK-458","Male"
"GH65-CYW",56973443589,"MM4V-GY6","Female"
"L1C8-7GJ",56973443590,"L1FN-21P","Male"
"L1C8-7GJ",56973443591,"LHK8-DT9","Female"
"G2X3-G3C",56973443600,"GKYC-37Y","Male"
"G2X3-G3C",56973443601,"GGP4-DCZ","Female"
"G97B-RRN",56973443616,"GZ58-PZG","Male"
"G97B-RRN",56973443617,"GWXT-WZC","Female"
"GCS7-25R",56973443618,"GZWD-KRS","Male"
"GCS7-25R",56973443619,"GVNF-6R5","Female"
"G62Y-MJS",56973443680,"G2LB-P5D","Male"
"G62Y-MJS",56973443681,"G2L1-C3V","Female"
"LT86-JTH",56973443684,"GHLW-6RL","Male"
"LT86-JTH",56973443685,"GXV9-T7M","Female"
"L8Y9-1V8",56973443686,"9CHV-B26","Male"
"L8Y9-1V8",56973443687,"LZ2Z-ZZ8","Female"
"L64R-GYQ",56973443688,"K8ZN-5RT","Male"
"L64R-GYQ",56973443689,"LRCM-TWZ","Female"
"G6BV-4MZ",56973443696,"G6BV-7Y5","Male"
"G6BV-4MZ",56973443697,"GDBP-WY9","Female"
"G2WJ-88H",56973443700,"G8WY-FK8","Male"
"L8JG-B3C",56973443702,"K1T8-C3G","Male"
"L8JG-B3C",56973443703,"LZGR-FC8","Female"
"G6FT-Z8B",56973443840,"G6XQ-9J8","Male"
"G6FT-Z8B",56973443841,"G6BV-C56","Female"
"MRZB-PCL",56973443856,"GK1B-W4B","Male"
"938M-CTX",56973443860,"9CW5-VJ1","Male"
"938M-CTX",56973443861,"9WPP-TXN","Female"
"LCCT-QJZ",56973443862,"GNTW-BYM","Male"
"LCCT-QJZ",56973443863,"GNTW-ZXH","Female"
"G2WJ-88H",56973443892,"G8WY-FK8","Male"
"L8JG-B3C",56973443894,"K1T8-C3G","Male"
"L8JG-B3C",56973443895,"LZGR-FC8","Female"
"LZXN-K7L",56973443896,"GJ15-2NP","Male"
"LZXN-K7L",56973443897,"LZGK-6BD","Female"
"G95Q-XJK",56973443898,"9CHV-B26","Male"
"G95Q-XJK",56973443899,"LZ2Z-ZZ8","Female"
"LBH1-CN5",56973443900,"9ZZ1-5Z1","Male"
"LBH1-CN5",56973443901,"G91P-199","Female"
"GHKJ-F4S",56973443968,"KVFN-J3S","Male"
"GHKJ-F4S",56973443969,"GF1W-XH2","Female"
"LZND-WC8",56973443980,"GW5C-MJ1","Male"
"LZND-WC8",56973443981,"93HC-RM1","Female"
"49ZF-5DR",56973443982,"LZGX-NYL","Male"
"49ZF-5DR",56973443983,"G3MQ-3C9","Female"
"G2B3-RT9",56973444000,"LZ78-C6G","Male"
"G2B3-RT9",56973444001,"KVFN-V9M","Female"
"GFZ7-L5X",56973444002,"GSY8-G8W","Male"
"GFZ7-L5X",56973444003,"GSY8-P1N","Female"
"GLLS-ZT9",56973444008,"G3C6-88R","Male"
"GLLS-ZT9",56973444009,"L24Y-7KP","Female"
"G6CJ-JJ5",56973444012,"G6CJ-CBF","Male"
"G6CJ-JJ5",56973444013,"G6CJ-TWM","Female"
"GHKJ-F4S",56973444016,"KVFN-J3S","Male"
"GHKJ-F4S",56973444017,"GF1W-XH2","Female"
"LZND-WC8",56973444028,"GW5C-MJ1","Male"
"LZND-WC8",56973444029,"93HC-RM1","Female"
"49ZF-5DR",56973444030,"LZGX-NYL","Male"
"49ZF-5DR",56973444031,"G3MQ-3C9","Female"
"GFPR-TPD",56973444032,"G2NN-KBR","Male"
"GFPR-TPD",56973444033,"G2NJ-QX1","Female"
"GXNJ-MB2",56973444034,"LBKR-92G","Male"
"GXNJ-MB2",56973444035,"GFPY-73D","Female"
"29TB-Z2R",56973444037,"MVX3-57J","Female"
"KLXB-KKN",56973444038,"L2Y4-PFW","Male"
"KLXB-KKN",56973444039,"GDBL-R24","Female"
"K8D7-F5D",56973444048,"LZS9-ZC2","Male"
"K8D7-F5D",56973444049,"LZ61-F76","Female"
"9CW5-VJ1",56973444052,"KJ5F-4ZR","Male"
"9CW5-VJ1",56973444053,"LDMG-1HD","Female"
"9WPP-TXN",56973444054,"GJW6-BQP","Male"
"9WPP-TXN",56973444055,"GJWX-7W6","Female"
"LH86-HY5",56973444056,"KNDD-84D","Male"
"LH86-HY5",56973444057,"GQQX-89B","Female"
"GZRV-4MX",56973444058,"LR6N-PQP","Male"
"GZRV-4MX",56973444059,"LDSS-RGB","Female"
"LTGT-MY8",56973444060,"G8W1-ZV8","Male"
"LTGT-MY8",56973444061,"9HT5-B49","Female"
"GFQ9-X3J",56973444074,"G8R1-CTV","Male"
"GFQ9-X3J",56973444075,"GXJV-9TK","Female"
"LJRG-7ST",56973444080,"GN9S-PHK","Male"
"28WM-FQ6",56973444082,"9HV8-NJK","Male"
"28WM-FQ6",56973444083,"GV2T-G5N","Female"
"GDTX-41X",56973444084,"G6Y8-CVK","Male"
"GX4S-QCJ",56973444086,"L8MP-TBP","Male"
"GX4S-QCJ",56973444087,"GQPW-RMC","Female"
"GJJP-9P7",56973444090,"MFHW-5JK","Male"
"GJJP-9P7",56973444091,"MFHW-5VS","Female"
"G9TY-VXY",56973444092,"MFHW-5JK","Male"
"G9TY-VXY",56973444093,"MFHW-5VS","Female"
"G4HJ-NJK",56973444094,"LBLT-J4B","Male"
"G4HJ-NJK",56973444095,"LTPD-H8X","Female"
"GX21-DG5",56973444608,"LT86-JTH","Male"
"GX21-DG5",56973444609,"G6LJ-VHB","Female"
"LV7G-26G",56973444610,"GF3D-GT6","Male"
"LV7G-26G",56973444611,"GLN9-HXR","Female"
"M5YG-KD2",56973444648,"MVPP-6V1","Male"
"M5YG-KD2",56973444649,"9H6R-RX2","Female"
"9H8X-KY4",56973444650,"9CJ7-MYH","Male"
"9H8X-KY4",56973444651,"KZ5G-H74","Female"
"M5YG-KD2",56973444680,"MVPP-6V1","Male"
"M5YG-KD2",56973444681,"9H6R-RX2","Female"
"9H8X-KY4",56973444682,"9CJ7-MYH","Male"
"9H8X-KY4",56973444683,"KZ5G-H74","Female"
"L1RC-7P1",56973444688,"G2VR-PH7","Male"
"L1RC-7P1",56973444689,"LZKK-97Y","Female"
"GVXK-LVZ",56973444690,"GZNX-VK7","Male"
"L1Q8-65G",56973444692,"L1Z8-522","Male"
"L1Q8-65G",56973444693,"L1S4-4N9","Female"
"MXWH-HJ8",56973444694,"LDW5-FB6","Male"
"MXWH-HJ8",56973444695,"LDW5-N39","Female"
"L1Q8-65G",56973444700,"L1Z8-522","Male"
"L1Q8-65G",56973444701,"L1S4-4N9","Female"
"MXWH-HJ8",56973444702,"LDW5-FB6","Male"
"MXWH-HJ8",56973444703,"LDW5-N39","Female"
"GZ88-GMW",56973444728,"G83P-MCR","Male"
"GZ88-GMW",56973444729,"G8Q7-PNH","Female"
"LDHQ-8F9",56973444732,"9QZ9-C18","Male"
"LDHQ-8F9",56973444733,"LHKK-GP5","Female"
"LZ8G-FWR",56973444734,"GXDM-JXD","Male"
"LZ8G-FWR",56973444735,"L85Z-921","Female"
"G65L-KFM",56973444868,"G8WY-K2H","Male"
"G65L-KFM",56973444869,"LYSP-BT4","Female"
"GC32-WVW",56973444870,"G9F1-SDX","Male"
"GC32-WVW",56973444871,"GMKM-MLZ","Female"
"GX31-L75",56973444932,"GMQG-4LK","Male"
"GX31-L75",56973444933,"G9PS-BD7","Female"
"9CXH-Y3N",56973444934,"GXQM-9GG","Male"
"9CXH-Y3N",56973444935,"G6DT-VDS","Female"
"KLBT-7F5",56973444936,"99F5-LLM","Male"
"GK3C-RQ8",56973444992,"GK3C-V9N","Male"
"GK3C-RQ8",56973444993,"GK3Z-9QF","Female"
"GJBB-67C",56973445000,"GZWD-L2X","Male"
"GJBB-67C",56973445001,"GZ5D-S1J","Female"
"LC74-16M",56973445002,"GQMG-XST","Male"
"LC74-16M",56973445003,"GKTZ-P6Q","Female"
"GMRF-W24",56973445008,"L66M-B9X","Male"
"GMRF-W24",56973445009,"GZ7Y-JDR","Female"
"G78V-MLT",56973445010,"G7JP-8SN","Male"
"G78V-MLT",56973445011,"9QQG-WTK","Female"
"G996-N4V",56973445020,"GG31-9JK","Male"
"G996-N4V",56973445021,"G4RC-Y22","Female"
"GKYN-VDN",56973445022,"GXGS-JGW","Male"
"GKYN-VDN",56973445023,"L8T9-YR8","Female"
"GX31-L75",56973445060,"GMQG-4LK","Male"
"GX31-L75",56973445061,"G9PS-BD7","Female"
"9CXH-Y3N",56973445062,"GXQM-9GG","Male"
"9CXH-Y3N",56973445063,"G6DT-VDS","Female"
"KLBT-7F5",56973445064,"99F5-LLM","Male"
"GMNK-L5K",56973445120,"LV7Z-48M","Male"
"GMNK-L5K",56973445121,"GMGY-CN4","Female"
"GN9H-V51",56973445128,"GHCS-G6Q","Male"
"GN9H-V51",56973445129,"GN9D-2BS","Female"
"L1RC-7P1",56973445640,"G2VR-PH7","Male"
"L1RC-7P1",56973445641,"LZKK-97Y","Female"
"GVXK-LVZ",56973445642,"GZNX-VK7","Male"
"L1Q8-65G",56973445644,"L1Z8-522","Male"
"L1Q8-65G",56973445645,"L1S4-4N9","Female"
"MXWH-HJ8",56973445646,"LDW5-FB6","Male"
"MXWH-HJ8",56973445647,"LDW5-N39","Female"
"GL31-TXN",56973445712,"GL31-4LN","Male"
"GGLV-BC8",56973445716,"9CMJ-55Z","Male"
"GGLV-BC8",56973445717,"GX3T-MMR","Female"
"GGLK-JTQ",56973445718,"GLQJ-JGX","Male"
"LZX1-5V4",56973445744,"GGWK-2MD","Male"
"LZX1-5V4",56973445745,"G3NC-76M","Female"
"LTXH-NRG",56973445748,"LZDD-C76","Male"
"LTXH-NRG",56973445749,"GZDS-SGH","Female"
"KCYQ-4KB",56973445760,"KN41-W4K","Male"
"KCYQ-4KB",56973445761,"GHW9-H2K","Female"
"KCZS-XR3",56973445762,"GK38-Y9B","Male"
"KCZS-XR3",56973445763,"2HKB-232","Female"
"L6QR-HFS",56973445764,"GC8V-WKG","Male"
"G8CR-LKW",56973445776,"L66G-8WY","Male"
"G8CR-LKW",56973445777,"G2DX-1D8","Female"
"GG91-G9X",56973445778,"GGSM-GHK","Male"
"GG91-G9X",56973445779,"GGS9-79T","Female"
"G2LJ-GKX",56973445780,"G21N-8R5","Male"
"G2LJ-GKX",56973445781,"GL8J-GLM","Female"
"MCM9-23J",56973445792,"G64P-CS9","Male"
"MCM9-23J",56973445793,"GWW9-FF7","Female"
"GC3R-3ZT",56973445794,"G9TY-LWF","Male"
"GC3R-3ZT",56973445795,"G2SW-8CY","Female"
"MK81-H6Q",56973445796,"MJKW-QWB","Male"
"MK81-H6Q",56973445797,"GH7Z-LZB","Female"
"GJ9M-QG8",56973445798,"GGKV-8N4","Male"
"GJ9M-QG8",56973445799,"GGKV-JPY","Female"
"G2X6-381",56973445808,"L1RC-7P1","Male"
"G2X6-381",56973445809,"GVXK-LVZ","Female"
"GDFH-6RG",56973445810,"L1Q8-65G","Male"
"GDFH-6RG",56973445811,"MXWH-HJ8","Female"
"G6S3-6MH",56973445812,"G7R5-9TN","Male"
"G6S3-6MH",56973445813,"G2L8-X7J","Female"
"GDFH-6RG",56973445814,"L1Q8-65G","Male"
"GDFH-6RG",56973445815,"MXWH-HJ8","Female"
"M3C2-XWW",56973445816,"KHQ1-JT1","Male"
"M3C2-XWW",56973445817,"29YV-ZPM","Female"
"G693-PH1",56973445818,"GGK3-XW9","Male"
"G693-PH1",56973445819,"G6CT-D2B","Female"
"G6KT-JDL",56973449216,"GJFJ-LD3","Male"
"G6KT-JDL",56973449217,"GJFJ-R53","Female"
"L26B-J1K",56973449232,"GK5H-7Z1","Male"
"G6P8-77Y",56973449264,"GFM3-RQK","Male"
"G2VR-PH7",56973449360,"L1R3-QH7","Male"
"G2VR-PH7",56973449361,"G7FT-2RB","Female"
"LZKK-97Y",56973449362,"L18B-R3G","Male"
"LZKK-97Y",56973449363,"KDQH-DJG","Female"
"M8NQ-LCW",56973449472,"GXGS-JGW","Male"
"M8NQ-LCW",56973449473,"L8T9-YR8","Female"
"GGLY-4XK",56973449476,"GWLX-P5N","Male"
"GGLY-4XK",56973449477,"GQG3-8CV","Female"
"GH19-LXC",56973449540,"LBLG-5CT","Male"
"GH19-LXC",56973449541,"GQ9G-3D8","Female"
"G6TB-31X",56973449560,"GMWF-KJJ","Male"
"G6TB-31X",56973449561,"GXCT-F4W","Female"
"LYLM-S7Z",56973449564,"LBHF-7BS","Male"
"LYLM-S7Z",56973449565,"LH57-X9D","Female"
"GZZ5-RJJ",56973449566,"GZZ5-GZ3","Male"
"GH19-LXC",56973449568,"LBLG-5CT","Male"
"GH19-LXC",56973449569,"GQ9G-3D8","Female"
"LYLM-QL3",56973449600,"LYGW-LM2","Male"
"M8NQ-LCW",56973449656,"GXGS-JGW","Male"
"M8NQ-LCW",56973449657,"L8T9-YR8","Female"
"LBGV-H99",56973449660,"MZ68-VKD","Male"
"LBGV-H99",56973449661,"LY72-MRC","Female"
"L8BS-QXY",56973449662,"LDSS-ZCS","Male"
"L8BS-QXY",56973449663,"LBDX-4LG","Female"
"GGRT-P39",56973451648,"9SRR-6JH","Male"
"LT6S-Z2W",56973451652,"LY1Q-F7D","Male"
"LT6S-Z2W",56973451653,"G6VH-KZ9","Female"
"GHZ4-N53",56973451654,"G25F-HH4","Male"
"GHZ4-N53",56973451655,"G25F-8MV","Female"
"GJSX-X7J",56973451656,"GL31-TXN","Male"
"GXQM-W75",56973451658,"GGLV-BC8","Male"
"GXQM-W75",56973451659,"GGLK-JTQ","Female"
"L2DW-2N6",56973451781,"GH2N-8CJ","Female"
"L23B-SML",56973451808,"949V-45K","Male"
"L23B-SML",56973451809,"LZJG-KGB","Female"
"93RB-1XB",56973451810,"GXDT-KYN","Male"
"93RB-1XB",56973451811,"GXDY-7MJ","Female"
"GHDX-6HK",56973451812,"G8S1-LJR","Male"
"GHDX-6HK",56973451813,"GCML-D6R","Female"
"GX77-TS3",56973451814,"GVX1-XXB","Male"
"GX77-TS3",56973451815,"LYR8-2CF","Female"
"LYPR-VX5",56973451824,"GD65-2F2","Male"
"LYPR-VX5",56973451825,"KNSN-3NT","Female"
"LY6D-WK1",56973451826,"LT8Q-95L","Male"
"LY6D-WK1",56973451827,"G63V-9WW","Female"
"LY6D-VDY",56973451828,"KFRR-NHN","Male"
"LY6D-VDY",56973451829,"9QQN-L3P","Female"
"LY6D-V66",56973451830,"LVVK-HVJ","Male"
"LY6D-V66",56973451831,"GX26-XRJ","Female"
"GGD2-2YK",56973451968,"GGDL-M4Y","Male"
"GDK2-RRK",56973452032,"GDK2-5PF","Male"
"GDK2-RRK",56973452033,"GKWY-6Y5","Female"
"GDK2-RRK",56973452176,"GDK2-5PF","Male"
"GDK2-RRK",56973452177,"GKWY-6Y5","Female"
"GL31-4LN",56973452320,"GLQM-3ZD","Male"
"9CMJ-55Z",56973452328,"GGL1-N2C","Male"
"9CMJ-55Z",56973452329,"LBST-K27","Female"
"GGWK-2MD",56973452384,"LZLW-S8X","Male"
"GGWK-2MD",56973452385,"LZLW-SZN","Female"
"G3NC-76M",56973452386,"9H86-LW4","Male"
"G3NC-76M",56973452387,"L1Z8-WDP","Female"
"LZDD-C76",56973452392,"GGFC-X5N","Male"
"LZDD-C76",56973452393,"LRS7-QHK","Female"
"GZDS-SGH",56973452394,"LZZ4-564","Male"
"GZDS-SGH",56973452395,"MHNN-NW9","Female"
"GGRT-P39",56973452672,"9SRR-6JH","Male"
"LT6S-Z2W",56973452676,"LY1Q-F7D","Male"
"LT6S-Z2W",56973452677,"G6VH-KZ9","Female"
"GHZ4-N53",56973452678,"G25F-HH4","Male"
"GHZ4-N53",56973452679,"G25F-8MV","Female"
"GJSX-X7J",56973452680,"GL31-TXN","Male"
"GXQM-W75",56973452682,"GGLV-BC8","Male"
"GXQM-W75",56973452683,"GGLK-JTQ","Female"
"L1RC-7P1",56973452808,"G2VR-PH7","Male"
"L1RC-7P1",56973452809,"LZKK-97Y","Female"
"GVXK-LVZ",56973452810,"GZNX-VK7","Male"
"L1Q8-65G",56973452812,"L1Z8-522","Male"
"L1Q8-65G",56973452813,"L1S4-4N9","Female"
"MXWH-HJ8",56973452814,"LDW5-FB6","Male"
"MXWH-HJ8",56973452815,"LDW5-N39","Female"
"GL31-TXN",56973452880,"GL31-4LN","Male"
"GGLV-BC8",56973452884,"9CMJ-55Z","Male"
"GGLV-BC8",56973452885,"GX3T-MMR","Female"
"GGLK-JTQ",56973452886,"GLQJ-JGX","Male"
"LZX1-5V4",56973452912,"GGWK-2MD","Male"
"LZX1-5V4",56973452913,"G3NC-76M","Female"
"LTXH-NRG",56973452916,"LZDD-C76","Male"
"LTXH-NRG",56973452917,"GZDS-SGH","Female"
"KCYQ-4KB",56973452928,"KN41-W4K","Male"
"KCYQ-4KB",56973452929,"GHW9-H2K","Female"
"KCZS-XR3",56973452930,"GK38-Y9B","Male"
"KCZS-XR3",56973452931,"2HKB-232","Female"
"L6QR-HFS",56973452932,"GC8V-WKG","Male"
"G8CR-LKW",56973452944,"L66G-8WY","Male"
"G8CR-LKW",56973452945,"G2DX-1D8","Female"
"GG91-G9X",56973452946,"GGSM-GHK","Male"
"GG91-G9X",56973452947,"GGS9-79T","Female"
"G2LJ-GKX",56973452948,"G21N-8R5","Male"
"G2LJ-GKX",56973452949,"GL8J-GLM","Female"
"MCM9-23J",56973452960,"G64P-CS9","Male"
"MCM9-23J",56973452961,"GWW9-FF7","Female"
"GC3R-3ZT",56973452962,"G9TY-LWF","Male"
"GC3R-3ZT",56973452963,"G2SW-8CY","Female"
"MK81-H6Q",56973452964,"MJKW-QWB","Male"
"MK81-H6Q",56973452965,"GH7Z-LZB","Female"
"GJ9M-QG8",56973452966,"GGKV-8N4","Male"
"GJ9M-QG8",56973452967,"GGKV-JPY","Female"
"G2X6-381",56973452976,"L1RC-7P1","Male"
"G2X6-381",56973452977,"GVXK-LVZ","Female"
"GDFH-6RG",56973452978,"L1Q8-65G","Male"
"GDFH-6RG",56973452979,"MXWH-HJ8","Female"
"G6S3-6MH",56973452980,"G7R5-9TN","Male"
"G6S3-6MH",56973452981,"G2L8-X7J","Female"
"GDFH-6RG",56973452982,"L1Q8-65G","Male"
"GDFH-6RG",56973452983,"MXWH-HJ8","Female"
"M3C2-XWW",56973452984,"KHQ1-JT1","Male"
"M3C2-XWW",56973452985,"29YV-ZPM","Female"
"G693-PH1",56973452986,"GGK3-XW9","Male"
"G693-PH1",56973452987,"G6CT-D2B","Female"
"M9L6-6YN",56973453104,"K84R-TMS","Male"
"M9L6-6YN",56973453105,"GGGW-RYH","Female"
"2MYM-NS1",56973453106,"LTF2-JTC","Male"
"2MYM-NS1",56973453107,"LKNM-HR3","Female"
"LBSY-43P",56973453108,"L619-MQH","Male"
"LBSY-43P",56973453109,"GK8M-8WF","Female"
"L8M6-YWJ",56973453110,"LDSS-ZMW","Male"
"L8M6-YWJ",56973453111,"LDSS-ZMD","Female"
"GFPR-TPD",56973453112,"G2NN-KBR","Male"
"GFPR-TPD",56973453113,"G2NJ-QX1","Female"
"GXNJ-MB2",56973453114,"LBKR-92G","Male"
"GXNJ-MB2",56973453115,"GFPY-73D","Female"
"29TB-Z2R",56973453117,"MVX3-57J","Female"
"KLXB-KKN",56973453118,"L2Y4-PFW","Male"
"KLXB-KKN",56973453119,"GDBL-R24","Female"
"GDLZ-HKD",56973453200,"K1WK-N6P","Male"
"GDLZ-HKD",56973453201,"GJK2-FPZ","Female"
"GLTR-YDK",56973453216,"GLB6-MQV","Male"
"GLB1-8LR",56973453218,"GMNX-JGH","Male"
"GLB1-8LR",56973453219,"L2SF-BXZ","Female"
"M1W5-BFF",56973453220,"9376-JCH","Male"
"M1W5-BFF",56973453221,"9HVH-9GD","Female"
"LBM7-XLR",56973453228,"GN1K-X6S","Male"
"LBM7-XLR",56973453229,"G2ZJ-FVP","Female"
"LDSR-1Y7",56973453230,"G7X3-T3S","Male"
"LDSR-1Y7",56973453231,"GNHC-9DJ","Female"
"GDLZ-HKD",56973453248,"K1WK-N6P","Male"
"GDLZ-HKD",56973453249,"GJK2-FPZ","Female"
"LZND-WC8",56973453568,"GW5C-MJ1","Male"
"LZND-WC8",56973453569,"93HC-RM1","Female"
"49ZF-5DR",56973453570,"LZGX-NYL","Male"
"49ZF-5DR",56973453571,"G3MQ-3C9","Female"
"GD1G-85M",56973453824,"GFSC-C86","Male"
"GD1G-85M",56973453825,"GFYR-W53","Female"
"LRHD-9QV",56973453952,"GHXK-4CC","Male"
"LRHD-9QV",56973453953,"LDT7-TQR","Female"
"LB28-GGJ",56973453954,"KJWK-J9N","Male"
"LB28-GGJ",56973453955,"GZZ1-RZC","Female"
"9MH5-2Q7",56973454336,"GD7W-JS7","Male"
"9MH5-2Q7",56973454337,"GD7W-NSX","Female"
"M1W5-BFF",56973454340,"9376-JCH","Male"
"M1W5-BFF",56973454341,"9HVH-9GD","Female"
"9CW5-JNL",56973454342,"GG3M-7JP","Male"
"9CW5-JNL",56973454343,"GG3M-7PG","Female"
"G96M-2XD",56973454344,"GKQ6-LR7","Male"
"G96M-2XD",56973454345,"G75T-4S3","Female"
"G6H4-KLQ",56973454346,"GXMZ-J8Y","Male"
"G6H4-KLQ",56973454347,"GXMZ-NT3","Female"
"GHV2-LYR",56973455040,"GGRT-P39","Male"
"GHV2-LYR",56973455041,"GGRT-2DC","Female"
"MSKP-MLZ",56973455042,"LT6S-Z2W","Male"
"MSKP-MLZ",56973455043,"GHZ4-N53","Female"
"GM3R-1WB",56973455044,"GJSX-X7J","Male"
"GM3R-1WB",56973455045,"GXQM-W75","Female"
"KN1L-DV3",56973455072,"GMQN-PK2","Male"
"G2VR-PH7",56973455104,"L1R3-QH7","Male"
"G2VR-PH7",56973455105,"G7FT-2RB","Female"
"LZKK-97Y",56973455106,"L18B-R3G","Male"
"LZKK-97Y",56973455107,"KDQH-DJG","Female"
"L1Z8-522",56973455112,"99Y7-MCD","Male"
"L1Z8-522",56973455113,"LBKM-9MP","Female"
"L1S4-4N9",56973455114,"L1QG-G8M","Male"
"L1S4-4N9",56973455115,"LD97-QLP","Female"
"LDW5-FB6",56973455116,"LDW5-66P","Male"
"LDW5-FB6",56973455117,"LDW5-623","Female"
"LDW5-N39",56973455118,"KCXK-S69","Male"
"LDW5-N39",56973455119,"GJR2-7VD","Female"
"L1Z8-522",56973455128,"99Y7-MCD","Male"
"L1Z8-522",56973455129,"LBKM-9MP","Female"
"L1S4-4N9",56973455130,"L1QG-G8M","Male"
"L1S4-4N9",56973455131,"LD97-QLP","Female"
"LDW5-FB6",56973455132,"LDW5-66P","Male"
"LDW5-FB6",56973455133,"LDW5-623","Female"
"LDW5-N39",56973455134,"KCXK-S69","Male"
"LDW5-N39",56973455135,"GJR2-7VD","Female"
"G3XY-MRY",56973455136,"GV6P-CHQ","Male"
"G3XY-MRY",56973455137,"GV6P-X41","Female"
"L22Z-JM6",56973455138,"GGK3-2DT","Male"
"L22Z-JM6",56973455139,"GGKQ-7HZ","Female"
"9HGP-DBV",56973455200,"GDLQ-MX5","Male"
"9HGP-DBV",56973455201,"LY72-MRC","Female"
"LXWD-248",56973455202,"GXGS-JGW","Male"
"LXWD-248",56973455203,"L8T9-YR8","Female"
"KX2S-NX6",56973455204,"LCCR-Z5Z","Male"
"KX2S-NX6",56973455205,"G215-J1Y","Female"
"M9QY-6V5",56973455206,"9CWM-CC2","Male"
"M9QY-6V5",56973455207,"LY27-P3Z","Female"
"2Z9Z-RJP",56973455208,"G6XD-MWZ","Male"
"2Z9Z-RJP",56973455209,"9CX7-1V2","Female"
"J3G8-FH6",56973455210,"LCP2-X2D","Male"
"J3G8-FH6",56973455211,"GD6C-DCT","Female"
"GD2Y-F8L",56973455212,"GM18-WQW","Male"
"GD2Y-F8L",56973455213,"MN9J-R3P","Female"
"GH19-LXC",56973455216,"LBLG-5CT","Male"
"GH19-LXC",56973455217,"GQ9G-3D8","Female"
"9CX7-8SB",56973455232,"GHLG-7G8","Male"
"9CX7-8SB",56973455233,"GKNC-JY6","Female"
"GHXF-392",56973455248,"K1T8-C3G","Male"
"GHXF-392",56973455249,"LZGR-FC8","Female"
"9Q3R-16G",56973455296,"KFFD-FVJ","Male"
"9Q3R-16G",56973455297,"L4TC-5J4","Female"
"L5T6-8LB",56973455298,"G2VL-3Y8","Male"
"L5T6-8LB",56973455299,"LBYM-G6M","Female"
"LBQ5-KXT",56973455300,"9WC7-HXQ","Male"
"LBQ5-KXT",56973455301,"LDSS-ZMJ","Female"
"LY1D-R4J",56973455302,"LY1D-RHM","Male"
"LY1D-R4J",56973455303,"LT7P-H65","Female"
"LZXN-K7L",56973455328,"GJ15-2NP","Male"
"LZXN-K7L",56973455329,"LZGK-6BD","Female"
"G95Q-XJK",56973455330,"9CHV-B26","Male"
"G95Q-XJK",56973455331,"LZ2Z-ZZ8","Female"
"9HPD-Z18",56973455332,"KJW1-J7M","Male"
"9HPD-Z18",56973455333,"LC3N-52R","Female"
"9CZ7-PW4",56973455334,"KHGK-FT4","Male"
"9CZ7-PW4",56973455335,"GZLL-ZY9","Female"
"KX2S-NX6",56973455336,"LCCR-Z5Z","Male"
"KX2S-NX6",56973455337,"G215-J1Y","Female"
"M9QY-6V5",56973455338,"9CWM-CC2","Male"
"M9QY-6V5",56973455339,"LY27-P3Z","Female"
"9HPD-Z18",56973455340,"KJW1-J7M","Male"
"9HPD-Z18",56973455341,"LC3N-52R","Female"
"9CZ7-PW4",56973455342,"KHGK-FT4","Male"
"9CZ7-PW4",56973455343,"GZLL-ZY9","Female"
"KHGK-FT4",56973455344,"M9L6-6YN","Male"
"KHGK-FT4",56973455345,"2MYM-NS1","Female"
"GZLL-ZY9",56973455346,"GD4S-KVF","Male"
"GZLL-ZY9",56973455347,"GX7F-TKC","Female"
"LZK6-P8K",56973455348,"LH86-HY5","Male"
"LZK6-P8K",56973455349,"GZRV-4MX","Female"
"2YGB-N2M",56973455350,"GN38-JJY","Male"
"2YGB-N2M",56973455351,"GN38-YJ6","Female"
"GF87-QNQ",56973455352,"G29L-DN9","Male"
"GF87-QNQ",56973455353,"G29L-DM9","Female"
"9WMP-NNQ",56973860928,"99PT-NTZ","Male"
"9WMP-NNQ",56973860929,"G98Z-6RZ","Female"
"945D-J9Y",56973860930,"LZ9M-HWG","Male"
"945D-J9Y",56973860931,"9M85-YGM","Female"
"G2GG-LMB",56973860934,"GL9G-LHS","Male"
"G2GG-LMB",56973860935,"GL9P-4CW","Female"
"GLBC-P5G",56973860936,"GLBZ-SKW","Male"
"GLBC-P5G",56973860937,"GLB8-CHV","Female"
"GLB8-DJ1",56973860938,"GLB8-DVW","Male"
"GLB8-DJ1",56973860939,"GLB8-N4P","Female"
"LZPK-P7H",56973860944,"G84G-L58","Male"
"GN4S-LXY",56973860947,"LHTH-XJT","Female"
"L8YY-PH5",56973860948,"L8YG-8PB","Male"
"L8YY-PH5",56973860949,"G7B5-SX2","Female"
"KFX1-BZD",56973860950,"9C72-WGJ","Male"
"KFX1-BZD",56973860951,"9CZV-2KJ","Female"
"GX7F-1V3",56973860952,"G295-8J1","Male"
"GX7F-1V3",56973860953,"GLXM-M9K","Female"
"L179-W5T",56973860954,"KT4G-S84","Male"
"L179-W5T",56973860955,"GLMZ-NCG","Female"
"LZPK-K9R",56973860956,"G8JC-LL8","Male"
"LZPK-K9R",56973860957,"GZJN-PZF","Female"
"GMNF-CHM",56973860958,"GF6B-6SS","Male"
"GMNF-CHM",56973860959,"GF6Y-2KY","Female"
"GZ49-QNV",56973860960,"GKVJ-69Y","Male"
"GZ49-QNV",56973860961,"G2GG-V2Y","Female"
"GX7F-YKZ",56973860962,"GLBZ-FVT","Male"
"GX7F-YKZ",56973860963,"GLB8-4LY","Female"
"MBGG-7NP",56973860964,"LZ9M-HWG","Male"
"MBGG-7NP",56973860965,"9M85-YGM","Female"
"LD9R-SHL",56973860966,"21JJ-KNR","Male"
"LD9R-SHL",56973860967,"GZL8-6WN","Female"
"LBQ5-2VD",56973860968,"LYSP-4NJ","Male"
"LBQ5-2VD",56973860969,"GSJT-G73","Female"
"LV4T-49Z",56973860970,"LT8S-7LJ","Male"
"LV4T-49Z",56973860971,"9WR2-VLV","Female"
"G83G-BCN",56973860972,"GXVP-5Q2","Male"
"G83G-BCN",56973860973,"GVS5-WKQ","Female"
"LYSG-SY9",56973860974,"LJG4-5YW","Male"
"LYSG-SY9",56973860975,"GH91-DSB","Female"
"G29H-924",56973862912,"LT86-JTH","Male"
"G29H-924",56973862913,"L8Y9-1V8","Female"
"LVCB-RYJ",56973869056,"GDPN-6S9","Male"
"MJBR-3V4",56973869154,"L6VV-JDT","Male"
"MJBR-3V4",56973869155,"99QT-MCB","Female"
"GLT8-596",56973869156,"KFPX-KY8","Male"
"GLT8-596",56973869157,"LZX2-BDJ","Female"
"G9P6-CHT",56973876352,"LBKM-2H9","Male"
"G9P6-CHT",56973876353,"LBDY-3J8","Female"
"LVC7-ZZX",56973876354,"GXQR-YJV","Male"
"LVC7-ZZX",56973876355,"G2YW-5YF","Female"
"GSDL-H28",56973876356,"GZ8C-5T9","Male"
"GSDL-H28",56973876357,"G785-H9L","Female"
"G8WB-KGZ",56973876360,"GZ1P-VXC","Male"
"G8WB-KGZ",56973876361,"LVY6-XD9","Female"
"G8W1-CVW",56973876362,"GGDN-MZ1","Male"
"G8W1-CVW",56973876363,"GGDN-8C2","Female"
"G74Z-6JR",56973876368,"GXTQ-1N1","Male"
"G74Z-6JR",56973876369,"G2BD-KRX","Female"
"GHXQ-RT2",56973876370,"LZFS-BYH","Male"
"GHXQ-RT2",56973876371,"GGSY-X3D","Female"
"GGJQ-L7Y",56973876374,"GVLK-WQW","Male"
"GGJQ-L7Y",56973876375,"GGJ8-2ZH","Female"
"G7L7-K4V",56973876376,"GJN4-XTB","Male"
"G7L7-K4V",56973876377,"GVSX-46Q","Female"
"GVMM-WY2",56973876378,"GSD6-K7P","Male"
"GVMM-WY2",56973876379,"G6WQ-WBM","Female"
"LZJX-4WX",56973876380,"G95X-P39","Male"
"LZJX-4WX",56973876381,"GSBX-MD1","Female"
"2ZVG-JS3",56973876382,"L1QG-G8M","Male"
"2ZVG-JS3",56973876383,"LD97-QLP","Female"
"KNQ6-9ZF",56973876421,"GGM3-KZW","Female"
"LDS9-GTK",56973876424,"9HTX-2CD","Male"
"LDS9-GTK",56973876425,"G39Q-HBK","Female"
"GMN3-7TX",56973876426,"L7LR-RWX","Male"
"GMN3-7TX",56973876427,"GKGZ-365","Female"
"LT83-QKS",56973876440,"GZ2L-M6L","Male"
"LT83-QKS",56973876441,"LBTR-BTW","Female"
"GDG2-NJC",56973876442,"G6RN-4Y7","Male"
"GDG2-NJC",56973876443,"GFPT-S5P","Female"
"G9M5-FF1",56973876444,"LY9D-2F8","Male"
"G9M5-FF1",56973876445,"L28D-TJH","Female"
"GN9F-M6Q",56973876446,"GJTS-3TP","Male"
"GN9F-M6Q",56973876447,"GN15-LRT","Female"
"GGDL-4BP",56973876992,"GGDL-Z3X","Male"
"9HTX-2CD",56973877272,"9HRG-JDL","Male"
"9HTX-2CD",56973877273,"LDH1-G9D","Female"
"G39Q-HBK",56973877274,"KX2S-NWF","Male"
"G39Q-HBK",56973877275,"L7GV-KKS","Female"
"LC3F-X4D",56973877296,"G7JG-81Y","Male"
"LC3F-X4D",56973877297,"GPMZ-R62","Female"
"GZPW-9T8",56973877648,"GVXT-MZG","Male"
"GZPW-9T8",56973877649,"LV8V-H4X","Female"
"G27G-J45",56973877650,"GKWF-SCL","Male"
"G27G-J45",56973877651,"GD2R-LLD","Female"
"949J-G8K",56973877652,"G3LH-DG9","Male"
"GGRJ-B45",56973877654,"G6GQ-R3F","Male"
"GGRJ-B45",56973877655,"G8R7-2L1","Female"
"L18B-R3G",56973877656,"G2TZ-96Y","Male"
"L18B-R3G",56973877657,"G2T8-97Z","Female"
"KDQH-DJG",56973877658,"L1DD-JMP","Male"
"KDQH-DJG",56973877659,"9WY9-HRJ","Female"
"LD9R-5G3",56973877660,"LD9R-RCZ","Male"
"LD9R-5G3",56973877661,"MBWQ-SF3","Female"
"M897-QTS",56973877662,"L1R3-QH7","Male"
"M897-QTS",56973877663,"M33Z-FHV","Female"
"G2WT-41W",56973877664,"G3M5-XM2","Male"
"G2WT-41W",56973877665,"GGJN-2MN","Female"
"GVSF-K9H",56973877666,"GJLD-SDG","Male"
"LD9R-RCZ",56973877680,"GGT6-NYC","Male"
"LD9R-RCZ",56973877681,"GGTD-5CG","Female"
"MBWQ-SF3",56973877682,"LH3J-XVF","Male"
"MBWQ-SF3",56973877683,"KN3T-TR3","Female"
"L1R3-QH7",56973877684,"LD9R-5PH","Male"
"L1R3-QH7",56973877685,"LZM1-YM9","Female"
"M33Z-FHV",56973877686,"GGQ2-T6Y","Male"
"M33Z-FHV",56973877687,"GGQ2-FDK","Female"
"L8R2-SJ9",56973877688,"G21Z-QQG","Male"
"L8R2-SJ9",56973877689,"GZ2N-HCQ","Female"
"LCXP-QW3",56973877690,"99PT-X33","Male"
"LCXP-QW3",56973877691,"G21N-VX4","Female"
"KNQ6-9ZF",56973877701,"GGM3-KZW","Female"
"LDS9-GTK",56973877704,"9HTX-2CD","Male"
"LDS9-GTK",56973877705,"G39Q-HBK","Female"
"GMN3-7TX",56973877706,"L7LR-RWX","Male"
"GMN3-7TX",56973877707,"GKGZ-365","Female"
"LT83-QKS",56973877720,"GZ2L-M6L","Male"
"LT83-QKS",56973877721,"LBTR-BTW","Female"
"GDG2-NJC",56973877722,"G6RN-4Y7","Male"
"GDG2-NJC",56973877723,"GFPT-S5P","Female"
"G9M5-FF1",56973877724,"LY9D-2F8","Male"
"G9M5-FF1",56973877725,"L28D-TJH","Female"
"GN9F-M6Q",56973877726,"GJTS-3TP","Male"
"GN9F-M6Q",56973877727,"GN15-LRT","Female"
"GLTH-SF8",56973877732,"GGKB-FBC","Male"
"GLTH-SF8",56973877733,"GKK9-K98","Female"
"GNBX-9JC",56973877744,"GKCC-1KD","Male"
"GNBX-9JC",56973877745,"G2KS-LP1","Female"
"GFC6-D1X",56973877746,"GGRW-3PW","Male"
"GFC6-D1X",56973877747,"LXSK-QX8","Female"
"GD7G-BVP",56973877748,"GMF5-BSR","Male"
"GD7G-BVP",56973877749,"L1WB-PZW","Female"
"9HG1-CKS",56973877750,"L1W8-W7S","Male"
"9MH5-2Q7",56973877752,"GD7W-JS7","Male"
"9MH5-2Q7",56973877753,"GD7W-NSX","Female"
"M1W5-BFF",56973877756,"9376-JCH","Male"
"M1W5-BFF",56973877757,"9HVH-9GD","Female"
"9CW5-JNL",56973877758,"GG3M-7JP","Male"
"9CW5-JNL",56973877759,"GG3M-7PG","Female"
"G9P6-CHT",56973879424,"LBKM-2H9","Male"
"G9P6-CHT",56973879425,"LBDY-3J8","Female"
"LVC7-ZZX",56973879426,"GXQR-YJV","Male"
"LVC7-ZZX",56973879427,"G2YW-5YF","Female"
"GSDL-H28",56973879428,"GZ8C-5T9","Male"
"GSDL-H28",56973879429,"G785-H9L","Female"
"G8WB-KGZ",56973879432,"GZ1P-VXC","Male"
"G8WB-KGZ",56973879433,"LVY6-XD9","Female"
"G8W1-CVW",56973879434,"GGDN-MZ1","Male"
"G8W1-CVW",56973879435,"GGDN-8C2","Female"
"G74Z-6JR",56973879440,"GXTQ-1N1","Male"
"G74Z-6JR",56973879441,"G2BD-KRX","Female"
"GHXQ-RT2",56973879442,"LZFS-BYH","Male"
"GHXQ-RT2",56973879443,"GGSY-X3D","Female"
"GGJQ-L7Y",56973879446,"GVLK-WQW","Male"
"GGJQ-L7Y",56973879447,"GGJ8-2ZH","Female"
"G7L7-K4V",56973879448,"GJN4-XTB","Male"
"G7L7-K4V",56973879449,"GVSX-46Q","Female"
"GVMM-WY2",56973879450,"GSD6-K7P","Male"
"GVMM-WY2",56973879451,"G6WQ-WBM","Female"
"LZJX-4WX",56973879452,"G95X-P39","Male"
"LZJX-4WX",56973879453,"GSBX-MD1","Female"
"2ZVG-JS3",56973879454,"L1QG-G8M","Male"
"2ZVG-JS3",56973879455,"LD97-QLP","Female"
"KNQ6-9ZF",56973879493,"GGM3-KZW","Female"
"LDS9-GTK",56973879496,"9HTX-2CD","Male"
"LDS9-GTK",56973879497,"G39Q-HBK","Female"
"GMN3-7TX",56973879498,"L7LR-RWX","Male"
"GMN3-7TX",56973879499,"GKGZ-365","Female"
"LT83-QKS",56973879512,"GZ2L-M6L","Male"
"LT83-QKS",56973879513,"LBTR-BTW","Female"
"GDG2-NJC",56973879514,"G6RN-4Y7","Male"
"GDG2-NJC",56973879515,"GFPT-S5P","Female"
"G9M5-FF1",56973879516,"LY9D-2F8","Male"
"G9M5-FF1",56973879517,"L28D-TJH","Female"
"GN9F-M6Q",56973879518,"GJTS-3TP","Male"
"GN9F-M6Q",56973879519,"GN15-LRT","Female"
"GGDL-4BP",56973880064,"GGDL-Z3X","Male"
"G6LT-J5Y",56973882376,"LC3F-X4D","Male"
"G6LT-J5Y",56973882377,"GPMZ-2FZ","Female"
"GMJ6-WLR",56973882400,"GVHQ-12M","Male"
"GMJ6-WLR",56973882401,"L2TV-MF1","Female"
"L2TT-HX5",56973882406,"G7KJ-6J2","Male"
"L2TT-HX5",56973882407,"G7JG-2WT","Female"
"28YJ-Z4N",56973882412,"9HTX-2CD","Male"
"28YJ-Z4N",56973882413,"G39Q-HBK","Female"
"GGGT-9MX",56973882414,"MXVC-BK8","Male"
"LDSS-8LB",56973882416,"LVMF-2JP","Male"
"LDSS-8LB",56973882417,"GW2T-LDK","Female"
"G2RP-CG1",56973882418,"LDSS-D1D","Male"
"G2RP-CG1",56973882419,"GKZ8-SNZ","Female"
"G6LT-J5Y",56973882632,"LC3F-X4D","Male"
"G6LT-J5Y",56973882633,"GPMZ-2FZ","Female"
"GGSV-LFL",56973882656,"GGZD-RQR","Male"
"GGSV-LFL",56973882657,"GL9M-YXL","Female"
"G7YH-3GJ",56973882672,"GV4P-VY5","Male"
"G7YH-3GJ",56973882673,"GGJD-JSR","Female"
"GC45-DB8",56973882674,"GZRK-SFB","Male"
"GC45-DB8",56973882675,"GVSP-WS2","Female"
"LDSS-26H",56973882688,"9W7P-G88","Male"
"LDSS-26H",56973882689,"GLB2-PPV","Female"
"L6SC-CJF",56973882690,"LZVG-MCV","Male"
"L6SC-CJF",56973882691,"LQR5-6N2","Female"
"LZLQ-664",56973882692,"9S9W-MPL","Male"
"LZLQ-664",56973882693,"KFX1-BZD","Female"
"94HZ-CG3",56973882696,"L4Y9-TXB","Male"
"94HZ-CG3",56973882697,"GSX5-T31","Female"
"LDSS-BYY",56973882698,"99PY-ZDF","Male"
"LDSS-BYY",56973882699,"LD97-C7T","Female"
"L8RR-S6X",56973882700,"LYCT-Y9Q","Male"
"L8RR-S6X",56973882701,"L142-WBW","Female"
"L8RR-S6J",56973882702,"K6WN-292","Male"
"L8RR-S6J",56973882703,"2NBQ-VZ5","Female"
"GXD6-NBC",56973882720,"LT83-YRW","Male"
"GXD6-NBC",56973882721,"GCSF-88Q","Female"
"G23C-HT1",56973882728,"29H4-2Y1","Male"
"G23C-HT1",56973882729,"GKZ8-Q9M","Female"
"93LP-LVJ",56973882732,"9S8N-BNB","Male"
"93LP-LVJ",56973882733,"GG6X-7XK","Female"
"LBSF-ZFR",56973882734,"KZSM-RXV","Male"
"LBSF-ZFR",56973882735,"LD9R-RBH","Female"
"LCVR-TFD",56973882736,"GVNC-TFT","Male"
"LCVR-TFD",56973882737,"GNFT-19B","Female"
"9Z4P-BQB",56973882738,"LZLQ-664","Male"
"9Z4P-BQB",56973882739,"GK2Y-MJB","Female"
"LDW2-41W",56973882740,"94HZ-CG3","Male"
"LDW2-41W",56973882741,"LDSS-BYY","Female"
"G4NJ-GVF",56973882742,"L8RR-S6X","Male"
"G4NJ-GVF",56973882743,"L8RR-S6J","Female"
"LD97-CH9",56973882744,"99PY-ZDF","Male"
"LD97-CH9",56973882745,"LD97-C7T","Female"
"KH4Q-2SB",56973882746,"LL43-FM6","Male"
"KH4Q-2SB",56973882747,"9CMJ-R5M","Female"
"94YF-JDG",56973882748,"L15Q-4BH","Male"
"94YF-JDG",56973882749,"LT36-BWL","Female"
"G8WY-6L8",56973882750,"21JJ-KNR","Male"
"G8WY-6L8",56973882751,"GZL8-6WN","Female"
"GQRQ-K79",56973882752,"GQRQ-F8M","Male"
"GQRQ-K79",56973882753,"GGV5-TJN","Female"
"9HYQ-M4G",56973886208,"G7XJ-1LY","Male"
"9HYQ-M4G",56973886209,"GL2J-F24","Female"
"GJGW-QM6",56973886210,"GGL4-859","Male"
"GJGW-QM6",56973886211,"GGL4-6DG","Female"
"LZ19-924",56973886212,"LZF6-M94","Male"
"LZ19-924",56973886213,"GWW8-LWR","Female"
"GL5F-YH1",56973886214,"GGHH-9CK","Male"
"GL5F-YH1",56973886215,"GGHH-4HZ","Female"
"L8RR-4KG",56973886216,"L8WY-72D","Male"
"L8RR-4KG",56973886217,"GZBB-BMJ","Female"
"99QT-MCB",56973886218,"LDSS-KBB","Male"
"99QT-MCB",56973886219,"GLZ3-DZS","Female"
"G792-Y4T",56973886228,"GZ9Q-17G","Male"
"GK5F-4LY",56973886230,"GK5F-8MJ","Male"
"GK5F-4LY",56973886231,"GQ2G-ZP8","Female"
"9HYQ-M4G",56973886336,"G7XJ-1LY","Male"
"9HYQ-M4G",56973886337,"GL2J-F24","Female"
"GJGW-QM6",56973886338,"GGL4-859","Male"
"GJGW-QM6",56973886339,"GGL4-6DG","Female"
"LZ19-924",56973886340,"LZF6-M94","Male"
"LZ19-924",56973886341,"GWW8-LWR","Female"
"GL5F-YH1",56973886342,"GGHH-9CK","Male"
"GL5F-YH1",56973886343,"GGHH-4HZ","Female"
"L8RR-4KG",56973886344,"L8WY-72D","Male"
"L8RR-4KG",56973886345,"GZBB-BMJ","Female"
"99QT-MCB",56973886346,"LDSS-KBB","Male"
"99QT-MCB",56973886347,"GLZ3-DZS","Female"
"G792-Y4T",56973886356,"GZ9Q-17G","Male"
"GK5F-4LY",56973886358,"GK5F-8MJ","Male"
"GK5F-4LY",56973886359,"GQ2G-ZP8","Female"
"G3D6-SCZ",56973888512,"GJP4-M8H","Male"
"G3D6-SCZ",56973888513,"GJ44-S71","Female"
"GN5X-ZS2",56973888518,"GX5X-YX2","Male"
"GXGS-PV6",56973888528,"GLYZ-81C","Male"
"GXGS-PV6",56973888529,"GKLY-HLK","Female"
"G6L9-VNP",56973888530,"GGJK-WWN","Male"
"G6L9-VNP",56973888531,"GLMK-3FQ","Female"
"94HZ-CG3",56973888532,"L4Y9-TXB","Male"
"94HZ-CG3",56973888533,"GSX5-T31","Female"
"LDSS-BYY",56973888534,"99PY-ZDF","Male"
"LDSS-BYY",56973888535,"LD97-C7T","Female"
"GWKF-XY9",56973888544,"G8WB-MGZ","Male"
"GWKF-XY9",56973888545,"GZ11-7D6","Female"
"GWKF-FBF",56973888546,"GV1G-PNW","Male"
"GWKF-FBF",56973888547,"GG1L-1ZJ","Female"
"9HV8-NVS",56973888552,"G9BS-LX8","Male"
"9HV8-NVS",56973888553,"G9B3-97G","Female"
"L2TT-6C2",56973888554,"GJMD-5G3","Male"
"L2TT-6C2",56973888555,"GJM6-MPH","Female"
"GQPW-7XG",56973888568,"GX55-2RX","Male"
"LZGK-GZB",56973888768,"LZ8D-9DK","Male"
"LZGK-GZB",56973888769,"GK9J-9XB","Female"
"MXKR-J9R",56973888770,"9QZD-J5R","Male"
"MXKR-J9R",56973888771,"L18P-6ZG","Female"
"9HTX-2CD",56973888772,"9HRG-JDL","Male"
"9HTX-2CD",56973888773,"LDH1-G9D","Female"
"G39Q-HBK",56973888774,"KX2S-NWF","Male"
"G39Q-HBK",56973888775,"L7GV-KKS","Female"
"GJ6J-KXZ",56973888896,"GCS7-3KJ","Male"
"GJ6J-Q45",56973888904,"GNKW-WY8","Male"
"GJ6J-Q45",56973888905,"GKCC-2JM","Female"
"GKCC-681",56973888906,"GKCC-DDB","Male"
"GKCC-681",56973888907,"GKCC-FW6","Female"
"LDMT-W6R",56973888908,"KJP2-TBR","Male"
"LDMT-W6R",56973888909,"GFN3-DQ5","Female"
"LT83-H6M",56973888910,"GQ59-8LX","Male"
"LT83-H6M",56973888911,"GSCJ-Z9D","Female"
"G6X5-YY5",56973888916,"GD8V-HH5","Male"
"G6X5-YY5",56973888917,"GV6W-PB7","Female"
"M6CX-71W",56973898241,"LVD6-1DN","Female"
"MNGL-KK4",56973898244,"GGSH-C4B","Male"
"MNGL-KK4",56973898245,"L8BM-ZN2","Female"
"MNGL-KK4",56973898248,"GGSH-C4B","Male"
"MNGL-KK4",56973898249,"L8BM-ZN2","Female"
"GV1W-JLQ",56973898250,"GV1S-GZN","Male"
"G8WB-LWT",56973898272,"MNGL-KK4","Male"
"G8WB-LWT",56973898273,"G7DP-SD5","Female"
"G8QM-LJR",56973898274,"MNGL-KK4","Male"
"G8QM-LJR",56973898275,"GL7G-3Z6","Female"
"G8WB-MGZ",56973898276,"G7T1-72X","Male"
"G8WB-MGZ",56973898277,"G7TB-YKK","Female"
"GZ11-7D6",56973898278,"GX7C-LRS","Male"
"GZ11-7D6",56973898279,"GN1M-ZZK","Female"
"GXTQ-FJT",56973898304,"GXTQ-DDQ","Male"
"GXTQ-FJT",56973898305,"L1JY-KRP","Female"
"G7DV-WW9",56973898306,"GJSW-WQQ","Male"
"G7DV-WW9",56973898307,"GJSW-W23","Female"
"LT3S-JDP",56973898308,"GVZS-4T9","Male"
"LT3S-JDP",56973898309,"G8DS-2VT","Female"
"M33Z-XLR",56973898310,"L187-NYR","Male"
"M33Z-XLR",56973898311,"9WQY-MZT","Female"
"G8PM-VTH",56973898312,"GGJD-YRV","Male"
"G8PM-VTH",56973898313,"GGJD-JSR","Female"
"GXND-XPX",56973898328,"G3WT-93Q","Male"
"GXND-XPX",56973898329,"GLQP-L8R","Female"
"GVLV-PTS",56973898330,"G8DJ-NMC","Male"
"GVLV-PTS",56973898331,"GVXS-LH4","Female"
"GSDC-Y9X",56973898336,"GSDZ-QFR","Male"
"GSDC-Y9X",56973898337,"GSDC-B3G","Female"
"LKTX-BFQ",56973898340,"LBZ2-Z7G","Male"
"LKTX-BFQ",56973898341,"LBZ2-46V","Female"
"G7F6-NTQ",56973898344,"GDT6-5JL","Male"
"G6J7-Y68",56973898352,"GZBR-N3R","Male"
"G6J7-Y68",56973898353,"GX1P-TL9","Female"
"LDSK-NZJ",56973898356,"9CXC-BT8","Male"
"LDSK-NZJ",56973898357,"L8MP-T1Y","Female"
"LDSH-S2T",56973898358,"LDSH-S6J","Male"
"LDSH-S2T",56973898359,"KND9-P91","Female"
"LDFZ-8Q1",56973898360,"GJ9M-PR2","Male"
"LDFZ-8Q1",56973898361,"GL14-857","Female"
"LHPZ-VGH",56973898362,"LZLG-V3F","Male"
"LHPZ-VGH",56973898363,"LH6K-2BP","Female"
"9HRG-JDL",56973898528,"LZDH-NFR","Male"
"9HRG-JDL",56973898529,"LD9C-ZGZ","Female"
"GVR7-Q43",56973898536,"G64V-C8T","Male"
"GVR7-Q43",56973898537,"GZ6F-QDM","Female"
"L2DV-WS5",56973898538,"KH35-NFB","Male"
"L2DV-WS5",56973898539,"H4ND-8VF","Female"
"LZK3-LK2",56973898596,"GMMD-GH5","Male"
"LZK3-LK2",56973898597,"G2PL-CYW","Female"
"G6DZ-JKF",56973898600,"GZRV-Z69","Male"
"G6DZ-JKF",56973898601,"G6DZ-KHR","Female"
"GZ8X-GV2",56973898604,"GFK3-MS7","Male"
"GZ8X-GV2",56973898605,"GFPT-WGM","Female"
"G6ZP-B73",56973898606,"LH3L-KQH","Male"
"G6ZP-B73",56973898607,"G692-MWD","Female"
"LCJD-VX6",56973898608,"9ZCB-DSC","Male"
"LCJD-VX6",56973898609,"GG1G-KG2","Female"
"LD9R-RKH",56973898610,"LD9R-RYR","Male"
"LD9R-RKH",56973898611,"M15L-V4Q","Female"
"9WMP-NNQ",56973898612,"99PT-NTZ","Male"
"9WMP-NNQ",56973898613,"G98Z-6RZ","Female"
"945D-J9Y",56973898614,"LZ9M-HWG","Male"
"945D-J9Y",56973898615,"9M85-YGM","Female"
"GZ8X-GV2",56973898616,"GFK3-MS7","Male"
"GZ8X-GV2",56973898617,"GFPT-WGM","Female"
"G6ZP-B73",56973898618,"LH3L-KQH","Male"
"G6ZP-B73",56973898619,"G692-MWD","Female"
"GGDL-D5B",56973900800,"GGD2-K2W","Male"
"GGDL-D5B",56973900801,"GH4Y-RNR","Female"
"MQ3Z-WX9",52968012544,"GVWX-P1M","Male"
"MQ3Z-WX9",52968012545,"GVWX-WKX","Female"
"G7YH-3GJ",52968012928,"GV4P-VY5","Male"
"G7YH-3GJ",52968012929,"GGJD-JSR","Female"
"GC45-DB8",52968012930,"GZRK-SFB","Male"
"GC45-DB8",52968012931,"GVSP-WS2","Female"
"9HTX-2CD",52968013312,"9HRG-JDL","Male"
"9HTX-2CD",52968013313,"LDH1-G9D","Female"
"LZGK-ZV2",52968013318,"LZ1T-YG5","Male"
"LZGK-ZV2",52968013319,"LZZF-5Z1","Female"
"GGG7-Q5M",52968013328,"G6TC-GD8","Male"
"GGG7-Q5M",52968013329,"GGG3-LR4","Female"
"GZL1-BTV",52968013330,"GZVH-K4C","Male"
"GZL1-BTV",52968013331,"GZVH-NJM","Female"
"28YJ-Z4N",52968013340,"9HTX-2CD","Male"
"28YJ-Z4N",52968013341,"G39Q-HBK","Female"
"GGGT-9MX",52968013342,"MXVC-BK8","Male"
"949K-5Q2",52968013344,"949K-PBH","Male"
"KZPV-BQM",52968013364,"L8RR-4KG","Male"
"KZPV-BQM",52968013365,"99QT-MCB","Female"
"M1VS-25N",52968013368,"LDSS-KJ6","Male"
"M1VS-25N",52968013369,"L28D-TJH","Female"
"LDSS-KHY",52968013370,"LYCY-PN6","Male"
"LDSS-KHY",52968013371,"LDSS-KKV","Female"
"LZGQ-LJX",52968013372,"KDQW-JTJ","Male"
"LZGQ-LJX",52968013373,"LDS9-GGV","Female"
"LB9Q-2R2",52968013378,"GL82-ZQM","Male"
"LB9Q-2R2",52968013379,"GG6H-89X","Female"
"GVHW-NRT",52968013416,"GVDF-MGZ","Male"
"GVHW-NRT",52968013417,"GVDX-FF4","Female"
"L2Y4-PVS",52968013424,"L2Y4-PVL","Male"
"L2Y4-PVS",52968013425,"L2Y4-P2R","Female"
"LRHH-6SF",52968013426,"G6F3-ZCG","Male"
"LRHH-6SF",52968013427,"L2Y4-PL7","Female"
"LV57-XVZ",52968013428,"GJGQ-52M","Male"
"LV57-XVZ",52968013429,"GVZ5-JRM","Female"
"GX8W-RVQ",52968013430,"GG9S-NCR","Male"
"GX8W-RVQ",52968013431,"GJ1K-N7N","Female"
"G6PH-CW6",52968013432,"G3Z8-HR7","Male"
"G6PH-CW6",52968013433,"GNQR-554","Female"
"G8W1-NFV",52968013434,"GVP4-6GS","Male"
"G8W1-NFV",52968013435,"GN12-M46","Female"
"LKC4-6WB",52968013436,"GVP4-6GS","Male"
"LKC4-6WB",52968013437,"GN12-M46","Female"
"GGJ6-93F",52968013568,"GVYJ-ZZJ","Male"
"GGJ6-93F",52968013569,"GGR6-9Q1","Female"
"94RZ-9KC",52968013570,"L198-LRM","Male"
"94RZ-9KC",52968013571,"LCFL-9DP","Female"
"L18X-ZNH",52968013572,"9QZD-J5R","Male"
"L18X-ZNH",52968013573,"L18P-6ZG","Female"
"MVL6-5PR",52968013574,"LDW2-RVK","Male"
"MVL6-5PR",52968013575,"LDW2-RVB","Female"
"L1HZ-WR2",52968013576,"LVTD-MDD","Male"
"L1HZ-WR2",52968013577,"GKYX-DNQ","Female"
"KFLG-12B",52968013580,"28YJ-Z4N","Male"
"KFLG-12B",52968013581,"GGGT-9MX","Female"
"M1TN-H75",52968013584,"GQ1S-8Z6","Male"
"M1TN-H75",52968013585,"GL5F-2BT","Female"
"LJ4D-ZCK",52968013589,"GVHV-7WD","Female"
"LJ4D-ZCK",52968013588,"G9G8-ZCS","Male"
"9S1L-ZP2",52968013590,"G6Z5-SS2","Male"
"9S1L-ZP2",52968013591,"GX7W-7JP","Female"
"G87Q-Z3W",52968013592,"LCP2-CGK","Male"
"G87Q-Z3W",52968013593,"L2YT-FJZ","Female"
"GC32-FML",52968013594,"GV9M-XVB","Male"
"GC32-FML",52968013595,"GV94-MVW","Female"
"KDQW-JTJ",52968013600,"9HTX-2CD","Male"
"KDQW-JTJ",52968013601,"G39Q-HBK","Female"
"LDS9-GGV",52968013602,"LZGK-GZB","Male"
"LDS9-GGV",52968013603,"MXKR-J9R","Female"
"L1DD-JMP",52968013604,"GG5W-TJ1","Male"
"L1DD-JMP",52968013605,"GG54-SDF","Female"
"9WY9-HRJ",52968013606,"LZ19-924","Male"
"LD95-VV6",52968013608,"LD95-VVH","Male"
"LD95-VV6",52968013609,"99SD-Z4Q","Female"
"9H2F-HV5",52968013610,"MBGG-7NP","Male"
"9H2F-HV5",52968013611,"LD9R-SHL","Female"
"LD9R-RB7",52968013612,"LD9R-RYR","Male"
"LD9R-RB7",52968013613,"M15L-V4Q","Female"
"LDSS-6H5",52968013614,"L133-HLP","Male"
"LDSS-6H5",52968013615,"KH8N-T92","Female"
"LZS9-ZC2",52968013616,"9HYQ-M4G","Male"
"LZS9-ZC2",52968013617,"GJGW-QM6","Female"
"LZ61-F76",52968013618,"LZ19-924","Male"
"LZ61-F76",52968013619,"GL5F-YH1","Female"
"KNXX-WBQ",52968013624,"LHPZ-9WQ","Male"
"KNXX-WBQ",52968013625,"LCT8-QVQ","Female"
"LDMT-HMZ",52968013628,"L8BY-3VJ","Male"
"LDMT-HMZ",52968013629,"94BP-X4Z","Female"
"LD91-ST3",52968013630,"L8YY-5HK","Male"
"LD91-ST3",52968013631,"L8WB-D2Z","Female"
"9C32-7PC",52968013632,"G7YH-3GJ","Male"
"9C32-7PC",52968013633,"GC45-DB8","Female"
"93LF-J1V",52968013636,"L1HZ-WR2","Male"
"93LF-J1V",52968013637,"MDWC-L73","Female"
"931M-DSZ",52968013638,"KFLG-12B","Male"
"931M-DSZ",52968013639,"M5YG-GGX","Female"
"LDSS-8WS",52968013640,"L7LT-X1D","Male"
"9ZCG-R7L",52968013642,"KZPV-BQM","Male"
"9ZCG-R7L",52968013643,"GG81-W5D","Female"
"LRHH-9JN",52968013644,"M1VS-25N","Male"
"LRHH-9JN",52968013645,"LDSS-KHY","Female"
"LZGK-6BD",52968013646,"LZGQ-LJX","Male"
"LZGK-6BD",52968013647,"GG5V-KXG","Female"
"LM1H-8JF",52968013648,"GL9R-YL9","Male"
"LM1H-8JF",52968013649,"LDHQ-P5F","Female"
"LBDD-T2H",52968013650,"G2G5-WJR","Male"
"LBDD-T2H",52968013651,"G2G5-FT5","Female"
"LYJ2-TZG",52968013652,"LBX8-DDN","Male"
"LYJ2-TZG",52968013653,"LDW2-4JB","Female"
"LYJ2-LF5",52968013654,"M1S9-5V6","Male"
"G95M-WZ9",52968013656,"G6RG-6XQ","Male"
"G95M-WZ9",52968013657,"GKNC-F3X","Female"
"9V7R-KN5",52968013658,"GLXF-42Z","Male"
"9V7R-KN5",52968013659,"GLXF-CH3","Female"
"LDW2-QX1",52968013660,"LH7S-18K","Male"
"LDW2-QX1",52968013661,"LDSV-5Q1","Female"
"99Y7-MCD",52968013664,"KN8N-WHW","Male"
"99Y7-MCD",52968013665,"9SYL-S5H","Female"
"LBKM-9MP",52968013666,"G67W-G57","Male"
"LBKM-9MP",52968013667,"MZHC-RBM","Female"
"L1QG-G8M",52968013668,"LDFZ-8Q1","Male"
"L1QG-G8M",52968013669,"LHPZ-VGH","Female"
"LDW5-66P",52968013672,"LD9R-RB7","Male"
"LDW5-66P",52968013673,"LDSS-6H5","Female"
"LDW5-623",52968013674,"LDMT-HMZ","Male"
"LDW5-623",52968013675,"LD91-ST3","Female"
"KCXK-S69",52968013676,"L8MB-ZMK","Male"
"KCXK-S69",52968013677,"MB1Q-ZWW","Female"
"GJR2-7VD",52968013678,"LDMT-W6R","Male"
"GJR2-7VD",52968013679,"LT83-H6M","Female"
"MKKN-R3H",52968013680,"GG5Y-858","Male"
"9Q6D-L88",52968013682,"GKPX-TG7","Male"
"9Q6D-L88",52968013683,"GN4Z-XZP","Female"
"K417-PHT",52968013684,"LTTZ-YL8","Male"
"K417-PHT",52968013685,"LYSG-SY9","Female"
"9S3D-N8F",52968013686,"9C32-7PC","Male"
"9S3D-N8F",52968013687,"M5YG-GGX","Female"
"GQMG-G62",52968013712,"LDSQ-XRK","Male"
"GQMG-G62",52968013713,"LCFL-9DP","Female"
"GN4C-8ND",52968013714,"L644-9GY","Male"
"GN4C-8ND",52968013715,"KVGF-FPJ","Female"
"LBM7-XLR",52968013724,"GN1K-X6S","Male"
"LBM7-XLR",52968013725,"G2ZJ-FVP","Female"
"LDSR-1Y7",52968013726,"G7X3-T3S","Male"
"LDSR-1Y7",52968013727,"GNHC-9DJ","Female"
"LD9R-RCZ",52968013728,"GGT6-NYC","Male"
"LD9R-RCZ",52968013729,"GGTD-5CG","Female"
"MBWQ-SF3",52968013730,"LH3J-XVF","Male"
"MBWQ-SF3",52968013731,"KN3T-TR3","Female"
"L1R3-QH7",52968013732,"LD9R-5PH","Male"
"L1R3-QH7",52968013733,"LZM1-YM9","Female"
"M33Z-FHV",52968013734,"GGQ2-T6Y","Male"
"M33Z-FHV",52968013735,"GGQ2-FDK","Female"
"GJ15-2NP",52968013736,"G9M5-FF1","Male"
"GJ15-2NP",52968013737,"GN9F-M6Q","Female"
"LYGH-JR3",52968013744,"LD9R-RB7","Male"
"LYGH-JR3",52968013745,"LDSS-6H5","Female"
"L8WY-474",52968013746,"9H19-J7X","Male"
"L8WY-474",52968013747,"9H19-J7B","Female"
"9C8M-C8L",52968013748,"GSXR-ZTK","Male"
"9C8M-C8L",52968013749,"L1B9-5FC","Female"
"GH7W-LP9",52968013750,"G2QK-94H","Male"
"GH7W-LP9",52968013751,"G75J-1J1","Female"
"GSXR-ZTK",52968013752,"GQSM-6LG","Male"
"GSXR-ZTK",52968013753,"G9CZ-RB1","Female"
"L1B9-5FC",52968013754,"L8RK-RPS","Male"
"L1B9-5FC",52968013755,"LJG8-9LJ","Female"
"G2QK-94H",52968013756,"G75J-GMH","Male"
"G2QK-94H",52968013757,"G75J-NFC","Female"
"G75J-1J1",52968013758,"G6SV-M3S","Male"
"G75J-1J1",52968013759,"KH4D-HB7","Female"
"GZPW-9T8",52968013760,"GVXT-MZG","Male"
"GZPW-9T8",52968013761,"LV8V-H4X","Female"
"G27G-J45",52968013762,"GKWF-SCL","Male"
"G27G-J45",52968013763,"GD2R-LLD","Female"
"949J-G8K",52968013764,"G3LH-DG9","Male"
"GGRJ-B45",52968013766,"G6GQ-R3F","Male"
"GGRJ-B45",52968013767,"G8R7-2L1","Female"
"L18B-R3G",52968013768,"G2TZ-96Y","Male"
"L18B-R3G",52968013769,"G2T8-97Z","Female"
"KDQH-DJG",52968013770,"L1DD-JMP","Male"
"KDQH-DJG",52968013771,"9WY9-HRJ","Female"
"LD9R-5G3",52968013772,"LD9R-RCZ","Male"
"LD9R-5G3",52968013773,"MBWQ-SF3","Female"
"M897-QTS",52968013774,"L1R3-QH7","Male"
"M897-QTS",52968013775,"M33Z-FHV","Female"
"LCRQ-733",52968013776,"G8WB-SJY","Male"
"LCRQ-733",52968013777,"GHXF-SCK","Female"
"GXFT-K5G",52968013792,"LCP2-CGK","Male"
"GXFT-K5G",52968013793,"L2YT-FJZ","Female"
"GXFT-52R",52968013794,"9CXH-K9T","Male"
"GXFT-52R",52968013795,"GN9F-58F","Female"
"LHX4-SH2",52968013804,"LT6B-LH4","Male"
"29WQ-BY2",52968013806,"G7YH-3GJ","Male"
"29WQ-BY2",52968013807,"GC45-DB8","Female"
"9QZ9-C18",52968013808,"LZGK-GZB","Male"
"9QZ9-C18",52968013809,"MXKR-J9R","Female"
"LHKK-GP5",52968013810,"9HTX-2CD","Male"
"LHKK-GP5",52968013811,"G39Q-HBK","Female"
"GXDM-JXD",52968013812,"GHD2-HFW","Male"
"GXDM-JXD",52968013813,"GGNF-TFK","Female"
"L85Z-921",52968013814,"LDST-G1M","Male"
"L85Z-921",52968013815,"GSCT-6ST","Female"
"GJ8K-PWG",52968013816,"LDSK-NZJ","Male"
"GJ8K-PWG",52968013817,"LDSH-S2T","Female"
"LJYH-M8G",52968013818,"GW69-B2J","Male"
"LJYH-M8G",52968013819,"GXQD-1QL","Female"
"LDMT-W6R",52968013820,"KJP2-TBR","Male"
"LDMT-W6R",52968013821,"GFN3-DQ5","Female"
"LT83-H6M",52968013822,"GQ59-8LX","Male"
"LT83-H6M",52968013823,"GSCJ-Z9D","Female"
"LYKM-77Q",52968161376,"LTX5-SQZ","Male"
"LYKM-77Q",52968161377,"L5K3-3D7","Female"
"G9KN-N8D",52968161378,"G7PX-SZB","Male"
"G9KN-N8D",52968161379,"GNCF-W7M","Female"
"9Z8X-1VX",52968161400,"L2SG-RHC","Male"
"9Z8X-1VX",52968161401,"GX4P-D1J","Female"
"9Z8X-1VF",52968161402,"9Z4Y-476","Male"
"9Z8X-1VF",52968161403,"G396-J2Q","Female"
"GF19-FN1",52968161472,"GN8R-MPX","Male"
"GF19-FN1",52968161473,"GX5X-6T8","Female"
"G6VJ-24Q",52968161474,"GGV2-1VH","Male"
"G6VJ-24Q",52968161475,"GGKS-WSV","Female"
"GJHN-D6T",52968161476,"GZLK-BC6","Male"
"GJHN-D6T",52968161477,"GX7F-SCJ","Female"
"LJRG-7ST",52968161480,"GN9S-PHK","Male"
"28WM-FQ6",52968161482,"9HV8-NJK","Male"
"28WM-FQ6",52968161483,"GV2T-G5N","Female"
"GDTX-41X",52968161484,"G6Y8-CVK","Male"
"GX4S-QCJ",52968161486,"L8MP-TBP","Male"
"GX4S-QCJ",52968161487,"GQPW-RMC","Female"
"LT3M-GVB",52968181776,"LYKM-77Q","Male"
"LT3M-GVB",52968181777,"G9KN-N8D","Female"
"9CJ7-MYH",52968181788,"9Z8X-1VX","Male"
"9CJ7-MYH",52968181789,"9Z8X-1VF","Female"
"L7LL-FB1",52968181824,"GGJ6-93F","Male"
"L7LL-FB1",52968181825,"94RZ-9KC","Female"
"LZVR-GMG",52968181826,"L18X-ZNH","Male"
"LZVR-GMG",52968181827,"MVL6-5PR","Female"
"93LF-J1V",52968181828,"L1HZ-WR2","Male"
"93LF-J1V",52968181829,"MDWC-L73","Female"
"931M-DSZ",52968181830,"KFLG-12B","Male"
"931M-DSZ",52968181831,"M5YG-GGX","Female"
"LHYG-XJF",52968181832,"M1TN-H75","Male"
"LHYG-XJF",52968181833,"GHRS-RJY","Female"
"GDGW-LRZ",52968181834,"LJ4D-ZCK","Male"
"GDGW-LRZ",52968181835,"9S1L-ZP2","Female"
"2JFF-BQB",52968181836,"G87Q-Z3W","Male"
"2JFF-BQB",52968181837,"GC32-FML","Female"
"K83K-RFX",52968181839,"G2GZ-4JW","Female"
"LZGC-T3V",52968181856,"9HBT-X6S","Male"
"9HNL-VTQ",52968181858,"LT6K-DY9","Male"
"9HNL-VTQ",52968181859,"9HZT-7LN","Female"
"M6HL-7N8",52968181860,"GGP9-PVT","Male"
"48HM-XVK",52968181862,"GGPS-Z3V","Male"
"48HM-XVK",52968181863,"GGPS-W5B","Female"
"M1G9-D88",52968181864,"G4XC-Z25","Male"
"M1G9-D88",52968181865,"GXW3-FM3","Female"
"G6HB-74V",52968181866,"GXQL-V29","Male"
"G6HB-74V",52968181867,"GK96-PTN","Female"
"MRMP-3HL",52968181868,"MQ97-2VC","Male"
"MRMP-3HL",52968181869,"L812-1MZ","Female"
"LZ1V-VQ4",52968181870,"GSWG-DB2","Male"
"LZ1V-VQ4",52968181871,"LBVL-MQ9","Female"
"L19Z-CL1",52968181872,"9S1N-9NW","Male"
"L19Z-CL1",52968181873,"GGG7-ZFW","Female"
"LTRP-RR9",52968181874,"9STQ-HGV","Male"
"LTRP-RR9",52968181875,"GC81-6YM","Female"
"LB2S-YQF",52968181876,"LDGP-6LG","Male"
"LB2S-YQF",52968181877,"KC5N-C3N","Female"
"9SR5-TGZ",52968181878,"LRBK-WPN","Male"
"9SR5-TGZ",52968181879,"9WWL-HYB","Female"
"GJTB-SFG",52968181880,"LCB7-3YS","Male"
"GJTB-SFG",52968181881,"L8T3-L1F","Female"
"G9SD-RC6",52968181882,"LYV5-RQ5","Male"
"G9SD-RC6",52968181883,"L1QP-JJ6","Female"
"97D4-D9M",52968181884,"G9Z2-7RY","Male"
"97D4-D9M",52968181885,"L4BD-6XM","Female"
"9H92-XWD",52968181886,"L528-M9W","Male"
"9H92-XWD",52968181887,"L812-24W","Female"
"MVTT-BLN",52968181904,"G2L1-HJP","Male"
"MVTT-BLN",52968181905,"G2L1-G59","Female"
"LZKD-QGV",52968181953,"LY7K-6FB","Female"
"LD33-387",52968181984,"G2Z2-CKV","Male"
"LD33-387",52968181985,"LB9Q-2R2","Female"
"GLMM-ZVK",52968181986,"G83Y-DRR","Male"
"GLMM-ZVK",52968181987,"G83Y-MFL","Female"
"LCCR-Z5Z",52968182004,"GVHW-NRT","Male"
"LCCR-Z5Z",52968182005,"GKJV-BPC","Female"
"GZ7L-WGP",52968182008,"L2Y4-PVS","Male"
"GZ7L-WGP",52968182009,"LRHH-6SF","Female"
"GCKD-YVB",52968182010,"LV57-XVZ","Male"
"GCKD-YVB",52968182011,"GX8W-RVQ","Female"
"9WQT-DRR",52968182012,"G6PH-CW6","Male"
"9WQT-DRR",52968182013,"G8W1-NFV","Female"
"GHXP-711",52968182014,"LKC4-6WB","Male"
"GHXP-711",52968182015,"LKCH-N9Q","Female"
"GXDM-JXD",52968182796,"GHD2-HFW","Male"
"GXDM-JXD",52968182797,"GGNF-TFK","Female"
"L85Z-921",52968182798,"LDST-G1M","Male"
"L85Z-921",52968182799,"GSCT-6ST","Female"
"KN41-W4K",52968183312,"GNQ6-SVJ","Male"
"KN41-W4K",52968183313,"GHXG-GDB","Female"
"2HKB-232",52968183318,"GC8V-TGR","Male"
"LDJF-P64",52968183360,"GCS9-61S","Male"
"LDJF-P64",52968183361,"GNSZ-KKK","Female"
"L2DW-2N6",52968183365,"GH2N-8CJ","Female"
"LDJF-P64",52968183488,"GCS9-61S","Male"
"LDJF-P64",52968183489,"GNSZ-KKK","Female"
"L2DW-2N6",52968183493,"GH2N-8CJ","Female"
"L89M-VTH",52968183584,"LKT4-7DC","Male"
"L89M-VTH",52968183585,"GC4L-3LR","Female"
"GH11-XJR",52968183586,"GNWG-SJM","Male"
"GH11-XJR",52968183587,"GNWL-149","Female"
"K84R-TMS",52968183680,"LDHB-RRD","Male"
"K84R-TMS",52968183681,"GKVP-QMK","Female"
"LTF2-JTC",52968183684,"9SJJ-97N","Male"
"LTF2-JTC",52968183685,"LZJG-K5N","Female"
"LKNM-HR3",52968183686,"LJ2H-W3S","Male"
"LKNM-HR3",52968183687,"LZ2S-DKM","Female"
"L619-MQH",52968183688,"934P-X69","Male"
"L619-MQH",52968183689,"GLVM-QFF","Female"
"LDSS-ZMW",52968183692,"LDSS-8WS","Male"
"LDSS-ZMW",52968183693,"9ZCG-R7L","Female"
"LDSS-ZMD",52968183694,"LRHH-9JN","Male"
"LDSS-ZMD",52968183695,"LZGK-6BD","Female"
"G2NN-KBR",52968183696,"LD33-387","Male"
"G2NN-KBR",52968183697,"GLMM-ZVK","Female"
"GFPY-73D",52968183702,"GNZM-395","Male"
"GFPY-73D",52968183703,"GL2W-V59","Female"
"MVX3-57J",52968183706,"LCCR-Z5Z","Male"
"MVX3-57J",52968183707,"G215-J1Y","Female"
"L2Y4-PFW",52968183708,"GZ7L-WGP","Male"
"L2Y4-PFW",52968183709,"GCKD-YVB","Female"
"GDBL-R24",52968183710,"9WQT-DRR","Male"
"GDBL-R24",52968183711,"GHXP-711","Female"
"GWMF-GL3",52968183744,"L7LL-FB1","Male"
"GWMF-GL3",52968183745,"LZVR-GMG","Female"
"LDSM-QN8",52968183746,"93LF-J1V","Male"
"LDSM-QN8",52968183747,"931M-DSZ","Female"
"LB4Q-HKB",52968183748,"LHYG-XJF","Male"
"LB4Q-HKB",52968183749,"GDGW-LRZ","Female"
"LZ4V-V9Y",52968183750,"2JFF-BQB","Male"
"LZ4V-V9Y",52968183751,"K83K-RFX","Female"
"9H17-VTZ",52968183752,"LZGQ-LJX","Male"
"9H17-VTZ",52968183753,"KDQH-DJG","Female"
"LY57-55F",52968183754,"GL9R-YL9","Male"
"LY57-55F",52968183755,"LDHQ-P5F","Female"
"KN4J-P1M",52968183756,"K8D7-F5D","Male"
"KN4J-P1M",52968183757,"L8MB-CYC","Female"
"L8M6-YW7",52968183758,"LDZ2-8G7","Male"
"L8M6-YW7",52968183759,"LY6V-8G3","Female"
"9WC7-HXQ",52968183760,"LJB5-Z4Y","Male"
"9WC7-HXQ",52968183761,"29T1-RW8","Female"
"LDSS-ZMJ",52968183762,"LDSS-ZMW","Male"
"LDSS-ZMJ",52968183763,"LDSS-ZMD","Female"
"LY1D-RHM",52968183764,"GH7M-SN1","Male"
"LY1D-RHM",52968183765,"M1TK-CR7","Female"
"LT7P-H65",52968183766,"9CSQ-RVL","Male"
"LT7P-H65",52968183767,"GKNH-2K7","Female"
"L1Q8-65G",52968183768,"L1Z8-522","Male"
"L1Q8-65G",52968183769,"L1S4-4N9","Female"
"MXWH-HJ8",52968183770,"LDW5-FB6","Male"
"MXWH-HJ8",52968183771,"LDW5-N39","Female"
"L8YB-8WZ",52968183772,"M4N1-6BT","Male"
"L8YB-8WZ",52968183773,"L8PY-H7K","Female"
"GFG3-G3F",52968183774,"G8PF-7ZF","Male"
"L133-KLM",52968183780,"LBKB-VP5","Male"
"L133-KLM",52968183781,"29YP-N36","Female"
"LZKN-97G",52968183782,"LHLV-GKQ","Male"
"LZKN-97G",52968183783,"M12G-SFX","Female"
"9C9F-XG2",52968183784,"LD9R-5G3","Male"
"9C9F-XG2",52968183785,"M897-QTS","Female"
"M1HL-BR5",52968183786,"L2RM-X42","Male"
"M1HL-BR5",52968183787,"GK25-59W","Female"
"GMS1-QKF",52968183788,"KZGJ-SQ8","Male"
"GMS1-QKF",52968183789,"L87F-RS8","Female"
"L87F-RS8",52968183790,"9C8M-C8L","Male"
"L87F-RS8",52968183791,"GH7W-LP9","Female"
"LY3P-BPB",52968183792,"9HLK-V6W","Male"
"LY3P-BPB",52968183793,"GGVB-2MK","Female"
"M8X3-52W",52968183794,"9H16-YMP","Male"
"M8X3-52W",52968183795,"L82R-5HJ","Female"
"G25Z-BRS",52968183796,"KL1W-TKC","Male"
"G25Z-BRS",52968183797,"KL1W-TMW","Female"
"MNXJ-QGY",52968183800,"GZB6-RRV","Male"
"MNXJ-QGY",52968183801,"GZS7-11Y","Female"
"LYS8-W39",52968183802,"GXFT-NKS","Male"
"LYS8-W39",52968183803,"GXV2-2CR","Female"
"LKFK-1QD",52968183804,"LDHQ-8F9","Male"
"LKFK-1QD",52968183805,"LZ8G-FWR","Female"
"LBK3-87T",52968183806,"L51Z-XMG","Male"
"LBK3-87T",52968183807,"GJR2-7VD","Female"
"GGKQ-GHD",52968184070,"GXDM-JXD","Male"
"GGKQ-GHD",52968184071,"L85Z-921","Female"
"GDTQ-S2P",52968184104,"GH5Y-9HC","Male"
"GDTQ-S2P",52968184105,"G6TX-KJJ","Female"
"G2LB-FNQ",52968184108,"G7JZ-38S","Male"
"G2LB-FNQ",52968184109,"GGNR-Q7R","Female"
"G6CD-BPD",52968184110,"G6TX-FRV","Male"
"GDTQ-S2P",52968184112,"GH5Y-9HC","Male"
"GDTQ-S2P",52968184113,"G6TX-KJJ","Female"
"G2LB-FNQ",52968184116,"G7JZ-38S","Male"
"G2LB-FNQ",52968184117,"GGNR-Q7R","Female"
"G6CD-BPD",52968184118,"G6TX-FRV","Male"
"28YJ-Z4N",52968199180,"9HTX-2CD","Male"
"28YJ-Z4N",52968199181,"G39Q-HBK","Female"
"GGGT-9MX",52968199182,"MXVC-BK8","Male"
"G6LT-J5Y",52968199192,"LC3F-X4D","Male"
"G6LT-J5Y",52968199193,"GPMZ-2FZ","Female"
"GNSH-WMX",52968199216,"G7NH-CM4","Male"
"GNSH-WMX",52968199217,"G215-VM8","Female"
"K84R-TMS",52968199224,"LDHB-RRD","Male"
"K84R-TMS",52968199225,"GKVP-QMK","Female"
"LTF2-JTC",52968199228,"9SJJ-97N","Male"
"LTF2-JTC",52968199229,"LZJG-K5N","Female"
"LKNM-HR3",52968199230,"LJ2H-W3S","Male"
"LKNM-HR3",52968199231,"LZ2S-DKM","Female"
"GJJR-73S",52968199232,"KCGK-GCQ","Male"
"GJJR-73S",52968199233,"L119-JCF","Female"
"GQ65-ZJP",52968199456,"GK5F-SQ1","Male"
"GQ65-ZJP",52968199457,"GDR1-LHF","Female"
"GJ6J-KXZ",52968199472,"GCS7-3KJ","Male"
"GJ6J-Q45",52968199480,"GNKW-WY8","Male"
"GJ6J-Q45",52968199481,"GKCC-2JM","Female"
"GKCC-681",52968199482,"GKCC-DDB","Male"
"GKCC-681",52968199483,"GKCC-FW6","Female"
"LDMT-W6R",52968199484,"KJP2-TBR","Male"
"LDMT-W6R",52968199485,"GFN3-DQ5","Female"
"LT83-H6M",52968199486,"GQ59-8LX","Male"
"LT83-H6M",52968199487,"GSCJ-Z9D","Female"
"G7H9-MZF",52968199616,"2SFJ-KSH","Male"
"G7H9-MZF",52968199617,"GH6V-72P","Female"
"LKD8-KF5",52968199620,"LV3B-499","Male"
"LKD8-KF5",52968199621,"LKD8-KDY","Female"
"GHDD-32H",52968199622,"G7S4-LCN","Male"
"GHDD-32H",52968199623,"G22W-1PB","Female"
"GW68-4MY",52968199680,"GM8W-XLR","Male"
"LY6L-7XG",52968199684,"G8WB-3VQ","Male"
"LD3L-3K6",52968199712,"LD3L-3L1","Male"
"LD3L-3K6",52968199713,"GVFZ-53C","Female"
"LY6L-7XG",52968199716,"G8WB-3VQ","Male"
"LBXP-QNT",52968199720,"G2VL-4QK","Male"
"LBXP-QNT",52968199721,"G2VL-5VQ","Female"
"LVDZ-CCV",52968199722,"LVZ5-9LT","Male"
"LVDZ-CCV",52968199723,"LTFJ-P8P","Female"
"L1V3-YK5",52968199724,"GZGY-PHB","Male"
"L1V3-YK5",52968199725,"GW2T-W8K","Female"
"GGYW-H1W",52968199727,"GK3M-651","Female"
"GGYW-H1W",52968199726,"G72Y-4GB","Male"
"GMVS-LNN",52968199730,"GJT8-5BS","Male"
"GMVS-LNN",52968199731,"GKPS-37W","Female"
"LH74-HV9",52968199732,"LTQP-NP6","Male"
"LH74-HV9",52968199733,"LD3L-QYY","Female"
"GMVS-K8B",52968199736,"G2F3-2MP","Male"
"99GQ-8S8",52968199738,"937W-Z8H","Male"
"99GQ-8S8",52968199739,"GJPK-4J5","Female"
"G64K-KD8",52968199740,"LB8M-L15","Male"
"G64K-KD8",52968199741,"LDB4-489","Female"
"LTQP-NP6",52968199744,"9HM8-KNP","Male"
"LTQP-NP6",52968199745,"2W31-DF3","Female"
"LHW9-VZ4",52968199748,"L1MT-HC1","Male"
"LHW9-VZ4",52968199749,"GVGZ-DCK","Female"
"LTZK-8QF",52968199752,"LKQV-CL4","Male"
"LTZK-8QF",52968199753,"LKQV-CZ5","Female"
"9CCY-XKF",52968199756,"LHJ1-Z2N","Male"
"9CCY-XKF",52968199757,"9CXH-L2R","Female"
"GV61-F3M",52968199760,"GVS5-FJH","Male"
"GV61-F3M",52968199761,"GK4Q-4RQ","Female"
"9CCY-XKF",52968199764,"LHJ1-Z2N","Male"
"9CCY-XKF",52968199765,"9CXH-L2R","Female"
"LZV5-V2G",52968199768,"L7B5-9CH","Male"
"LZV5-V2G",52968199769,"L27L-XYL","Female"
"G7N6-VX6",52968199772,"LJ5R-TT4","Male"
"G7N6-VX6",52968199773,"G7N6-QRL","Female"
"LD3L-3K6",52968199776,"LD3L-3L1","Male"
"LD3L-3K6",52968199777,"GVFZ-53C","Female"
"LY6L-7XG",52968199780,"G8WB-3VQ","Male"
"LBXP-QNT",52968199784,"G2VL-4QK","Male"
"LBXP-QNT",52968199785,"G2VL-5VQ","Female"
"LVDZ-CCV",52968199786,"LVZ5-9LT","Male"
"LVDZ-CCV",52968199787,"LTFJ-P8P","Female"
"L1V3-YK5",52968199788,"GZGY-PHB","Male"
"L1V3-YK5",52968199789,"GW2T-W8K","Female"
"GGYW-H1W",52968199791,"GK3M-651","Female"
"GGYW-H1W",52968199790,"G72Y-4GB","Male"
"GMVS-LNN",52968199794,"GJT8-5BS","Male"
"GMVS-LNN",52968199795,"GKPS-37W","Female"
"LH74-HV9",52968199796,"LTQP-NP6","Male"
"LH74-HV9",52968199797,"LD3L-QYY","Female"
"GMVS-K8B",52968199800,"G2F3-2MP","Male"
"99GQ-8S8",52968199802,"937W-Z8H","Male"
"99GQ-8S8",52968199803,"GJPK-4J5","Female"
"G64K-KD8",52968199804,"LB8M-L15","Male"
"G64K-KD8",52968199805,"LDB4-489","Female"
"KNQ6-9ZF",52968199941,"GGM3-KZW","Female"
"LDS9-GTK",52968199944,"9HTX-2CD","Male"
"LDS9-GTK",52968199945,"G39Q-HBK","Female"
"GMN3-7TX",52968199946,"L7LR-RWX","Male"
"GMN3-7TX",52968199947,"GKGZ-365","Female"
"LT83-QKS",52968199960,"GZ2L-M6L","Male"
"LT83-QKS",52968199961,"LBTR-BTW","Female"
"GDG2-NJC",52968199962,"G6RN-4Y7","Male"
"GDG2-NJC",52968199963,"GFPT-S5P","Female"
"G9M5-FF1",52968199964,"LY9D-2F8","Male"
"G9M5-FF1",52968199965,"L28D-TJH","Female"
"GN9F-M6Q",52968199966,"GJTS-3TP","Male"
"GN9F-M6Q",52968199967,"GN15-LRT","Female"
"GLTH-SF8",52968199972,"GGKB-FBC","Male"
"GLTH-SF8",52968199973,"GKK9-K98","Female"
"GNBX-9JC",52968199984,"GKCC-1KD","Male"
"GNBX-9JC",52968199985,"G2KS-LP1","Female"
"GFC6-D1X",52968199986,"GGRW-3PW","Male"
"GFC6-D1X",52968199987,"LXSK-QX8","Female"
"GD7G-BVP",52968199988,"GMF5-BSR","Male"
"GD7G-BVP",52968199989,"L1WB-PZW","Female"
"9HG1-CKS",52968199990,"L1W8-W7S","Male"
"9MH5-2Q7",52968199992,"GD7W-JS7","Male"
"9MH5-2Q7",52968199993,"GD7W-NSX","Female"
"M1W5-BFF",52968199996,"9376-JCH","Male"
"M1W5-BFF",52968199997,"9HVH-9GD","Female"
"9CW5-JNL",52968199998,"GG3M-7JP","Male"
"9CW5-JNL",52968199999,"GG3M-7PG","Female"
"GMF5-BSR",52968200000,"GLFD-7MD","Male"
"GMF5-BSR",52968200001,"GGFH-MVX","Female"
"L1WB-PZW",52968200002,"9HTX-2CD","Male"
"L1WB-PZW",52968200003,"L83J-4S6","Female"
"9H27-6Y3",52968200004,"G6LZ-TWJ","Male"
"MWBC-XS5",52968200006,"9ZHQ-5GQ","Male"
"MWBC-XS5",52968200007,"G6R2-BDM","Female"
"K84R-TMS",52968200064,"LDHB-RRD","Male"
"K84R-TMS",52968200065,"GKVP-QMK","Female"
"LTF2-JTC",52968200068,"9SJJ-97N","Male"
"LTF2-JTC",52968200069,"LZJG-K5N","Female"
"LKNM-HR3",52968200070,"LJ2H-W3S","Male"
"LKNM-HR3",52968200071,"LZ2S-DKM","Female"
"L1QD-DXV",52968200072,"GJ2V-WRY","Male"
"L1QD-DXV",52968200073,"G2CN-HW6","Female"
"LD9P-M8N",52968200074,"LD9P-MFB","Male"
"LD9P-M8N",52968200075,"LH6C-VKZ","Female"
"KNDD-84D",52968200080,"L1WT-FRN","Male"
"KNDD-84D",52968200081,"L1WY-QMZ","Female"
"GQQX-89B",52968200082,"LB5R-TH8","Male"
"GQQX-89B",52968200083,"LDHQ-P5F","Female"
"LR6N-PQP",52968200084,"LBJ9-GZ4","Male"
"LR6N-PQP",52968200085,"KZPP-B68","Female"
"LDSS-RGB",52968200086,"L18B-R3G","Male"
"LDSS-RGB",52968200087,"KDQH-DJG","Female"
"LBLP-PPD",52968200094,"G23Z-T5F","Male"
"LBLP-PPD",52968200095,"GFJR-GNC","Female"
"GQRQ-LYV",52968200096,"GQRQ-G6B","Male"
"GQRQ-LYV",52968200097,"GGVR-2KC","Female"
"G6TY-2YB",52968200098,"GXCR-NTD","Male"
"G6TY-2YB",52968200099,"GXCR-22N","Female"
"LZGQ-LJX",52968200128,"KDQW-JTJ","Male"
"LZGQ-LJX",52968200129,"LDS9-GGV","Female"
"KDQH-DJG",52968200130,"L1DD-JMP","Male"
"KDQH-DJG",52968200131,"9WY9-HRJ","Female"
"GL9R-YL9",52968200132,"LD95-VV6","Male"
"GL9R-YL9",52968200133,"9H2F-HV5","Female"
"LDHQ-P5F",52968200134,"LD9R-RB7","Male"
"LDHQ-P5F",52968200135,"LDSS-6H5","Female"
"LD9R-RCZ",52968200152,"GGT6-NYC","Male"
"LD9R-RCZ",52968200153,"GGTD-5CG","Female"
"MBWQ-SF3",52968200154,"LH3J-XVF","Male"
"MBWQ-SF3",52968200155,"KN3T-TR3","Female"
"L1R3-QH7",52968200156,"LD9R-5PH","Male"
"L1R3-QH7",52968200157,"LZM1-YM9","Female"
"M33Z-FHV",52968200158,"GGQ2-T6Y","Male"
"M33Z-FHV",52968200159,"GGQ2-FDK","Female"
"GK5H-W1B",52968200192,"G2D4-3LC","Male"
"GK5H-W1B",52968200193,"GGY9-7ZG","Female"
"LD9R-5PH",52968200768,"L187-NYR","Male"
"LD9R-5PH",52968200769,"9WQY-MZT","Female"
"G2TZ-96Y",52968200776,"GLZJ-1J2","Male"
"L1DD-JMP",52968200780,"GG5W-TJ1","Male"
"L1DD-JMP",52968200781,"GG54-SDF","Female"
"9WY9-HRJ",52968200782,"LZ19-924","Male"
"GXDM-3H9",52968201220,"G6LT-J5Y","Male"
"GXDM-3H9",52968201221,"GLR8-DFC","Female"
"LK6D-M2Y",52968201232,"MNGL-KK4","Male"
"LK6D-M2Y",52968201233,"GL7G-3Z6","Female"
"LZJQ-KN6",52968201234,"GKGD-BLB","Male"
"LZJQ-KN6",52968201235,"CC8V-FKX","Female"
"G67W-G57",52968201236,"MKTV-TMC","Male"
"G67W-G57",52968201237,"G67G-YFC","Female"
"GGN8-TB9",52968201584,"L1DD-JMP","Male"
"GGN8-TB9",52968201585,"9WY9-HRJ","Female"
"G6TY-1YL",52968201588,"GXLM-NXW","Male"
"LYS8-VPB",52968201591,"G6TB-CQ9","Female"
"GZZ5-GYQ",52968201592,"GZZ5-VLG","Male"
"GZZ5-GYQ",52968201593,"G6PV-LLT","Female"
"GXDM-3H9",52968201956,"G6LT-J5Y","Male"
"GXDM-3H9",52968201957,"GLR8-DFC","Female"
"GKG8-GMM",52968201968,"GMJ6-WLR","Male"
"L2YT-9F8",52968201970,"G6F3-6KQ","Male"
"L2YT-9F8",52968201971,"L2TT-HX5","Female"
"LJ2H-W3S",52968201972,"GD74-RRH","Male"
"LJ2H-W3S",52968201973,"GJ5M-BKM","Female"
"LZ2S-DKM",52968201974,"28YJ-Z4N","Male"
"LZ2S-DKM",52968201975,"GGGT-9MX","Female"
"G652-89H",52968201976,"LDSS-8LB","Male"
"G652-89H",52968201977,"G2RP-CG1","Female"
"GQJ4-YYT",52968201978,"GKZZ-9SN","Male"
"GQJ4-YYT",52968201979,"GLND-D3K","Female"
"G78W-VCW",52968201980,"GXB3-LRB","Male"
"G78W-VCW",52968201981,"G2N1-CGQ","Female"
"MM93-ND3",52968201982,"GLB1-ZRJ","Male"
"GK5F-CF5",52968202304,"GN8G-MT7","Male"
"GK5F-CF5",52968202305,"G6VR-DRK","Female"
"GSN1-1FZ",52968202306,"9Z85-42P","Male"
"GSN1-1FZ",52968202307,"LVTL-YF9","Female"
"LDSQ-XRK",52968203616,"LDSK-V77","Male"
"LDSQ-XRK",52968203617,"LDSQ-F68","Female"
"LCFL-9DP",52968203618,"LB27-YWT","Male"
"LCFL-9DP",52968203619,"GWZB-NNM","Female"
"L644-9GY",52968203620,"LT61-JHR","Male"
"L644-9GY",52968203621,"LT6B-L2F","Female"
"KVGF-FPJ",52968203622,"GN4C-HR9","Male"
"KVGF-FPJ",52968203623,"GXGV-HXF","Female"
"LDHB-RRD",52968203648,"9HTX-2CD","Male"
"LDHB-RRD",52968203649,"L83J-4S6","Female"
"GKVP-QMK",52968203650,"LDHS-Z3V","Male"
"GKVP-QMK",52968203651,"LZGK-ZV2","Female"
"9SJJ-97N",52968203656,"GGG7-Q5M","Male"
"9SJJ-97N",52968203657,"GZL1-BTV","Female"
"LZJG-K5N",52968203658,"KX2S-NWF","Male"
"LZJG-K5N",52968203659,"L7GV-KKS","Female"
"LJ2H-W3S",52968203660,"GD74-RRH","Male"
"LJ2H-W3S",52968203661,"GJ5M-BKM","Female"
"LZ2S-DKM",52968203662,"28YJ-Z4N","Male"
"LZ2S-DKM",52968203663,"GGGT-9MX","Female"
"GJ2V-WRY",52968203664,"G233-LXN","Male"
"GJ2V-WRY",52968203665,"GGWK-NT3","Female"
"LD9P-MFB",52968203668,"GC7G-R6L","Male"
"LD9P-MFB",52968203669,"GC7P-77S","Female"
"KN8N-WHW",52968203680,"LBKM-2H9","Male"
"KN8N-WHW",52968203681,"LBDY-3J8","Female"
"9SYL-S5H",52968203682,"KX2S-NWF","Male"
"9SYL-S5H",52968203683,"L7GV-KKS","Female"
"G67W-G57",52968203684,"MKTV-TMC","Male"
"G67W-G57",52968203685,"G67G-YFC","Female"
"LDFZ-8Q1",52968203688,"GJ9M-PR2","Male"
"LDFZ-8Q1",52968203689,"GL14-857","Female"
"LHPZ-VGH",52968203690,"LZLG-V3F","Male"
"LHPZ-VGH",52968203691,"LH6K-2BP","Female"
"LD9R-RB7",52968203696,"LD9R-RYR","Male"
"LD9R-RB7",52968203697,"M15L-V4Q","Female"
"LDSS-6H5",52968203698,"L133-HLP","Male"
"LDSS-6H5",52968203699,"KH8N-T92","Female"
"LDMT-HMZ",52968203700,"L8BY-3VJ","Male"
"LDMT-HMZ",52968203701,"94BP-X4Z","Female"
"LD91-ST3",52968203702,"L8YY-5HK","Male"
"LD91-ST3",52968203703,"L8WB-D2Z","Female"
"L8MB-ZMK",52968203704,"L8YY-PD5","Male"
"L8MB-ZMK",52968203705,"MBV2-T1M","Female"
"MB1Q-ZWW",52968203706,"GKZZ-K49","Male"
"MB1Q-ZWW",52968203707,"GL6R-9XP","Female"
"LDMT-W6R",52968203708,"KJP2-TBR","Male"
"LDMT-W6R",52968203709,"GFN3-DQ5","Female"
"LT83-H6M",52968203710,"GQ59-8LX","Male"
"LT83-H6M",52968203711,"GSCJ-Z9D","Female"
"GNT4-LY5",52968203712,"LZZK-7QX","Male"
"GNT4-LY5",52968203713,"9SR5-6SR","Female"
"GDL9-6NN",52968203714,"G8D1-62Y","Male"
"GDL9-6NN",52968203715,"GCXR-Q7Y","Female"
"LTK3-8VH",52968203716,"LD9P-Q15","Male"
"LTK3-8VH",52968203717,"LKDQ-86Y","Female"
"GHMC-S6W",52968203718,"GNK2-CCY","Male"
"LHTX-J4Y",52968203724,"LH68-32D","Male"
"G34F-HFB",52968203726,"G95P-96W","Male"
"GW1V-6D9",52968203728,"GW1J-L9F","Male"
"9Z8P-D5J",52968203744,"GHXN-VML","Male"
"9Z8P-D5J",52968203745,"MH2M-DJX","Female"
"G2HQ-H3Y",52968203748,"9CCZ-PKB","Male"
"G2HQ-H3Y",52968203749,"L75S-MVR","Female"
"GFDK-XX3",52968203752,"GFDK-41H","Male"
"GFDK-XX3",52968203753,"GVJP-DFN","Female"
"GCQF-WFQ",52968203760,"LBWD-HLB","Male"
"GCQF-WFQ",52968203761,"9Z8K-VF6","Female"
"9CWG-P3Q",52968203768,"GQ61-KWP","Male"
"9CWG-P3Q",52968203769,"G286-7NZ","Female"
"LCZD-G2Y",52968203770,"G242-XCP","Male"
"LCZD-G2Y",52968203771,"G2L3-V7G","Female"
"G8W1-9VC",52968203772,"GQ61-KWP","Male"
"G8W1-9VC",52968203773,"G286-7NZ","Female"
"LCZD-G2Y",52968203774,"G242-XCP","Male"
"LCZD-G2Y",52968203775,"G2L3-V7G","Female"
"GKVR-77F",52968203810,"9HTX-2CD","Male"
"GKVR-77F",52968203811,"GGPB-68K","Female"
"949K-5Q2",52968203840,"949K-PBH","Male"
"KZPV-BQM",52968203860,"L8RR-4KG","Male"
"KZPV-BQM",52968203861,"99QT-MCB","Female"
"M1VS-25N",52968203864,"LDSS-KJ6","Male"
"M1VS-25N",52968203865,"L28D-TJH","Female"
"LDSS-KHY",52968203866,"LYCY-PN6","Male"
"LDSS-KHY",52968203867,"LDSS-KKV","Female"
"LZGQ-LJX",52968203868,"KDQW-JTJ","Male"
"LZGQ-LJX",52968203869,"LDS9-GGV","Female"
"99Y7-MCD",52968203872,"KN8N-WHW","Male"
"99Y7-MCD",52968203873,"9SYL-S5H","Female"
"LBKM-9MP",52968203874,"G67W-G57","Male"
"LBKM-9MP",52968203875,"MZHC-RBM","Female"
"L1QG-G8M",52968203876,"LDFZ-8Q1","Male"
"L1QG-G8M",52968203877,"LHPZ-VGH","Female"
"LDW5-66P",52968203880,"LD9R-RB7","Male"
"LDW5-66P",52968203881,"LDSS-6H5","Female"
"LDW5-623",52968203882,"LDMT-HMZ","Male"
"LDW5-623",52968203883,"LD91-ST3","Female"
"KCXK-S69",52968203884,"L8MB-ZMK","Male"
"KCXK-S69",52968203885,"MB1Q-ZWW","Female"
"GJR2-7VD",52968203886,"LDMT-W6R","Male"
"GJR2-7VD",52968203887,"LT83-H6M","Female"
"MKKN-R3H",52968203888,"GG5Y-858","Male"
"9Q6D-L88",52968203890,"GKPX-TG7","Male"
"9Q6D-L88",52968203891,"GN4Z-XZP","Female"
"K417-PHT",52968203892,"LTTZ-YL8","Male"
"K417-PHT",52968203893,"LYSG-SY9","Female"
"9S3D-N8F",52968203894,"9C32-7PC","Male"
"9S3D-N8F",52968203895,"M5YG-GGX","Female"
"LB9Q-2R2",52968204098,"GL82-ZQM","Male"
"LB9Q-2R2",52968204099,"GG6H-89X","Female"
"G8R1-427",52968204128,"G9R3-YW1","Male"
"GGL3-PK8",52968204130,"G6ZX-RRY","Male"
"LZLG-V3F",52968204160,"L7NG-DRP","Male"
"LZLG-V3F",52968204161,"LYTH-K3C","Female"
"LH6K-2BP",52968204162,"LTT6-YJQ","Male"
"LH6K-2BP",52968204163,"GV8X-JR1","Female"
"LHPZ-9WQ",52968204164,"938W-39J","Male"
"LHPZ-9WQ",52968204165,"9W89-MK6","Female"
"L8W6-443",52968204166,"9HTX-2CD","Male"
"L8W6-443",52968204167,"G39Q-HBK","Female"
"GN8G-MT7",52968204168,"GJMV-L5G","Male"
"GN8G-MT7",52968204169,"GSP6-P1B","Female"
"L1Z8-522",52968204240,"99Y7-MCD","Male"
"L1Z8-522",52968204241,"LBKM-9MP","Female"
"L1S4-4N9",52968204242,"L1QG-G8M","Male"
"L1S4-4N9",52968204243,"LD97-QLP","Female"
"9SJJ-97N",52968204256,"GGG7-Q5M","Male"
"9SJJ-97N",52968204257,"GZL1-BTV","Female"
"LZJG-K5N",52968204258,"KX2S-NWF","Male"
"LZJG-K5N",52968204259,"L7GV-KKS","Female"
"LR3Q-3J2",52968210945,"M9LQ-YQ9","Female"
"L66M-B9X",52968211008,"L1T9-XNV","Male"
"L66M-B9X",52968211009,"LKZR-TT4","Female"
"GG31-9JK",52968211032,"GGQM-ZY2","Male"
"GG31-9JK",52968211033,"MKHL-5NY","Female"
"L8T9-YR8",52968211038,"GXDM-3H9","Male"
"L8T9-YR8",52968211039,"LBHG-TXR","Female"
"L66M-B9X",52968211040,"L1T9-XNV","Male"
"L66M-B9X",52968211041,"LKZR-TT4","Female"
"GQ9G-3D8",52968211202,"LRSM-GJ9","Male"
"GQ9G-3D8",52968211203,"GLYG-111","Female"
"LDHB-RRD",52968211648,"9HTX-2CD","Male"
"LDHB-RRD",52968211649,"L83J-4S6","Female"
"GKVP-QMK",52968211650,"LDHS-Z3V","Male"
"GKVP-QMK",52968211651,"LZGK-ZV2","Female"
"9SJJ-97N",52968211656,"GGG7-Q5M","Male"
"9SJJ-97N",52968211657,"GZL1-BTV","Female"
"LZJG-K5N",52968211658,"KX2S-NWF","Male"
"LZJG-K5N",52968211659,"L7GV-KKS","Female"
"LJ2H-W3S",52968211660,"GD74-RRH","Male"
"LJ2H-W3S",52968211661,"GJ5M-BKM","Female"
"LZ2S-DKM",52968211662,"28YJ-Z4N","Male"
"LZ2S-DKM",52968211663,"GGGT-9MX","Female"
"934P-X69",52968211664,"949K-5Q2","Male"
"LDSS-8WS",52968211672,"L7LT-X1D","Male"
"9ZCG-R7L",52968211674,"KZPV-BQM","Male"
"9ZCG-R7L",52968211675,"GG81-W5D","Female"
"LRHH-9JN",52968211676,"M1VS-25N","Male"
"LRHH-9JN",52968211677,"LDSS-KHY","Female"
"LZGK-6BD",52968211678,"LZGQ-LJX","Male"
"LZGK-6BD",52968211679,"GG5V-KXG","Female"
"LD33-387",52968211680,"G2Z2-CKV","Male"
"LD33-387",52968211681,"LB9Q-2R2","Female"
"GLMM-ZVK",52968211682,"G83Y-DRR","Male"
"GLMM-ZVK",52968211683,"G83Y-MFL","Female"
"LCCR-Z5Z",52968211700,"GVHW-NRT","Male"
"LCCR-Z5Z",52968211701,"GKJV-BPC","Female"
"GZ7L-WGP",52968211704,"L2Y4-PVS","Male"
"GZ7L-WGP",52968211705,"LRHH-6SF","Female"
"GCKD-YVB",52968211706,"LV57-XVZ","Male"
"GCKD-YVB",52968211707,"GX8W-RVQ","Female"
"9WQT-DRR",52968211708,"G6PH-CW6","Male"
"9WQT-DRR",52968211709,"G8W1-NFV","Female"
"GHXP-711",52968211710,"LKC4-6WB","Male"
"GHXP-711",52968211711,"LKCH-N9Q","Female"
"GZPW-9T8",52968211728,"GVXT-MZG","Male"
"GZPW-9T8",52968211729,"LV8V-H4X","Female"
"G27G-J45",52968211730,"GKWF-SCL","Male"
"G27G-J45",52968211731,"GD2R-LLD","Female"
"949J-G8K",52968211732,"G3LH-DG9","Male"
"GGRJ-B45",52968211734,"G6GQ-R3F","Male"
"GGRJ-B45",52968211735,"G8R7-2L1","Female"
"L18B-R3G",52968211736,"G2TZ-96Y","Male"
"L18B-R3G",52968211737,"G2T8-97Z","Female"
"KDQH-DJG",52968211738,"L1DD-JMP","Male"
"KDQH-DJG",52968211739,"9WY9-HRJ","Female"
"LD9R-5G3",52968211740,"LD9R-RCZ","Male"
"LD9R-5G3",52968211741,"MBWQ-SF3","Female"
"M897-QTS",52968211742,"L1R3-QH7","Male"
"M897-QTS",52968211743,"M33Z-FHV","Female"
"G2WT-41W",52968211744,"G3M5-XM2","Male"
"G2WT-41W",52968211745,"GGJN-2MN","Female"
"GVSF-K9H",52968211746,"GJLD-SDG","Male"
"LD9R-RCZ",52968211760,"GGT6-NYC","Male"
"LD9R-RCZ",52968211761,"GGTD-5CG","Female"
"MBWQ-SF3",52968211762,"LH3J-XVF","Male"
"MBWQ-SF3",52968211763,"KN3T-TR3","Female"
"L1R3-QH7",52968211764,"LD9R-5PH","Male"
"L1R3-QH7",52968211765,"LZM1-YM9","Female"
"M33Z-FHV",52968211766,"GGQ2-T6Y","Male"
"M33Z-FHV",52968211767,"GGQ2-FDK","Female"
"L8R2-SJ9",52968211768,"G21Z-QQG","Male"
"L8R2-SJ9",52968211769,"GZ2N-HCQ","Female"
"LCXP-QW3",52968211770,"99PT-X33","Male"
"LCXP-QW3",52968211771,"G21N-VX4","Female"
"KNQ6-9ZF",52968211781,"GGM3-KZW","Female"
"LDS9-GTK",52968211784,"9HTX-2CD","Male"
"LDS9-GTK",52968211785,"G39Q-HBK","Female"
"GMN3-7TX",52968211786,"L7LR-RWX","Male"
"GMN3-7TX",52968211787,"GKGZ-365","Female"
"LT83-QKS",52968211800,"GZ2L-M6L","Male"
"LT83-QKS",52968211801,"LBTR-BTW","Female"
"GDG2-NJC",52968211802,"G6RN-4Y7","Male"
"GDG2-NJC",52968211803,"GFPT-S5P","Female"
"G9M5-FF1",52968211804,"LY9D-2F8","Male"
"G9M5-FF1",52968211805,"L28D-TJH","Female"
"GN9F-M6Q",52968211806,"GJTS-3TP","Male"
"GN9F-M6Q",52968211807,"GN15-LRT","Female"
"GLTH-SF8",52968211812,"GGKB-FBC","Male"
"GLTH-SF8",52968211813,"GKK9-K98","Female"
"GNBX-9JC",52968211824,"GKCC-1KD","Male"
"GNBX-9JC",52968211825,"G2KS-LP1","Female"
"GFC6-D1X",52968211826,"GGRW-3PW","Male"
"GFC6-D1X",52968211827,"LXSK-QX8","Female"
"GD7G-BVP",52968211828,"GMF5-BSR","Male"
"GD7G-BVP",52968211829,"L1WB-PZW","Female"
"9HG1-CKS",52968211830,"L1W8-W7S","Male"
"9MH5-2Q7",52968211832,"GD7W-JS7","Male"
"9MH5-2Q7",52968211833,"GD7W-NSX","Female"
"M1W5-BFF",52968211836,"9376-JCH","Male"
"M1W5-BFF",52968211837,"9HVH-9GD","Female"
"9CW5-JNL",52968211838,"GG3M-7JP","Male"
"9CW5-JNL",52968211839,"GG3M-7PG","Female"
"L1WT-FRN",52968211840,"GZRK-SFB","Male"
"L1WT-FRN",52968211841,"GVSP-WS2","Female"
"L1WY-QMZ",52968211842,"GHKB-C3J","Male"
"L1WY-QMZ",52968211843,"L5DR-KL8","Female"
"LB5R-TH8",52968211844,"KDQW-JTJ","Male"
"LB5R-TH8",52968211845,"LDS9-GGV","Female"
"LDHQ-P5F",52968211846,"LD9R-RB7","Male"
"LDHQ-P5F",52968211847,"LDSS-6H5","Female"
"LBJ9-GZ4",52968211848,"9ZH7-GMD","Male"
"LBJ9-GZ4",52968211849,"MBYH-395","Female"
"KZPP-B68",52968211850,"G7ZN-5DF","Male"
"L18B-R3G",52968211852,"G2TZ-96Y","Male"
"L18B-R3G",52968211853,"G2T8-97Z","Female"
"KDQH-DJG",52968211854,"L1DD-JMP","Male"
"KDQH-DJG",52968211855,"9WY9-HRJ","Female"
"LZGQ-LJX",52968211872,"KDQW-JTJ","Male"
"LZGQ-LJX",52968211873,"LDS9-GGV","Female"
"KDQH-DJG",52968211874,"L1DD-JMP","Male"
"KDQH-DJG",52968211875,"9WY9-HRJ","Female"
"GL9R-YL9",52968211876,"LD95-VV6","Male"
"GL9R-YL9",52968211877,"9H2F-HV5","Female"
"LDHQ-P5F",52968211878,"LD9R-RB7","Male"
"LDHQ-P5F",52968211879,"LDSS-6H5","Female"
"LD9R-RCZ",52968211896,"GGT6-NYC","Male"
"LD9R-RCZ",52968211897,"GGTD-5CG","Female"
"MBWQ-SF3",52968211898,"LH3J-XVF","Male"
"MBWQ-SF3",52968211899,"KN3T-TR3","Female"
"L1R3-QH7",52968211900,"LD9R-5PH","Male"
"L1R3-QH7",52968211901,"LZM1-YM9","Female"
"M33Z-FHV",52968211902,"GGQ2-T6Y","Male"
"M33Z-FHV",52968211903,"GGQ2-FDK","Female"
"LVTD-MDD",52968211904,"GX7C-LRS","Male"
"LVTD-MDD",52968211905,"GN1M-ZZK","Female"
"GKYX-DNQ",52968211906,"LB2S-1BB","Male"
"GKYX-DNQ",52968211907,"LTG4-ZZ5","Female"
"28YJ-Z4N",52968211912,"9HTX-2CD","Male"
"28YJ-Z4N",52968211913,"G39Q-HBK","Female"
"GGGT-9MX",52968211914,"MXVC-BK8","Male"
"GV4Z-NPS",52968211920,"GCQF-FLC","Male"
"GZKP-3KR",52968211922,"L5LL-BRL","Male"
"GZKP-3KR",52968211923,"GZ4M-H94","Female"
"9H27-6Y3",52968211928,"G6LZ-TWJ","Male"
"MWBC-XS5",52968211930,"9ZHQ-5GQ","Male"
"MWBC-XS5",52968211931,"G6R2-BDM","Female"
"99PY-VJ6",52968211932,"GN31-YTW","Male"
"99PY-VJ6",52968211933,"GN31-P3C","Female"
"G6DL-8L7",52968211934,"GK22-BND","Male"
"G6DL-8L7",52968211935,"GK2B-991","Female"
"99Y7-MCD",52968211936,"KN8N-WHW","Male"
"99Y7-MCD",52968211937,"9SYL-S5H","Female"
"LBKM-9MP",52968211938,"G67W-G57","Male"
"LBKM-9MP",52968211939,"MZHC-RBM","Female"
"L1QG-G8M",52968211940,"LDFZ-8Q1","Male"
"L1QG-G8M",52968211941,"LHPZ-VGH","Female"
"LDW5-66P",52968211944,"LD9R-RB7","Male"
"LDW5-66P",52968211945,"LDSS-6H5","Female"
"LDW5-623",52968211946,"LDMT-HMZ","Male"
"LDW5-623",52968211947,"LD91-ST3","Female"
"KCXK-S69",52968211948,"L8MB-ZMK","Male"
"KCXK-S69",52968211949,"MB1Q-ZWW","Female"
"GJR2-7VD",52968211950,"LDMT-W6R","Male"
"GJR2-7VD",52968211951,"LT83-H6M","Female"
"MKKN-R3H",52968211952,"GG5Y-858","Male"
"9Q6D-L88",52968211954,"GKPX-TG7","Male"
"9Q6D-L88",52968211955,"GN4Z-XZP","Female"
"K417-PHT",52968211956,"LTTZ-YL8","Male"
"K417-PHT",52968211957,"LYSG-SY9","Female"
"9S3D-N8F",52968211958,"9C32-7PC","Male"
"9S3D-N8F",52968211959,"M5YG-GGX","Female"
"LY9D-2F8",52968211968,"LCJD-VX6","Male"
"LY9D-2F8",52968211969,"LD9R-RKH","Female"
"L28D-TJH",52968211970,"9WMP-NNQ","Male"
"L28D-TJH",52968211971,"945D-J9Y","Female"
"GJTS-3TP",52968211972,"GZ8X-GV2","Male"
"GJTS-3TP",52968211973,"G6ZP-B73","Female"
"KDQW-JTJ",52968211976,"9HTX-2CD","Male"
"KDQW-JTJ",52968211977,"G39Q-HBK","Female"
"LDS9-GGV",52968211978,"LZGK-GZB","Male"
"LDS9-GGV",52968211979,"MXKR-J9R","Female"
"G7NH-CM4",52968211984,"G215-NYD","Male"
"G7NH-CM4",52968211985,"GG1F-HTT","Female"
"GLL2-BZV",52968212009,"G8W1-V4X","Female"
"GC4V-KPG",52968212012,"G891-N1Z","Male"
"GC4V-KPG",52968212013,"G3YQ-19T","Female"
"L175-67M",52968212014,"GGKJ-Z1T","Male"
"L175-67M",52968212015,"KL6C-XQV","Female"
"K84R-TMS",52968212016,"LDHB-RRD","Male"
"K84R-TMS",52968212017,"GKVP-QMK","Female"
"LTF2-JTC",52968212020,"9SJJ-97N","Male"
"LTF2-JTC",52968212021,"LZJG-K5N","Female"
"LKNM-HR3",52968212022,"LJ2H-W3S","Male"
"LKNM-HR3",52968212023,"LZ2S-DKM","Female"
"L1QD-DXV",52968212024,"GJ2V-WRY","Male"
"L1QD-DXV",52968212025,"G2CN-HW6","Female"
"LD9P-M8N",52968212026,"LD9P-MFB","Male"
"LD9P-M8N",52968212027,"LH6C-VKZ","Female"
"GNSH-WMX",52968212048,"G7NH-CM4","Male"
"GNSH-WMX",52968212049,"G215-VM8","Female"
"K84R-TMS",52968212056,"LDHB-RRD","Male"
"K84R-TMS",52968212057,"GKVP-QMK","Female"
"LTF2-JTC",52968212060,"9SJJ-97N","Male"
"LTF2-JTC",52968212061,"LZJG-K5N","Female"
"LKNM-HR3",52968212062,"LJ2H-W3S","Male"
"LKNM-HR3",52968212063,"LZ2S-DKM","Female"
"GLL2-BZV",52968212073,"G8W1-V4X","Female"
"GC4V-KPG",52968212076,"G891-N1Z","Male"
"GC4V-KPG",52968212077,"G3YQ-19T","Female"
"L175-67M",52968212078,"GGKJ-Z1T","Male"
"L175-67M",52968212079,"KL6C-XQV","Female"
"K84R-TMS",52968212080,"LDHB-RRD","Male"
"K84R-TMS",52968212081,"GKVP-QMK","Female"
"LTF2-JTC",52968212084,"9SJJ-97N","Male"
"LTF2-JTC",52968212085,"LZJG-K5N","Female"
"LKNM-HR3",52968212086,"LJ2H-W3S","Male"
"LKNM-HR3",52968212087,"LZ2S-DKM","Female"
"L1QD-DXV",52968212088,"GJ2V-WRY","Male"
"L1QD-DXV",52968212089,"G2CN-HW6","Female"
"LD9P-M8N",52968212090,"LD9P-MFB","Male"
"LD9P-M8N",52968212091,"LH6C-VKZ","Female"
"LDHB-RRD",52968212096,"9HTX-2CD","Male"
"LDHB-RRD",52968212097,"L83J-4S6","Female"
"GKVP-QMK",52968212098,"LDHS-Z3V","Male"
"GKVP-QMK",52968212099,"LZGK-ZV2","Female"
"9SJJ-97N",52968212104,"GGG7-Q5M","Male"
"9SJJ-97N",52968212105,"GZL1-BTV","Female"
"LZJG-K5N",52968212106,"KX2S-NWF","Male"
"LZJG-K5N",52968212107,"L7GV-KKS","Female"
"LJ2H-W3S",52968212108,"GD74-RRH","Male"
"LJ2H-W3S",52968212109,"GJ5M-BKM","Female"
"LZ2S-DKM",52968212110,"28YJ-Z4N","Male"
"LZ2S-DKM",52968212111,"GGGT-9MX","Female"
"GJ2V-WRY",52968212112,"G233-LXN","Male"
"GJ2V-WRY",52968212113,"GGWK-NT3","Female"
"LD9P-MFB",52968212116,"GC7G-R6L","Male"
"LD9P-MFB",52968212117,"GC7P-77S","Female"
"L1WT-FRN",52968212128,"GZRK-SFB","Male"
"L1WT-FRN",52968212129,"GVSP-WS2","Female"
"L1WY-QMZ",52968212130,"GHKB-C3J","Male"
"L1WY-QMZ",52968212131,"L5DR-KL8","Female"
"LB5R-TH8",52968212132,"KDQW-JTJ","Male"
"LB5R-TH8",52968212133,"LDS9-GGV","Female"
"LDHQ-P5F",52968212134,"LD9R-RB7","Male"
"LDHQ-P5F",52968212135,"LDSS-6H5","Female"
"LBJ9-GZ4",52968212136,"9ZH7-GMD","Male"
"LBJ9-GZ4",52968212137,"MBYH-395","Female"
"KZPP-B68",52968212138,"G7ZN-5DF","Male"
"L18B-R3G",52968212140,"G2TZ-96Y","Male"
"L18B-R3G",52968212141,"G2T8-97Z","Female"
"KDQH-DJG",52968212142,"L1DD-JMP","Male"
"KDQH-DJG",52968212143,"9WY9-HRJ","Female"
"GQRQ-G6B",52968212160,"GQRQ-K79","Male"
"GQRQ-G6B",52968212161,"GGVR-MY2","Female"
"GGSV-LFL",52968212224,"GGZD-RQR","Male"
"GGSV-LFL",52968212225,"GL9M-YXL","Female"
"G7YH-3GJ",52968212240,"GV4P-VY5","Male"
"G7YH-3GJ",52968212241,"GGJD-JSR","Female"
"GC45-DB8",52968212242,"GZRK-SFB","Male"
"GC45-DB8",52968212243,"GVSP-WS2","Female"
"GLL2-BZV",52968212265,"G8W1-V4X","Female"
"GC4V-KPG",52968212268,"G891-N1Z","Male"
"GC4V-KPG",52968212269,"G3YQ-19T","Female"
"L175-67M",52968212270,"GGKJ-Z1T","Male"
"L175-67M",52968212271,"KL6C-XQV","Female"
"K84R-TMS",52968212272,"LDHB-RRD","Male"
"K84R-TMS",52968212273,"GKVP-QMK","Female"
"LTF2-JTC",52968212276,"9SJJ-97N","Male"
"LTF2-JTC",52968212277,"LZJG-K5N","Female"
"LKNM-HR3",52968212278,"LJ2H-W3S","Male"
"LKNM-HR3",52968212279,"LZ2S-DKM","Female"
"L1QD-DXV",52968212280,"GJ2V-WRY","Male"
"L1QD-DXV",52968212281,"G2CN-HW6","Female"
"LD9P-M8N",52968212282,"LD9P-MFB","Male"
"LD9P-M8N",52968212283,"LH6C-VKZ","Female"
"9C32-7PC",52968212288,"G7YH-3GJ","Male"
"9C32-7PC",52968212289,"GC45-DB8","Female"
"93LF-J1V",52968212292,"L1HZ-WR2","Male"
"93LF-J1V",52968212293,"MDWC-L73","Female"
"931M-DSZ",52968212294,"KFLG-12B","Male"
"931M-DSZ",52968212295,"M5YG-GGX","Female"
"LDSS-8WS",52968212296,"L7LT-X1D","Male"
"9ZCG-R7L",52968212298,"KZPV-BQM","Male"
"9ZCG-R7L",52968212299,"GG81-W5D","Female"
"LRHH-9JN",52968212300,"M1VS-25N","Male"
"LRHH-9JN",52968212301,"LDSS-KHY","Female"
"LZGK-6BD",52968212302,"LZGQ-LJX","Male"
"LZGK-6BD",52968212303,"GG5V-KXG","Female"
"LM1H-8JF",52968212304,"GL9R-YL9","Male"
"LM1H-8JF",52968212305,"LDHQ-P5F","Female"
"LBDD-T2H",52968212306,"G2G5-WJR","Male"
"LBDD-T2H",52968212307,"G2G5-FT5","Female"
"LYJ2-TZG",52968212308,"LBX8-DDN","Male"
"LYJ2-TZG",52968212309,"LDW2-4JB","Female"
"LYJ2-LF5",52968212310,"M1S9-5V6","Male"
"G95M-WZ9",52968212312,"G6RG-6XQ","Male"
"G95M-WZ9",52968212313,"GKNC-F3X","Female"
"9V7R-KN5",52968212314,"GLXF-42Z","Male"
"9V7R-KN5",52968212315,"GLXF-CH3","Female"
"LDW2-QX1",52968212316,"LH7S-18K","Male"
"LDW2-QX1",52968212317,"LDSV-5Q1","Female"
"99Y7-MCD",52968212320,"KN8N-WHW","Male"
"99Y7-MCD",52968212321,"9SYL-S5H","Female"
"LBKM-9MP",52968212322,"G67W-G57","Male"
"LBKM-9MP",52968212323,"MZHC-RBM","Female"
"L1QG-G8M",52968212324,"LDFZ-8Q1","Male"
"L1QG-G8M",52968212325,"LHPZ-VGH","Female"
"LDW5-66P",52968212328,"LD9R-RB7","Male"
"LDW5-66P",52968212329,"LDSS-6H5","Female"
"LDW5-623",52968212330,"LDMT-HMZ","Male"
"LDW5-623",52968212331,"LD91-ST3","Female"
"KCXK-S69",52968212332,"L8MB-ZMK","Male"
"KCXK-S69",52968212333,"MB1Q-ZWW","Female"
"GJR2-7VD",52968212334,"LDMT-W6R","Male"
"GJR2-7VD",52968212335,"LT83-H6M","Female"
"MKKN-R3H",52968212336,"GG5Y-858","Male"
"9Q6D-L88",52968212338,"GKPX-TG7","Male"
"9Q6D-L88",52968212339,"GN4Z-XZP","Female"
"K417-PHT",52968212340,"LTTZ-YL8","Male"
"K417-PHT",52968212341,"LYSG-SY9","Female"
"9S3D-N8F",52968212342,"9C32-7PC","Male"
"9S3D-N8F",52968212343,"M5YG-GGX","Female"
"LCJD-VX6",52968216592,"9ZCB-DSC","Male"
"LCJD-VX6",52968216593,"GG1G-KG2","Female"
"LD9R-RKH",52968216594,"LD9R-RYR","Male"
"LD9R-RKH",52968216595,"M15L-V4Q","Female"
"9WMP-NNQ",52968216596,"99PT-NTZ","Male"
"9WMP-NNQ",52968216597,"G98Z-6RZ","Female"
"945D-J9Y",52968216598,"LZ9M-HWG","Male"
"945D-J9Y",52968216599,"9M85-YGM","Female"
"GZ8X-GV2",52968216600,"GFK3-MS7","Male"
"GZ8X-GV2",52968216601,"GFPT-WGM","Female"
"G6ZP-B73",52968216602,"LH3L-KQH","Male"
"G6ZP-B73",52968216603,"G692-MWD","Female"
"GV4P-VY5",52968216640,"LCCZ-SSV","Male"
"GV4P-VY5",52968216641,"GSC5-SBV","Female"
"GGJD-JSR",52968216642,"G9FS-BL2","Male"
"GGJD-JSR",52968216643,"GGXP-5J3","Female"
"GZRK-SFB",52968216644,"GLZW-7GF","Male"
"GZRK-SFB",52968216645,"GVSG-X5N","Female"
"GVSP-WS2",52968216646,"G6T6-SZ3","Male"
"GVSP-WS2",52968216647,"GZB1-L61","Female"
"LVTD-MDD",52968216656,"GX7C-LRS","Male"
"LVTD-MDD",52968216657,"GN1M-ZZK","Female"
"GKYX-DNQ",52968216658,"LB2S-1BB","Male"
"GKYX-DNQ",52968216659,"LTG4-ZZ5","Female"
"28YJ-Z4N",52968216664,"9HTX-2CD","Male"
"28YJ-Z4N",52968216665,"G39Q-HBK","Female"
"GGGT-9MX",52968216666,"MXVC-BK8","Male"
"L8RR-4KG",52968216680,"L8WY-72D","Male"
"L8RR-4KG",52968216681,"GZBB-BMJ","Female"
"99QT-MCB",52968216682,"LDSS-KBB","Male"
"99QT-MCB",52968216683,"GLZ3-DZS","Female"
"LDSS-KJ6",52968216688,"LDSS-288","Male"
"LDSS-KJ6",52968216689,"G6PK-MQW","Female"
"L28D-TJH",52968216690,"9WMP-NNQ","Male"
"L28D-TJH",52968216691,"945D-J9Y","Female"
"LYCY-PN6",52968216692,"LDSS-26H","Male"
"LYCY-PN6",52968216693,"L6SC-CJF","Female"
"LDSS-KKV",52968216694,"LZLQ-664","Male"
"LDSS-KKV",52968216695,"GK2Y-MJB","Female"
"KDQW-JTJ",52968216696,"9HTX-2CD","Male"
"KDQW-JTJ",52968216697,"G39Q-HBK","Female"
"LDS9-GGV",52968216698,"LZGK-GZB","Male"
"LDS9-GGV",52968216699,"MXKR-J9R","Female"
"GDTQ-S2P",52968216720,"GH5Y-9HC","Male"
"GDTQ-S2P",52968216721,"G6TX-KJJ","Female"
"G2LB-FNQ",52968216724,"G7JZ-38S","Male"
"G2LB-FNQ",52968216725,"GGNR-Q7R","Female"
"G6CD-BPD",52968216726,"G6TX-FRV","Male"
"L7NG-DRP",52968216832,"9H5N-BFF","Male"
"L7NG-DRP",52968216833,"GKZ8-4FD","Female"
"LYTH-K3C",52968216834,"G6Q3-JX4","Male"
"LTT6-YJQ",52968216836,"GVBH-MTY","Male"
"938W-39J",52968216840,"LCBD-GVR","Male"
"938W-39J",52968216841,"LCB8-2VX","Female"
"9W89-MK6",52968216842,"L8MB-ZF7","Male"
"9W89-MK6",52968216843,"L83F-5Z6","Female"
"9HTX-2CD",52968216844,"9HRG-JDL","Male"
"9HTX-2CD",52968216845,"LDH1-G9D","Female"
"G39Q-HBK",52968216846,"KX2S-NWF","Male"
"G39Q-HBK",52968216847,"L7GV-KKS","Female"
"GJMV-L5G",52968216848,"GV4D-MPR","Male"
"GJMV-L5G",52968216849,"LTXK-RJK","Female"
"99Y7-MCD",52968216992,"KN8N-WHW","Male"
"99Y7-MCD",52968216993,"9SYL-S5H","Female"
"LBKM-9MP",52968216994,"G67W-G57","Male"
"LBKM-9MP",52968216995,"MZHC-RBM","Female"
"L1QG-G8M",52968216996,"LDFZ-8Q1","Male"
"L1QG-G8M",52968216997,"LHPZ-VGH","Female"
"GGG7-Q5M",52968217024,"G6TC-GD8","Male"
"GGG7-Q5M",52968217025,"GGG3-LR4","Female"
"GZL1-BTV",52968217026,"GZVH-K4C","Male"
"GZL1-BTV",52968217027,"GZVH-NJM","Female"
"GJBB-67C",52968217280,"GZWD-L2X","Male"
"GJBB-67C",52968217281,"GZ5D-S1J","Female"
"G8PF-2Z1",52968217282,"G8PF-VPL","Male"
"G8PF-2Z1",52968217283,"G8PF-21K","Female"
"LD1R-LZF",52968217344,"GNBX-9JC","Male"
"LD1R-LZF",52968217345,"GFC6-D1X","Female"
"LZ2K-W9Y",52968217346,"GD7G-BVP","Male"
"LZ2K-W9Y",52968217347,"9HG1-CKS","Female"
"94RF-8ZT",52968217728,"MVJ5-6DP","Male"
"94RF-8ZT",52968217729,"GHFZ-BXZ","Female"
"MDMV-GWM",52968217730,"MXLC-JC1","Male"
"GQG3-8CV",52968217802,"G67W-G57","Male"
"GQG3-8CV",52968217803,"MZHC-RBM","Female"
"GZPW-9T8",52968217872,"GVXT-MZG","Male"
"GZPW-9T8",52968217873,"LV8V-H4X","Female"
"G27G-J45",52968217874,"GKWF-SCL","Male"
"G27G-J45",52968217875,"GD2R-LLD","Female"
"949J-G8K",52968217876,"G3LH-DG9","Male"
"GGRJ-B45",52968217878,"G6GQ-R3F","Male"
"GGRJ-B45",52968217879,"G8R7-2L1","Female"
"L18B-R3G",52968217880,"G2TZ-96Y","Male"
"L18B-R3G",52968217881,"G2T8-97Z","Female"
"KDQH-DJG",52968217882,"L1DD-JMP","Male"
"KDQH-DJG",52968217883,"9WY9-HRJ","Female"
"LD9R-5G3",52968217884,"LD9R-RCZ","Male"
"LD9R-5G3",52968217885,"MBWQ-SF3","Female"
"M897-QTS",52968217886,"L1R3-QH7","Male"
"M897-QTS",52968217887,"M33Z-FHV","Female"
"G2WT-41W",52968217888,"G3M5-XM2","Male"
"G2WT-41W",52968217889,"GGJN-2MN","Female"
"GVSF-K9H",52968217890,"GJLD-SDG","Male"
"LD9R-RCZ",52968217904,"GGT6-NYC","Male"
"LD9R-RCZ",52968217905,"GGTD-5CG","Female"
"MBWQ-SF3",52968217906,"LH3J-XVF","Male"
"MBWQ-SF3",52968217907,"KN3T-TR3","Female"
"L1R3-QH7",52968217908,"LD9R-5PH","Male"
"L1R3-QH7",52968217909,"LZM1-YM9","Female"
"M33Z-FHV",52968217910,"GGQ2-T6Y","Male"
"M33Z-FHV",52968217911,"GGQ2-FDK","Female"
"L8R2-SJ9",52968217912,"G21Z-QQG","Male"
"L8R2-SJ9",52968217913,"GZ2N-HCQ","Female"
"LCXP-QW3",52968217914,"99PT-X33","Male"
"LCXP-QW3",52968217915,"G21N-VX4","Female"
"KNQ6-9ZF",52968217925,"GGM3-KZW","Female"
"LDS9-GTK",52968217928,"9HTX-2CD","Male"
"LDS9-GTK",52968217929,"G39Q-HBK","Female"
"GMN3-7TX",52968217930,"L7LR-RWX","Male"
"GMN3-7TX",52968217931,"GKGZ-365","Female"
"LT83-QKS",52968217944,"GZ2L-M6L","Male"
"LT83-QKS",52968217945,"LBTR-BTW","Female"
"GDG2-NJC",52968217946,"G6RN-4Y7","Male"
"GDG2-NJC",52968217947,"GFPT-S5P","Female"
"G9M5-FF1",52968217948,"LY9D-2F8","Male"
"G9M5-FF1",52968217949,"L28D-TJH","Female"
"GN9F-M6Q",52968217950,"GJTS-3TP","Male"
"GN9F-M6Q",52968217951,"GN15-LRT","Female"
"GLTH-SF8",52968217956,"GGKB-FBC","Male"
"GLTH-SF8",52968217957,"GKK9-K98","Female"
"GNBX-9JC",52968217968,"GKCC-1KD","Male"
"GNBX-9JC",52968217969,"G2KS-LP1","Female"
"GFC6-D1X",52968217970,"GGRW-3PW","Male"
"GFC6-D1X",52968217971,"LXSK-QX8","Female"
"GD7G-BVP",52968217972,"GMF5-BSR","Male"
"GD7G-BVP",52968217973,"L1WB-PZW","Female"
"9HG1-CKS",52968217974,"L1W8-W7S","Male"
"9MH5-2Q7",52968217976,"GD7W-JS7","Male"
"9MH5-2Q7",52968217977,"GD7W-NSX","Female"
"M1W5-BFF",52968217980,"9376-JCH","Male"
"M1W5-BFF",52968217981,"9HVH-9GD","Female"
"9CW5-JNL",52968217982,"GG3M-7JP","Male"
"9CW5-JNL",52968217983,"GG3M-7PG","Female"
"L1WT-FRN",52968217984,"GZRK-SFB","Male"
"L1WT-FRN",52968217985,"GVSP-WS2","Female"
"L1WY-QMZ",52968217986,"GHKB-C3J","Male"
"L1WY-QMZ",52968217987,"L5DR-KL8","Female"
"LB5R-TH8",52968217988,"KDQW-JTJ","Male"
"LB5R-TH8",52968217989,"LDS9-GGV","Female"
"LDHQ-P5F",52968217990,"LD9R-RB7","Male"
"LDHQ-P5F",52968217991,"LDSS-6H5","Female"
"LBJ9-GZ4",52968217992,"9ZH7-GMD","Male"
"LBJ9-GZ4",52968217993,"MBYH-395","Female"
"KZPP-B68",52968217994,"G7ZN-5DF","Male"
"L18B-R3G",52968217996,"G2TZ-96Y","Male"
"L18B-R3G",52968217997,"G2T8-97Z","Female"
"KDQH-DJG",52968217998,"L1DD-JMP","Male"
"KDQH-DJG",52968217999,"9WY9-HRJ","Female"
"LZGQ-LJX",52968218016,"KDQW-JTJ","Male"
"LZGQ-LJX",52968218017,"LDS9-GGV","Female"
"KDQH-DJG",52968218018,"L1DD-JMP","Male"
"KDQH-DJG",52968218019,"9WY9-HRJ","Female"
"GL9R-YL9",52968218020,"LD95-VV6","Male"
"GL9R-YL9",52968218021,"9H2F-HV5","Female"
"LDHQ-P5F",52968218022,"LD9R-RB7","Male"
"LDHQ-P5F",52968218023,"LDSS-6H5","Female"
"LD9R-RCZ",52968218040,"GGT6-NYC","Male"
"LD9R-RCZ",52968218041,"GGTD-5CG","Female"
"MBWQ-SF3",52968218042,"LH3J-XVF","Male"
"MBWQ-SF3",52968218043,"KN3T-TR3","Female"
"L1R3-QH7",52968218044,"LD9R-5PH","Male"
"L1R3-QH7",52968218045,"LZM1-YM9","Female"
"M33Z-FHV",52968218046,"GGQ2-T6Y","Male"
"M33Z-FHV",52968218047,"GGQ2-FDK","Female"
"LVTD-MDD",52968218048,"GX7C-LRS","Male"
"LVTD-MDD",52968218049,"GN1M-ZZK","Female"
"GKYX-DNQ",52968218050,"LB2S-1BB","Male"
"GKYX-DNQ",52968218051,"LTG4-ZZ5","Female"
"28YJ-Z4N",52968218056,"9HTX-2CD","Male"
"28YJ-Z4N",52968218057,"G39Q-HBK","Female"
"GGGT-9MX",52968218058,"MXVC-BK8","Male"
"GV4Z-NPS",52968218064,"GCQF-FLC","Male"
"GZKP-3KR",52968218066,"L5LL-BRL","Male"
"GZKP-3KR",52968218067,"GZ4M-H94","Female"
"9H27-6Y3",52968218072,"G6LZ-TWJ","Male"
"MWBC-XS5",52968218074,"9ZHQ-5GQ","Male"
"MWBC-XS5",52968218075,"G6R2-BDM","Female"
"99PY-VJ6",52968218076,"GN31-YTW","Male"
"99PY-VJ6",52968218077,"GN31-P3C","Female"
"G6DL-8L7",52968218078,"GK22-BND","Male"
"G6DL-8L7",52968218079,"GK2B-991","Female"
"99Y7-MCD",52968218080,"KN8N-WHW","Male"
"99Y7-MCD",52968218081,"9SYL-S5H","Female"
"LBKM-9MP",52968218082,"G67W-G57","Male"
"LBKM-9MP",52968218083,"MZHC-RBM","Female"
"L1QG-G8M",52968218084,"LDFZ-8Q1","Male"
"L1QG-G8M",52968218085,"LHPZ-VGH","Female"
"LDW5-66P",52968218088,"LD9R-RB7","Male"
"LDW5-66P",52968218089,"LDSS-6H5","Female"
"LDW5-623",52968218090,"LDMT-HMZ","Male"
"LDW5-623",52968218091,"LD91-ST3","Female"
"KCXK-S69",52968218092,"L8MB-ZMK","Male"
"KCXK-S69",52968218093,"MB1Q-ZWW","Female"
"GJR2-7VD",52968218094,"LDMT-W6R","Male"
"GJR2-7VD",52968218095,"LT83-H6M","Female"
"MKKN-R3H",52968218096,"GG5Y-858","Male"
"9Q6D-L88",52968218098,"GKPX-TG7","Male"
"9Q6D-L88",52968218099,"GN4Z-XZP","Female"
"K417-PHT",52968218100,"LTTZ-YL8","Male"
"K417-PHT",52968218101,"LYSG-SY9","Female"
"9S3D-N8F",52968218102,"9C32-7PC","Male"
"9S3D-N8F",52968218103,"M5YG-GGX","Female"
"LY9D-2F8",52968218112,"LCJD-VX6","Male"
"LY9D-2F8",52968218113,"LD9R-RKH","Female"
"L28D-TJH",52968218114,"9WMP-NNQ","Male"
"L28D-TJH",52968218115,"945D-J9Y","Female"
"GJTS-3TP",52968218116,"GZ8X-GV2","Male"
"GJTS-3TP",52968218117,"G6ZP-B73","Female"
"KDQW-JTJ",52968218120,"9HTX-2CD","Male"
"KDQW-JTJ",52968218121,"G39Q-HBK","Female"
"LDS9-GGV",52968218122,"LZGK-GZB","Male"
"LDS9-GGV",52968218123,"MXKR-J9R","Female"
"G7NH-CM4",52968218128,"G215-NYD","Male"
"G7NH-CM4",52968218129,"GG1F-HTT","Female"
"GLL2-BZV",52968218153,"G8W1-V4X","Female"
"GC4V-KPG",52968218156,"G891-N1Z","Male"
"GC4V-KPG",52968218157,"G3YQ-19T","Female"
"L175-67M",52968218158,"GGKJ-Z1T","Male"
"L175-67M",52968218159,"KL6C-XQV","Female"
"K84R-TMS",52968218160,"LDHB-RRD","Male"
"K84R-TMS",52968218161,"GKVP-QMK","Female"
"LTF2-JTC",52968218164,"9SJJ-97N","Male"
"LTF2-JTC",52968218165,"LZJG-K5N","Female"
"LKNM-HR3",52968218166,"LJ2H-W3S","Male"
"LKNM-HR3",52968218167,"LZ2S-DKM","Female"
"L1QD-DXV",52968218168,"GJ2V-WRY","Male"
"L1QD-DXV",52968218169,"G2CN-HW6","Female"
"LD9P-M8N",52968218170,"LD9P-MFB","Male"
"LD9P-M8N",52968218171,"LH6C-VKZ","Female"
"GNSH-WMX",52968218192,"G7NH-CM4","Male"
"GNSH-WMX",52968218193,"G215-VM8","Female"
"K84R-TMS",52968218200,"LDHB-RRD","Male"
"K84R-TMS",52968218201,"GKVP-QMK","Female"
"LTF2-JTC",52968218204,"9SJJ-97N","Male"
"LTF2-JTC",52968218205,"LZJG-K5N","Female"
"LKNM-HR3",52968218206,"LJ2H-W3S","Male"
"LKNM-HR3",52968218207,"LZ2S-DKM","Female"
"GLL2-BZV",52968218217,"G8W1-V4X","Female"
"GC4V-KPG",52968218220,"G891-N1Z","Male"
"GC4V-KPG",52968218221,"G3YQ-19T","Female"
"L175-67M",52968218222,"GGKJ-Z1T","Male"
"L175-67M",52968218223,"KL6C-XQV","Female"
"K84R-TMS",52968218224,"LDHB-RRD","Male"
"K84R-TMS",52968218225,"GKVP-QMK","Female"
"LTF2-JTC",52968218228,"9SJJ-97N","Male"
"LTF2-JTC",52968218229,"LZJG-K5N","Female"
"LKNM-HR3",52968218230,"LJ2H-W3S","Male"
"LKNM-HR3",52968218231,"LZ2S-DKM","Female"
"L1QD-DXV",52968218232,"GJ2V-WRY","Male"
"L1QD-DXV",52968218233,"G2CN-HW6","Female"
"LD9P-M8N",52968218234,"LD9P-MFB","Male"
"LD9P-M8N",52968218235,"LH6C-VKZ","Female"
"LDHB-RRD",52968218240,"9HTX-2CD","Male"
"LDHB-RRD",52968218241,"L83J-4S6","Female"
"GKVP-QMK",52968218242,"LDHS-Z3V","Male"
"GKVP-QMK",52968218243,"LZGK-ZV2","Female"
"9SJJ-97N",52968218248,"GGG7-Q5M","Male"
"9SJJ-97N",52968218249,"GZL1-BTV","Female"
"LZJG-K5N",52968218250,"KX2S-NWF","Male"
"LZJG-K5N",52968218251,"L7GV-KKS","Female"
"LJ2H-W3S",52968218252,"GD74-RRH","Male"
"LJ2H-W3S",52968218253,"GJ5M-BKM","Female"
"LZ2S-DKM",52968218254,"28YJ-Z4N","Male"
"LZ2S-DKM",52968218255,"GGGT-9MX","Female"
"GJ2V-WRY",52968218256,"G233-LXN","Male"
"GJ2V-WRY",52968218257,"GGWK-NT3","Female"
"LD9P-MFB",52968218260,"GC7G-R6L","Male"
"LD9P-MFB",52968218261,"GC7P-77S","Female"
"L1WT-FRN",52968218272,"GZRK-SFB","Male"
"L1WT-FRN",52968218273,"GVSP-WS2","Female"
"L1WY-QMZ",52968218274,"GHKB-C3J","Male"
"L1WY-QMZ",52968218275,"L5DR-KL8","Female"
"LB5R-TH8",52968218276,"KDQW-JTJ","Male"
"LB5R-TH8",52968218277,"LDS9-GGV","Female"
"LDHQ-P5F",52968218278,"LD9R-RB7","Male"
"LDHQ-P5F",52968218279,"LDSS-6H5","Female"
"LBJ9-GZ4",52968218280,"9ZH7-GMD","Male"
"LBJ9-GZ4",52968218281,"MBYH-395","Female"
"KZPP-B68",52968218282,"G7ZN-5DF","Male"
"L18B-R3G",52968218284,"G2TZ-96Y","Male"
"L18B-R3G",52968218285,"G2T8-97Z","Female"
"KDQH-DJG",52968218286,"L1DD-JMP","Male"
"KDQH-DJG",52968218287,"9WY9-HRJ","Female"
"GQRQ-G6B",52968218304,"GQRQ-K79","Male"
"GQRQ-G6B",52968218305,"GGVR-MY2","Female"
"GGSV-LFL",52968218368,"GGZD-RQR","Male"
"GGSV-LFL",52968218369,"GL9M-YXL","Female"
"G7YH-3GJ",52968218384,"GV4P-VY5","Male"
"G7YH-3GJ",52968218385,"GGJD-JSR","Female"
"GC45-DB8",52968218386,"GZRK-SFB","Male"
"GC45-DB8",52968218387,"GVSP-WS2","Female"
"GLL2-BZV",52968218409,"G8W1-V4X","Female"
"GC4V-KPG",52968218412,"G891-N1Z","Male"
"GC4V-KPG",52968218413,"G3YQ-19T","Female"
"L175-67M",52968218414,"GGKJ-Z1T","Male"
"L175-67M",52968218415,"KL6C-XQV","Female"
"K84R-TMS",52968218416,"LDHB-RRD","Male"
"K84R-TMS",52968218417,"GKVP-QMK","Female"
"LTF2-JTC",52968218420,"9SJJ-97N","Male"
"LTF2-JTC",52968218421,"LZJG-K5N","Female"
"LKNM-HR3",52968218422,"LJ2H-W3S","Male"
"LKNM-HR3",52968218423,"LZ2S-DKM","Female"
"L1QD-DXV",52968218424,"GJ2V-WRY","Male"
"L1QD-DXV",52968218425,"G2CN-HW6","Female"
"LD9P-M8N",52968218426,"LD9P-MFB","Male"
"LD9P-M8N",52968218427,"LH6C-VKZ","Female"
"9C32-7PC",52968218432,"G7YH-3GJ","Male"
"9C32-7PC",52968218433,"GC45-DB8","Female"
"93LF-J1V",52968218436,"L1HZ-WR2","Male"
"93LF-J1V",52968218437,"MDWC-L73","Female"
"931M-DSZ",52968218438,"KFLG-12B","Male"
"931M-DSZ",52968218439,"M5YG-GGX","Female"
"LDSS-8WS",52968218440,"L7LT-X1D","Male"
"9ZCG-R7L",52968218442,"KZPV-BQM","Male"
"9ZCG-R7L",52968218443,"GG81-W5D","Female"
"LRHH-9JN",52968218444,"M1VS-25N","Male"
"LRHH-9JN",52968218445,"LDSS-KHY","Female"
"LZGK-6BD",52968218446,"LZGQ-LJX","Male"
"LZGK-6BD",52968218447,"GG5V-KXG","Female"
"LM1H-8JF",52968218448,"GL9R-YL9","Male"
"LM1H-8JF",52968218449,"LDHQ-P5F","Female"
"LBDD-T2H",52968218450,"G2G5-WJR","Male"
"LBDD-T2H",52968218451,"G2G5-FT5","Female"
"LYJ2-TZG",52968218452,"LBX8-DDN","Male"
"LYJ2-TZG",52968218453,"LDW2-4JB","Female"
"LYJ2-LF5",52968218454,"M1S9-5V6","Male"
"G95M-WZ9",52968218456,"G6RG-6XQ","Male"
"G95M-WZ9",52968218457,"GKNC-F3X","Female"
"9V7R-KN5",52968218458,"GLXF-42Z","Male"
"9V7R-KN5",52968218459,"GLXF-CH3","Female"
"LDW2-QX1",52968218460,"LH7S-18K","Male"
"LDW2-QX1",52968218461,"LDSV-5Q1","Female"
"99Y7-MCD",52968218464,"KN8N-WHW","Male"
"99Y7-MCD",52968218465,"9SYL-S5H","Female"
"LBKM-9MP",52968218466,"G67W-G57","Male"
"LBKM-9MP",52968218467,"MZHC-RBM","Female"
"L1QG-G8M",52968218468,"LDFZ-8Q1","Male"
"L1QG-G8M",52968218469,"LHPZ-VGH","Female"
"LDW5-66P",52968218472,"LD9R-RB7","Male"
"LDW5-66P",52968218473,"LDSS-6H5","Female"
"LDW5-623",52968218474,"LDMT-HMZ","Male"
"LDW5-623",52968218475,"LD91-ST3","Female"
"KCXK-S69",52968218476,"L8MB-ZMK","Male"
"KCXK-S69",52968218477,"MB1Q-ZWW","Female"
"GJR2-7VD",52968218478,"LDMT-W6R","Male"
"GJR2-7VD",52968218479,"LT83-H6M","Female"
"MKKN-R3H",52968218480,"GG5Y-858","Male"
"9Q6D-L88",52968218482,"GKPX-TG7","Male"
"9Q6D-L88",52968218483,"GN4Z-XZP","Female"
"K417-PHT",52968218484,"LTTZ-YL8","Male"
"K417-PHT",52968218485,"LYSG-SY9","Female"
"9S3D-N8F",52968218486,"9C32-7PC","Male"
"9S3D-N8F",52968218487,"M5YG-GGX","Female"
"L8T9-YR8",52968243202,"GXDM-3H9","Male"
"L8T9-YR8",52968243203,"LBHG-TXR","Female"
"MZ68-VKD",52968243208,"GKG8-GMM","Male"
"MZ68-VKD",52968243209,"L2YT-9F8","Female"
"LY72-MRC",52968243210,"LJ2H-W3S","Male"
"LY72-MRC",52968243211,"LZ2S-DKM","Female"
"LDSS-ZCS",52968243212,"G652-89H","Male"
"LDSS-ZCS",52968243213,"GQJ4-YYT","Female"
"LBDX-4LG",52968243214,"G78W-VCW","Male"
"LBDX-4LG",52968243215,"MM93-ND3","Female"
"9W7P-G88",52968247296,"L8YG-8PB","Male"
"9W7P-G88",52968247297,"G7B5-SX2","Female"
"GLB2-PPV",52968247298,"9H4X-GTQ","Male"
"GLB2-PPV",52968247299,"9C44-MQP","Female"
"LZVG-MCV",52968247300,"LKGC-DK6","Male"
"LZVG-MCV",52968247301,"93DX-FVV","Female"
"9S9W-MPL",52968247304,"LCDM-9D5","Male"
"9S9W-MPL",52968247305,"MT39-VLW","Female"
"KFX1-BZD",52968247306,"9C72-WGJ","Male"
"KFX1-BZD",52968247307,"9CZV-2KJ","Female"
"L4Y9-TXB",52968247312,"LZPK-P7H","Male"
"L4Y9-TXB",52968247313,"GN4S-LXY","Female"
"GSX5-T31",52968247314,"9CD1-KW4","Male"
"GSX5-T31",52968247315,"LB2S-623","Female"
"99PY-ZDF",52968247316,"GSXG-5MK","Male"
"99PY-ZDF",52968247317,"GH7C-CVR","Female"
"LYCT-Y9Q",52968247320,"GSKF-F7X","Male"
"LYCT-Y9Q",52968247321,"GF1S-331","Female"
"L142-WBW",52968247322,"9W1F-TP6","Male"
"L142-WBW",52968247323,"K4BW-2FF","Female"
"K6WN-292",52968247324,"LD9Y-G1J","Male"
"K6WN-292",52968247325,"LYZB-L4Y","Female"
"2NBQ-VZ5",52968247326,"9H4X-GTQ","Male"
"2NBQ-VZ5",52968247327,"GG28-2WH","Female"
"LZS9-ZC2",52968247456,"9HYQ-M4G","Male"
"LZS9-ZC2",52968247457,"GJGW-QM6","Female"
"LZ61-F76",52968247458,"LZ19-924","Male"
"LZ61-F76",52968247459,"GL5F-YH1","Female"
"LKDQ-9H8",52968247464,"LKKN-F47","Male"
"LKDQ-9H8",52968247465,"GZG9-5WJ","Female"
"27P5-QDR",52968247466,"G2DV-W2D","Male"
"27P5-QDR",52968247467,"L2NY-ZGC","Female"
"G9JM-FD8",52968247468,"KFYT-G84","Male"
"G9JM-FD8",52968247469,"LDSS-LKR","Female"
"L6ZX-V42",52968247470,"GVB1-LW9","Male"
"L6ZX-V42",52968247471,"M8H1-KRN","Female"
"LDHB-RRD",52968247488,"9HTX-2CD","Male"
"LDHB-RRD",52968247489,"L83J-4S6","Female"
"GKVP-QMK",52968247490,"LDHS-Z3V","Male"
"GKVP-QMK",52968247491,"LZGK-ZV2","Female"
"9SJJ-97N",52968247496,"GGG7-Q5M","Male"
"9SJJ-97N",52968247497,"GZL1-BTV","Female"
"LZJG-K5N",52968247498,"KX2S-NWF","Male"
"LZJG-K5N",52968247499,"L7GV-KKS","Female"
"LJ2H-W3S",52968247500,"GD74-RRH","Male"
"LJ2H-W3S",52968247501,"GJ5M-BKM","Female"
"LZ2S-DKM",52968247502,"28YJ-Z4N","Male"
"LZ2S-DKM",52968247503,"GGGT-9MX","Female"
"GJ2V-WRY",52968247504,"G233-LXN","Male"
"GJ2V-WRY",52968247505,"GGWK-NT3","Female"
"LD9P-MFB",52968247508,"GC7G-R6L","Male"
"LD9P-MFB",52968247509,"GC7P-77S","Female"
"L1WT-FRN",52968247520,"GZRK-SFB","Male"
"L1WT-FRN",52968247521,"GVSP-WS2","Female"
"L1WY-QMZ",52968247522,"GHKB-C3J","Male"
"L1WY-QMZ",52968247523,"L5DR-KL8","Female"
"LB5R-TH8",52968247524,"KDQW-JTJ","Male"
"LB5R-TH8",52968247525,"LDS9-GGV","Female"
"LDHQ-P5F",52968247526,"LD9R-RB7","Male"
"LDHQ-P5F",52968247527,"LDSS-6H5","Female"
"LBJ9-GZ4",52968247528,"9ZH7-GMD","Male"
"LBJ9-GZ4",52968247529,"MBYH-395","Female"
"KZPP-B68",52968247530,"G7ZN-5DF","Male"
"L18B-R3G",52968247532,"G2TZ-96Y","Male"
"L18B-R3G",52968247533,"G2T8-97Z","Female"
"KDQH-DJG",52968247534,"L1DD-JMP","Male"
"KDQH-DJG",52968247535,"9WY9-HRJ","Female"
"GGXJ-WV2",52968247552,"LZN5-Q53","Male"
"GGXJ-WV2",52968247553,"G2XB-DKZ","Female"
"MKXF-2V3",52968247554,"9S73-RBV","Male"
"LDSK-NZJ",52968247616,"9CXC-BT8","Male"
"LDSK-NZJ",52968247617,"L8MP-T1Y","Female"
"LDSH-S2T",52968247618,"LDSH-S6J","Male"
"LDSH-S2T",52968247619,"KND9-P91","Female"
"GW69-B2J",52968247620,"G71X-VLP","Male"
"GW69-B2J",52968247621,"G278-RXX","Female"
"GXQD-1QL",52968247622,"GKYP-ZCF","Male"
"GXQD-1QL",52968247623,"GKYP-T1X","Female"
"GMPD-1D1",52968247624,"GZ8X-GV2","Male"
"GMPD-1D1",52968247625,"G6ZP-B73","Female"
"GLFD-7MD",52968247628,"GMMD-GH5","Male"
"GLFD-7MD",52968247629,"LBK1-86P","Female"
"GGFH-MVX",52968247630,"LCJD-VX6","Male"
"GGFH-MVX",52968247631,"LD9R-RKH","Female"
"9HTX-2CD",52968247632,"9HRG-JDL","Male"
"9HTX-2CD",52968247633,"LDH1-G9D","Female"
"G39Q-HBK",52968247634,"KX2S-NWF","Male"
"G39Q-HBK",52968247635,"L7GV-KKS","Female"
"LZGK-GZB",52968247636,"LZ8D-9DK","Male"
"LZGK-GZB",52968247637,"GK9J-9XB","Female"
"MXKR-J9R",52968247638,"9QZD-J5R","Male"
"MXKR-J9R",52968247639,"L18P-6ZG","Female"
"LDSS-8LB",52968247648,"LVMF-2JP","Male"
"LDSS-8LB",52968247649,"GW2T-LDK","Female"
"G2RP-CG1",52968247650,"LDSS-D1D","Male"
"G2RP-CG1",52968247651,"GKZ8-SNZ","Female"
"KJP2-TBR",52968247656,"LZLG-V3F","Male"
"KJP2-TBR",52968247657,"LH6K-2BP","Female"
"GFN3-DQ5",52968247658,"GJYM-TGG","Male"
"GFN3-DQ5",52968247659,"LBPM-PVV","Female"
"GQ59-8LX",52968247660,"GQMM-WCR","Male"
"GQ59-8LX",52968247661,"G29Z-H7W","Female"
"GSCJ-Z9D",52968247662,"LYS6-FRB","Male"
"GSCJ-Z9D",52968247663,"L1JY-KRP","Female"
"GJT8-PTZ",52968247680,"G2WN-GBM","Male"
"KZRV-GQV",52968247684,"9SPT-P9Z","Male"
"KZRV-GQV",52968247685,"9H47-N1Q","Female"
"LY9D-2F8",52968247936,"LCJD-VX6","Male"
"LY9D-2F8",52968247937,"LD9R-RKH","Female"
"L28D-TJH",52968247938,"9WMP-NNQ","Male"
"L28D-TJH",52968247939,"945D-J9Y","Female"
"GJTS-3TP",52968247940,"GZ8X-GV2","Male"
"GJTS-3TP",52968247941,"G6ZP-B73","Female"
"KDQW-JTJ",52968247944,"9HTX-2CD","Male"
"KDQW-JTJ",52968247945,"G39Q-HBK","Female"
"LDS9-GGV",52968247946,"LZGK-GZB","Male"
"LDS9-GGV",52968247947,"MXKR-J9R","Female"
"G7NH-CM4",52968247952,"G215-NYD","Male"
"G7NH-CM4",52968247953,"GG1F-HTT","Female"
"GLL2-BZV",52968247977,"G8W1-V4X","Female"
"GC4V-KPG",52968247980,"G891-N1Z","Male"
"GC4V-KPG",52968247981,"G3YQ-19T","Female"
"L175-67M",52968247982,"GGKJ-Z1T","Male"
"L175-67M",52968247983,"KL6C-XQV","Female"
"K84R-TMS",52968247984,"LDHB-RRD","Male"
"K84R-TMS",52968247985,"GKVP-QMK","Female"
"LTF2-JTC",52968247988,"9SJJ-97N","Male"
"LTF2-JTC",52968247989,"LZJG-K5N","Female"
"LKNM-HR3",52968247990,"LJ2H-W3S","Male"
"LKNM-HR3",52968247991,"LZ2S-DKM","Female"
"L1QD-DXV",52968247992,"GJ2V-WRY","Male"
"L1QD-DXV",52968247993,"G2CN-HW6","Female"
"LD9P-M8N",52968247994,"LD9P-MFB","Male"
"LD9P-M8N",52968247995,"LH6C-VKZ","Female"
"GNSH-WMX",52968248016,"G7NH-CM4","Male"
"GNSH-WMX",52968248017,"G215-VM8","Female"
"K84R-TMS",52968248024,"LDHB-RRD","Male"
"K84R-TMS",52968248025,"GKVP-QMK","Female"
"LTF2-JTC",52968248028,"9SJJ-97N","Male"
"LTF2-JTC",52968248029,"LZJG-K5N","Female"
"LKNM-HR3",52968248030,"LJ2H-W3S","Male"
"LKNM-HR3",52968248031,"LZ2S-DKM","Female"
"GLL2-BZV",52968248041,"G8W1-V4X","Female"
"GC4V-KPG",52968248044,"G891-N1Z","Male"
"GC4V-KPG",52968248045,"G3YQ-19T","Female"
"L175-67M",52968248046,"GGKJ-Z1T","Male"
"L175-67M",52968248047,"KL6C-XQV","Female"
"K84R-TMS",52968248048,"LDHB-RRD","Male"
"K84R-TMS",52968248049,"GKVP-QMK","Female"
"LTF2-JTC",52968248052,"9SJJ-97N","Male"
"LTF2-JTC",52968248053,"LZJG-K5N","Female"
"LKNM-HR3",52968248054,"LJ2H-W3S","Male"
"LKNM-HR3",52968248055,"LZ2S-DKM","Female"
"L1QD-DXV",52968248056,"GJ2V-WRY","Male"
"L1QD-DXV",52968248057,"G2CN-HW6","Female"
"LD9P-M8N",52968248058,"LD9P-MFB","Male"
"LD9P-M8N",52968248059,"LH6C-VKZ","Female"
"G8F3-MXY",52968280072,"GZSD-5JK","Male"
"G8F3-MXY",52968280073,"GM4H-LD2","Female"
"LK6D-M2Y",52968280076,"MNGL-KK4","Male"
"LK6D-M2Y",52968280077,"GL7G-3Z6","Female"
"LZJQ-KN6",52968280078,"GKGD-BLB","Male"
"LZJQ-KN6",52968280079,"CC8V-FKX","Female"
"9WCC-FSZ",52968280080,"GC35-TBX","Male"
"9WCC-FSZ",52968280081,"GN17-9YY","Female"
"LVKC-WC1",52968280082,"MZ68-VKD","Male"
"LVKC-WC1",52968280083,"LY72-MRC","Female"
"GX52-ZZQ",52968280352,"GFJ1-LXM","Male"
"GX52-ZZQ",52968280353,"GGRL-GMV","Female"
"GX52-ZZQ",52968280384,"GFJ1-LXM","Male"
"GX52-ZZQ",52968280385,"GGRL-GMV","Female"
"GK4L-Z73",52968280448,"GGPW-8R4","Male"
"GK4L-Z73",52968280449,"GGPW-NPT","Female"
"GZYV-6LH",52968280450,"G2SL-ZYV","Male"
"GZYV-6LH",52968280451,"G23M-21F","Female"
"K417-PHT",52968280452,"LTTZ-YL8","Male"
"K417-PHT",52968280453,"LYSG-SY9","Female"
"9S3D-N8F",52968280454,"9C32-7PC","Male"
"9S3D-N8F",52968280455,"M5YG-GGX","Female"
"GLP1-MBL",52968280480,"GLP1-SJ7","Male"
"GLP1-MBL",52968280481,"GXV9-9MZ","Female"
"94RF-8ZT",52968283520,"MVJ5-6DP","Male"
"94RF-8ZT",52968283521,"GHFZ-BXZ","Female"
"MDMV-GWM",52968283522,"MXLC-JC1","Male"
"GQG3-8CV",52968283594,"G67W-G57","Male"
"GQG3-8CV",52968283595,"MZHC-RBM","Female"
"GF59-F78",52995033608,"GS35-LG3","Male"
"GF59-F78",52995033609,"GD5L-FFK","Female"
"GLFD-4JJ",52995033610,"G6RN-N7D","Male"
"GLFD-4JJ",52995033611,"GVBV-B6W","Female"
"L62H-Z9T",52995033612,"LDHS-DWJ","Male"
"GVSP-PVV",52995033614,"G2H3-QFZ","Male"
"GVSP-PVV",52995033615,"G2H3-MGK","Female"
"L7N5-6KK",52995033696,"GGPW-WF1","Male"
"L7N5-6KK",52995033697,"G8S8-XCR","Female"
"L87C-W52",52995033698,"GGY5-1SY","Male"
"L87C-W52",52995033699,"GGYR-7QZ","Female"
"LZXX-FT2",52995033700,"G3TC-Q79","Male"
"LZXX-FT2",52995033701,"L8TJ-56P","Female"
"GNN8-QJH",52995033702,"GPMS-QSZ","Male"
"GNN8-QJH",52995033703,"GLBY-NYX","Female"
"KGSQ-35V",52995033712,"L1H5-9N6","Male"
"KGSQ-35V",52995033713,"G2LB-R53","Female"
"9ZHZ-89Q",52995033716,"9C3G-QBG","Male"
"9ZHZ-89Q",52995033717,"GKZQ-BG1","Female"
"G8L4-56J",52995033718,"L7T5-PSJ","Male"
"G8L4-56J",52995033719,"LHQP-B81","Female"
"MW4S-HPZ",52995063808,"LVST-L96","Male"
"MW4S-HPZ",52995063809,"KN8K-7G6","Female"
"L1DW-Q5N",52995063816,"LY5W-N6P","Male"
"L1DW-Q5N",52995063817,"LHWS-BFW","Female"
"2781-6PP",52995063818,"GDB8-4V9","Male"
"2781-6PP",52995063819,"GVZM-RKC","Female"
"G36D-72Y",52995063820,"LBBB-4XS","Male"
"G36D-72Y",52995063821,"LDHS-6S3","Female"
"L18F-8KW",52995063822,"LM1T-ZQX","Male"
"L18F-8KW",52995063823,"273M-74Y","Female"
"GNMR-VQS",52995063840,"GX9B-776","Male"
"GNMR-VQS",52995063841,"LYBJ-CM9","Female"
"GX9B-F9C",52995063842,"GX9B-6XG","Male"
"GX9B-F9C",52995063843,"GXQ3-RX9","Female"
"GXV9-X1J",52995063848,"LVST-L96","Male"
"GXV9-X1J",52995063849,"KN8K-7G6","Female"
"M3J7-FVM",52995063856,"GG1P-VYY","Male"
"M3J7-FVM",52995063857,"G298-TGJ","Female"
"LDW2-1TJ",52995063864,"GQP1-CYV","Male"
"LDW2-1TJ",52995063865,"GS8P-Y7X","Female"
"GHRD-YKD",52995063866,"LDS9-5FD","Male"
"GHRD-YKD",52995063867,"GX7W-WQR","Female"
"LCDM-NZH",52995063868,"LBBB-4XS","Male"
"LCDM-NZH",52995063869,"LDHS-6S3","Female"
"MT39-VLW",52995063870,"LCDM-N61","Male"
"MT39-VLW",52995063871,"LZF7-33W","Female"
"GMSP-9XR",52995063872,"L2H4-9QX","Male"
"GMSP-9XR",52995063873,"GVD1-N5F","Female"
"KLXB-6QR",52995063874,"GQP1-CYV","Male"
"KLXB-6QR",52995063875,"GS8P-Y7X","Female"
"LBBB-4XS",52995063876,"KT4G-S84","Male"
"LBBB-4XS",52995063877,"GG1G-YJM","Female"
"LDHS-6S3",52995063878,"9H6Q-VVW","Male"
"LDHS-6S3",52995063879,"932C-Q9B","Female"
"L8TY-B3W",52995063880,"LYX6-GC4","Male"
"L8TY-B3W",52995063881,"L8YB-MPN","Female"
"LDSH-3GG",52995063882,"L811-5PV","Male"
"LDSH-3GG",52995063883,"K8CL-3R6","Female"
"9S9W-MPL",52995063884,"LCDM-9D5","Male"
"9S9W-MPL",52995063885,"MT39-VLW","Female"
"KFX1-BZD",52995063886,"9C72-WGJ","Male"
"KFX1-BZD",52995063887,"9CZV-2KJ","Female"
"9CHW-MJN",52995063888,"9CHW-MVL","Male"
"9CHW-MJN",52995063889,"G8XP-N4Q","Female"
"GST8-ZH8",52995063890,"GDNC-BN3","Male"
"GST8-ZH8",52995063891,"GKGT-7M6","Female"
"GZNQ-R1Z",52995063892,"GDZW-D1G","Male"
"GZNQ-R1Z",52995063893,"GX75-XG9","Female"
"GD2P-T72",52995063896,"GSBT-B2J","Male"
"GD2P-T72",52995063897,"G65Z-HRD","Female"
"L7NG-DRP",52995063904,"9H5N-BFF","Male"
"L7NG-DRP",52995063905,"GKZ8-4FD","Female"
"LYTH-K3C",52995063906,"G6Q3-JX4","Male"
"LTT6-YJQ",52995063908,"GVBH-MTY","Male"
"29H4-2Y1",52995063912,"GV1M-FDM","Male"
"29H4-2Y1",52995063913,"GKZ8-Q9M","Female"
"GKZ8-Q9M",52995063914,"G2DP-9XR","Male"
"G8W1-CJS",52995063916,"G7D4-7W8","Male"
"G8W1-CJS",52995063917,"GZ58-VPL","Female"
"GKCC-J1G",52995063918,"LZK3-LK2","Male"
"GKCC-J1G",52995063919,"M185-RW3","Female"
"GH7M-QSF",52995063920,"LHXT-LR1","Male"
"GH7M-QSF",52995063921,"GLTD-CTG","Female"
"G4SP-ZYT",52995063922,"GGBP-P1C","Male"
"G4SP-ZYT",52995063923,"GGBP-Y4C","Female"
"L1DW-Q5N",52995063932,"LY5W-N6P","Male"
"L1DW-Q5N",52995063933,"LHWS-BFW","Female"
"2781-6PP",52995063934,"GDB8-4V9","Male"
"2781-6PP",52995063935,"GVZM-RKC","Female"
"GNMT-9B8",52995063936,"GNMR-VQS","Male"
"GNMT-9B8",52995063937,"GX9B-F9C","Female"
"G2L1-NGS",52995063940,"GXV9-X1J","Male"
"G2L1-NGS",52995063941,"GGK8-R6W","Female"
"LDST-GBG",52995063944,"M3J7-FVM","Male"
"LDST-GBG",52995063945,"GKST-4MC","Female"
"L8YB-MKM",52995063948,"LDW2-1TJ","Male"
"L8YB-MKM",52995063949,"GHRD-YKD","Female"
"GGRB-NL2",52995063950,"LCDM-NZH","Male"
"GGRB-NL2",52995063951,"MT39-VLW","Female"
"LDSK-NZJ",52995063960,"9CXC-BT8","Male"
"LDSK-NZJ",52995063961,"L8MP-T1Y","Female"
"LDSH-S2T",52995063962,"LDSH-S6J","Male"
"LDSH-S2T",52995063963,"KND9-P91","Female"
"GW69-B2J",52995063964,"G71X-VLP","Male"
"GW69-B2J",52995063965,"G278-RXX","Female"
"GXQD-1QL",52995063966,"GKYP-ZCF","Male"
"GXQD-1QL",52995063967,"GKYP-T1X","Female"
"GVYJ-ZZJ",52995063968,"GLPP-BF3","Male"
"GVYJ-ZZJ",52995063969,"L6KC-J2Y","Female"
"L198-LRM",52995063972,"LDPX-VWT","Male"
"L198-LRM",52995063973,"GMXZ-2CC","Female"
"LCFL-9DP",52995063974,"LB27-YWT","Male"
"LCFL-9DP",52995063975,"GWZB-NNM","Female"
"9QZD-J5R",52995063976,"L1DW-Q5N","Male"
"9QZD-J5R",52995063977,"2781-6PP","Female"
"L18P-6ZG",52995063978,"G36D-72Y","Male"
"L18P-6ZG",52995063979,"L18F-8KW","Female"
"LDW2-RVK",52995063980,"LYDW-KW7","Male"
"LDW2-RVK",52995063981,"LY67-3N8","Female"
"LDW2-RVB",52995063982,"LR1T-XQ7","Male"
"LDW2-RVB",52995063983,"GZXX-B8X","Female"
"GLHT-H9Z",52995063988,"G9G8-ZCS","Male"
"GLHT-H9Z",52995063989,"GVHV-7WD","Female"
"9HTX-2CD",52995064000,"9HRG-JDL","Male"
"9HTX-2CD",52995064001,"LDH1-G9D","Female"
"G39Q-HBK",52995064002,"KX2S-NWF","Male"
"G39Q-HBK",52995064003,"L7GV-KKS","Female"
"LZGK-GZB",52995064004,"LZ8D-9DK","Male"
"LZGK-GZB",52995064005,"GK9J-9XB","Female"
"MXKR-J9R",52995064006,"9QZD-J5R","Male"
"MXKR-J9R",52995064007,"L18P-6ZG","Female"
"GG5W-TJ1",52995064008,"GGB9-4CK","Male"
"GG5W-TJ1",52995064009,"9MTF-W16","Female"
"LZ19-924",52995064012,"LZF6-M94","Male"
"LZ19-924",52995064013,"GWW8-LWR","Female"
"LD95-VVH",52995064016,"LD97-4RG","Male"
"LD95-VVH",52995064017,"LDSS-BYY","Female"
"99SD-Z4Q",52995064018,"L8RR-S6X","Male"
"99SD-Z4Q",52995064019,"L8RR-S6J","Female"
"MBGG-7NP",52995064020,"LZ9M-HWG","Male"
"MBGG-7NP",52995064021,"9M85-YGM","Female"
"LD9R-SHL",52995064022,"21JJ-KNR","Male"
"LD9R-SHL",52995064023,"GZL8-6WN","Female"
"LD9R-RYR",52995064024,"LCRR-KM2","Male"
"LD9R-RYR",52995064025,"LDW5-JN2","Female"
"M15L-V4Q",52995064026,"LD9Y-C7T","Male"
"M15L-V4Q",52995064027,"LD9Y-CW9","Female"
"L133-HLP",52995064028,"94T6-749","Male"
"L133-HLP",52995064029,"GLLC-968","Female"
"KH8N-T92",52995064030,"L1DW-Q5N","Male"
"KH8N-T92",52995064031,"2781-6PP","Female"
"G7XJ-1LY",52995064064,"L6NQ-1X6","Male"
"G7XJ-1LY",52995064065,"GDX5-HMR","Female"
"LZF6-M94",52995064072,"KGSQ-35V","Male"
"LZF6-M94",52995064073,"GKZQ-S2R","Female"
"GWW8-LWR",52995064074,"9ZHZ-89Q","Male"
"GWW8-LWR",52995064075,"G8L4-56J","Female"
"938W-39J",52995064096,"LCBD-GVR","Male"
"938W-39J",52995064097,"LCB8-2VX","Female"
"9W89-MK6",52995064098,"L8MB-ZF7","Male"
"9W89-MK6",52995064099,"L83F-5Z6","Female"
"LYXW-BQK",52995064100,"G791-PCN","Male"
"L8YY-PP2",52995064112,"LCN5-99B","Male"
"L8YY-PP2",52995064113,"LYNX-745","Female"
"LT5Z-556",52995064114,"GS83-FSL","Male"
"LT5Z-556",52995064115,"GL79-7R2","Female"
"LBGF-H83",52995064116,"LRQD-FS2","Male"
"LBGF-H83",52995064117,"L5VF-6MD","Female"
"LZ56-WY6",52995064118,"GJSD-GLT","Male"
"LZ56-WY6",52995064119,"GVMD-TBD","Female"
"9CXC-B7Y",52995064120,"L1WS-BMM","Male"
"9CXC-B7Y",52995064121,"9Z8D-P68","Female"
"LZBY-TS8",52995064122,"LDMN-PWB","Male"
"LZBY-TS8",52995064123,"2NBQ-FP2","Female"
"GK9Q-S8F",52995064124,"L81Y-9GD","Male"
"GK9Q-S8F",52995064125,"LB2S-PWM","Female"
"L8WY-72D",52995064144,"GK25-3JB","Male"
"L8WY-72D",52995064145,"GV4D-MFG","Female"
"LDSS-KBB",52995064148,"GKQ6-ZVV","Male"
"LDSS-KBB",52995064149,"GGQN-PGD","Female"
"LDSS-288",52995064160,"GGKJ-Z1T","Male"
"LDSS-288",52995064161,"KL6C-XQV","Female"
"G6PK-MQW",52995064162,"GD5G-QGN","Male"
"G6PK-MQW",52995064163,"GGJ8-YWG","Female"
"9WMP-NNQ",52995064164,"99PT-NTZ","Male"
"9WMP-NNQ",52995064165,"G98Z-6RZ","Female"
"945D-J9Y",52995064166,"LZ9M-HWG","Male"
"945D-J9Y",52995064167,"9M85-YGM","Female"
"LDSS-26H",52995064168,"9W7P-G88","Male"
"LDSS-26H",52995064169,"GLB2-PPV","Female"
"L6SC-CJF",52995064170,"LZVG-MCV","Male"
"L6SC-CJF",52995064171,"LQR5-6N2","Female"
"LZLQ-664",52995064172,"9S9W-MPL","Male"
"LZLQ-664",52995064173,"KFX1-BZD","Female"
"9HTX-2CD",52995064176,"9HRG-JDL","Male"
"9HTX-2CD",52995064177,"LDH1-G9D","Female"
"G39Q-HBK",52995064178,"KX2S-NWF","Male"
"G39Q-HBK",52995064179,"L7GV-KKS","Female"
"LZGK-GZB",52995064180,"LZ8D-9DK","Male"
"LZGK-GZB",52995064181,"GK9J-9XB","Female"
"MXKR-J9R",52995064182,"9QZD-J5R","Male"
"MXKR-J9R",52995064183,"L18P-6ZG","Female"
"GLBB-B7J",52995064192,"GQZM-VZS","Male"
"GKY2-HZS",52995064194,"G2CX-F3P","Male"
"GKY2-HZS",52995064195,"G2CX-M5V","Female"
"GMWX-WW1",52995064200,"GQZM-VZS","Male"
"LCRR-KM2",52995064256,"9H6Q-VVW","Male"
"LCRR-KM2",52995064257,"9HPT-832","Female"
"LDW5-JN2",52995064258,"9C72-WGJ","Male"
"LDW5-JN2",52995064259,"9CZV-2KJ","Female"
"LD9Y-C7T",52995064260,"9SJP-9TN","Male"
"LD9Y-C7T",52995064261,"LVDV-KPT","Female"
"LD9Y-CW9",52995064262,"LZDH-NFR","Male"
"LD9Y-CW9",52995064263,"LD9C-ZGZ","Female"
"94T6-749",52995064264,"GKZ8-PM1","Male"
"94T6-749",52995064265,"GMXZ-2CC","Female"
"GLLC-968",52995064266,"G8K3-VQ8","Male"
"GLLC-968",52995064267,"G9TH-6YX","Female"
"L1DW-Q5N",52995064268,"LY5W-N6P","Male"
"L1DW-Q5N",52995064269,"LHWS-BFW","Female"
"2781-6PP",52995064270,"GDB8-4V9","Male"
"2781-6PP",52995064271,"GVZM-RKC","Female"
"L8YY-PP2",52995064272,"LCN5-99B","Male"
"L8YY-PP2",52995064273,"LYNX-745","Female"
"LT5Z-556",52995064274,"GS83-FSL","Male"
"LT5Z-556",52995064275,"GL79-7R2","Female"
"LBGF-H83",52995064276,"LRQD-FS2","Male"
"LBGF-H83",52995064277,"L5VF-6MD","Female"
"LZ56-WY6",52995064278,"GJSD-GLT","Male"
"LZ56-WY6",52995064279,"GVMD-TBD","Female"
"9CXC-B7Y",52995064280,"L1WS-BMM","Male"
"9CXC-B7Y",52995064281,"9Z8D-P68","Female"
"LZBY-TS8",52995064282,"LDMN-PWB","Male"
"LZBY-TS8",52995064283,"2NBQ-FP2","Female"
"GK9Q-S8F",52995064284,"L81Y-9GD","Male"
"GK9Q-S8F",52995064285,"LB2S-PWM","Female"
"L8YY-PZ9",52995064288,"LBBB-4XS","Male"
"L8YY-PZ9",52995064289,"LDHS-6S3","Female"
"9H65-XXK",52995064290,"L8YY-PH5","Male"
"9H65-XXK",52995064291,"KFX1-BZD","Female"
"GVD8-NJ7",52995064294,"GPSX-XT1","Male"
"GVD8-NJ7",52995064295,"GPSX-KP8","Female"
"GGZQ-BP3",52995064296,"GZ44-VYR","Male"
"GGZQ-BP3",52995064297,"GKZ8-XPF","Female"
"GHNF-BYC",52995064298,"LTCX-SR2","Male"
"GHNF-BYC",52995064299,"GKZ8-XW3","Female"
"GN8V-37D",52995064302,"LB27-YWT","Male"
"GN8V-37D",52995064303,"GWZB-NNM","Female"
"LZLG-V3F",52995064304,"L7NG-DRP","Male"
"LZLG-V3F",52995064305,"LYTH-K3C","Female"
"LH6K-2BP",52995064306,"LTT6-YJQ","Male"
"LH6K-2BP",52995064307,"GV8X-JR1","Female"
"GJYM-TGG",52995064308,"29H4-2Y1","Male"
"GJYM-TGG",52995064309,"GKZ8-Q9M","Female"
"LBPM-PVV",52995064310,"G8W1-CJS","Male"
"LBPM-PVV",52995064311,"GKCC-J1G","Female"
"GQMM-WCR",52995064312,"GH7M-QSF","Male"
"GQMM-WCR",52995064313,"G4SP-ZYT","Female"
"L1JY-KRP",52995064318,"L1DW-Q5N","Male"
"L1JY-KRP",52995064319,"2781-6PP","Female"
"L2SW-HYX",52995067904,"GGW2-Z5T","Male"
"L2SW-HYX",52995067905,"GJYL-2H1","Female"
"GHD2-HFW",52995069976,"GNMT-9B8","Male"
"GHD2-HFW",52995069977,"GQMB-LY2","Female"
"GGNF-TFK",52995069978,"G2L1-NGS","Male"
"GGNF-TFK",52995069979,"LYS8-8T1","Female"
"LDST-G1M",52995069980,"LDST-GBG","Male"
"LDST-G1M",52995069981,"GQHJ-RF8","Female"
"GSCT-6ST",52995069982,"L8YB-MKM","Male"
"GSCT-6ST",52995069983,"GGRB-NL2","Female"
"GX52-ZZQ",52995070112,"GFJ1-LXM","Male"
"GX52-ZZQ",52995070113,"GGRL-GMV","Female"
"GX52-ZZQ",52995070144,"GFJ1-LXM","Male"
"GX52-ZZQ",52995070145,"GGRL-GMV","Female"
"GJP4-M8H",52995070464,"GJG6-FM6","Male"
"GJP4-M8H",52995070465,"GZHN-5ZY","Female"
"GJ44-S71",52995070466,"G2MV-RXJ","Male"
"GJ44-S71",52995070467,"G225-ZT6","Female"
"GX5X-YX2",52995070476,"GX5F-44L","Male"
"GLYZ-81C",52995070496,"GG3N-PZ2","Male"
"GGJK-WWN",52995070500,"G691-HJB","Male"
"GGJK-WWN",52995070501,"GGJK-QKZ","Female"
"GLMK-3FQ",52995070502,"LCDM-9D5","Male"
"GLMK-3FQ",52995070503,"GXVH-RJJ","Female"
"L4Y9-TXB",52995070504,"LZPK-P7H","Male"
"L4Y9-TXB",52995070505,"GN4S-LXY","Female"
"GSX5-T31",52995070506,"9CD1-KW4","Male"
"GSX5-T31",52995070507,"LB2S-623","Female"
"99PY-ZDF",52995070508,"GSXG-5MK","Male"
"99PY-ZDF",52995070509,"GH7C-CVR","Female"
"G8WB-MGZ",52995070528,"G7T1-72X","Male"
"G8WB-MGZ",52995070529,"G7TB-YKK","Female"
"GZ11-7D6",52995070530,"GX7C-LRS","Male"
"GZ11-7D6",52995070531,"GN1M-ZZK","Female"
"GV1G-PNW",52995070532,"GG1P-3D3","Male"
"GV1G-PNW",52995070533,"GG1P-C6R","Female"
"G9BS-LX8",52995070544,"L2Y1-PH3","Male"
"GJM6-MPH",52995070550,"GJMD-YMZ","Male"
"GJM6-MPH",52995070551,"G6YJ-SZ6","Female"
"G7XJ-1LY",52995070720,"L6NQ-1X6","Male"
"G7XJ-1LY",52995070721,"GDX5-HMR","Female"
"LZF6-M94",52995070728,"KGSQ-35V","Male"
"LZF6-M94",52995070729,"GKZQ-S2R","Female"
"GWW8-LWR",52995070730,"9ZHZ-89Q","Male"
"GWW8-LWR",52995070731,"G8L4-56J","Female"
"L8WY-72D",52995070736,"GK25-3JB","Male"
"L8WY-72D",52995070737,"GV4D-MFG","Female"
"LDSS-KBB",52995070740,"GKQ6-ZVV","Male"
"LDSS-KBB",52995070741,"GGQN-PGD","Female"
"GK5F-8MJ",52995070765,"GMVG-Y3G","Female"
"GKCC-66Q",52995070881,"9Z8X-1VF","Female"
"GKCC-G4J",52995070884,"G4S6-2V8","Male"
"GKCC-G4J",52995070885,"G64M-PSP","Female"
"G3QJ-6P9",52995070886,"GJ28-8RC","Male"
"G8W1-CJS",52995070888,"G7D4-7W8","Male"
"G8W1-CJS",52995070889,"GZ58-VPL","Female"
"GKCC-J1G",52995070890,"LZK3-LK2","Male"
"GKCC-J1G",52995070891,"M185-RW3","Female"
"LZLG-V3F",52995070896,"L7NG-DRP","Male"
"LZLG-V3F",52995070897,"LYTH-K3C","Female"
"LH6K-2BP",52995070898,"LTT6-YJQ","Male"
"LH6K-2BP",52995070899,"GV8X-JR1","Female"
"GJYM-TGG",52995070900,"29H4-2Y1","Male"
"GJYM-TGG",52995070901,"GKZ8-Q9M","Female"
"LBPM-PVV",52995070902,"G8W1-CJS","Male"
"LBPM-PVV",52995070903,"GKCC-J1G","Female"
"GQMM-WCR",52995070904,"GH7M-QSF","Male"
"GQMM-WCR",52995070905,"G4SP-ZYT","Female"
"L1JY-KRP",52995070910,"L1DW-Q5N","Male"
"L1JY-KRP",52995070911,"2781-6PP","Female"
"GV4P-VY5",52995162112,"LCCZ-SSV","Male"
"GV4P-VY5",52995162113,"GSC5-SBV","Female"
"GGJD-JSR",52995162114,"G9FS-BL2","Male"
"GGJD-JSR",52995162115,"GGXP-5J3","Female"
"GZRK-SFB",52995162116,"GLZW-7GF","Male"
"GZRK-SFB",52995162117,"GVSG-X5N","Female"
"GVSP-WS2",52995162118,"G6T6-SZ3","Male"
"GVSP-WS2",52995162119,"GZB1-L61","Female"
"LYKM-77Q",52995162752,"LTX5-SQZ","Male"
"LYKM-77Q",52995162753,"L5K3-3D7","Female"
"G9KN-N8D",52995162754,"G7PX-SZB","Male"
"G9KN-N8D",52995162755,"GNCF-W7M","Female"
"GNMR-VQS",52995178592,"GX9B-776","Male"
"GNMR-VQS",52995178593,"LYBJ-CM9","Female"
"GX9B-F9C",52995178594,"GX9B-6XG","Male"
"GX9B-F9C",52995178595,"GXQ3-RX9","Female"
"GXV9-X1J",52995178600,"LVST-L96","Male"
"GXV9-X1J",52995178601,"KN8K-7G6","Female"
"M3J7-FVM",52995178608,"GG1P-VYY","Male"
"M3J7-FVM",52995178609,"G298-TGJ","Female"
"LDW2-1TJ",52995178616,"GQP1-CYV","Male"
"LDW2-1TJ",52995178617,"GS8P-Y7X","Female"
"GHRD-YKD",52995178618,"LDS9-5FD","Male"
"GHRD-YKD",52995178619,"GX7W-WQR","Female"
"LCDM-NZH",52995178620,"LBBB-4XS","Male"
"LCDM-NZH",52995178621,"LDHS-6S3","Female"
"MT39-VLW",52995178622,"LCDM-N61","Male"
"MT39-VLW",52995178623,"LZF7-33W","Female"
"LDSS-26H",52995217408,"9W7P-G88","Male"
"LDSS-26H",52995217409,"GLB2-PPV","Female"
"L6SC-CJF",52995217410,"LZVG-MCV","Male"
"L6SC-CJF",52995217411,"LQR5-6N2","Female"
"LZLQ-664",52995217412,"9S9W-MPL","Male"
"LZLQ-664",52995217413,"KFX1-BZD","Female"
"94HZ-CG3",52995217416,"L4Y9-TXB","Male"
"94HZ-CG3",52995217417,"GSX5-T31","Female"
"LDSS-BYY",52995217418,"99PY-ZDF","Male"
"LDSS-BYY",52995217419,"LD97-C7T","Female"
"L8RR-S6X",52995217420,"LYCT-Y9Q","Male"
"L8RR-S6X",52995217421,"L142-WBW","Female"
"L8RR-S6J",52995217422,"K6WN-292","Male"
"L8RR-S6J",52995217423,"2NBQ-VZ5","Female"
"GXD6-NBC",52995217440,"LT83-YRW","Male"
"GXD6-NBC",52995217441,"GCSF-88Q","Female"
"G23C-HT1",52995217448,"29H4-2Y1","Male"
"G23C-HT1",52995217449,"GKZ8-Q9M","Female"
"93LP-LVJ",52995217452,"9S8N-BNB","Male"
"93LP-LVJ",52995217453,"GG6X-7XK","Female"
"LBSF-ZFR",52995217454,"KZSM-RXV","Male"
"LBSF-ZFR",52995217455,"LD9R-RBH","Female"
"LCVR-TFD",52995217456,"GVNC-TFT","Male"
"LCVR-TFD",52995217457,"GNFT-19B","Female"
"9Z4P-BQB",52995217458,"LZLQ-664","Male"
"9Z4P-BQB",52995217459,"GK2Y-MJB","Female"
"LDW2-41W",52995217460,"94HZ-CG3","Male"
"LDW2-41W",52995217461,"LDSS-BYY","Female"
"G4NJ-GVF",52995217462,"L8RR-S6X","Male"
"G4NJ-GVF",52995217463,"L8RR-S6J","Female"
"LD97-CH9",52995217464,"99PY-ZDF","Male"
"LD97-CH9",52995217465,"LD97-C7T","Female"
"KH4Q-2SB",52995217466,"LL43-FM6","Male"
"KH4Q-2SB",52995217467,"9CMJ-R5M","Female"
"94YF-JDG",52995217468,"L15Q-4BH","Male"
"94YF-JDG",52995217469,"LT36-BWL","Female"
"G8WY-6L8",52995217470,"21JJ-KNR","Male"
"G8WY-6L8",52995217471,"GZL8-6WN","Female"
"GG3J-2F1",52995217472,"LZZ9-DZP","Male"
"GG3J-2F1",52995217473,"LYXN-DBC","Female"
"LDSV-PC1",52995217474,"LDSV-RVD","Male"
"LDSV-PC1",52995217475,"LDSV-RG8","Female"
"2Z98-QKN",52995217476,"GGD3-D92","Male"
"2Z98-QKN",52995217477,"GX56-KLT","Female"
"GDCF-ZCT",52995217478,"G94Q-8SY","Male"
"GDCF-ZCT",52995217479,"G6RT-9MK","Female"
"GJ4X-C6N",52995217484,"GJS6-D9X","Male"
"GJ4X-C6N",52995217485,"GXJ2-33R","Female"
"G4QS-TSJ",52995217486,"LYSZ-BQC","Male"
"G4QS-TSJ",52995217487,"LH5K-WZX","Female"
"L1WM-ZH9",52995217488,"G36W-N8P","Male"
"L1WM-ZH9",52995217489,"9CXH-ZZ9","Female"
"GJS6-D9X",52995217496,"9QSZ-MDV","Male"
"GJS6-D9X",52995217497,"GGP3-D89","Female"
"GXJ2-33R",52995217498,"LDSH-9W5","Male"
"GXJ2-33R",52995217499,"LVNP-BKR","Female"
"G2S2-7FF",52995217500,"K6M3-JL9","Male"
"G2S2-7FF",52995217501,"GDKR-87L","Female"
"GGP3-D89",52995217506,"LYDW-KW7","Male"
"GGP3-D89",52995217507,"LY67-3N8","Female"
"LDSH-9W5",52995217508,"GX7F-1V3","Male"
"LDSH-9W5",52995217509,"L179-W5T","Female"
"LVNP-BKR",52995217510,"L8WB-M2R","Male"
"LVNP-BKR",52995217511,"LYVQ-999","Female"
"GZRT-XD2",52995217512,"L2TG-G9L","Male"
"GZRT-XD2",52995217513,"9QQJ-672","Female"
"GN3B-CF7",52995217520,"G2CH-MSB","Male"
"GNXV-337",52995217522,"GNXV-7QG","Male"
"GNXV-337",52995217523,"GNXV-WLR","Female"
"94YF-JDG",52995217524,"L15Q-4BH","Male"
"94YF-JDG",52995217525,"LT36-BWL","Female"
"G8WY-6L8",52995217526,"21JJ-KNR","Male"
"G8WY-6L8",52995217527,"GZL8-6WN","Female"
"G648-59V",52995217536,"GZF7-Z24","Male"
"G648-59V",52995217537,"GZF7-6DS","Female"
"GK42-GHG",52995217538,"GVNC-TFT","Male"
"GK42-GHG",52995217539,"GNFT-19B","Female"
"9WMP-NNQ",52995217544,"99PT-NTZ","Male"
"9WMP-NNQ",52995217545,"G98Z-6RZ","Female"
"945D-J9Y",52995217546,"LZ9M-HWG","Male"
"945D-J9Y",52995217547,"9M85-YGM","Female"
"LJB3-5XL",52995217548,"9SBM-4NB","Male"
"LJB3-5XL",52995217549,"GN7R-TH8","Female"
"GNWS-GB4",52995217550,"L8BY-3VJ","Male"
"GNWS-GB4",52995217551,"GDKP-2XC","Female"
"GK9M-7N9",52995217552,"21JJ-KNR","Male"
"GK9M-7N9",52995217553,"GZL8-6WN","Female"
"GV75-LB1",52995217600,"LR1T-XQ7","Male"
"GV75-LB1",52995217601,"GZXX-B8X","Female"
"GCBD-8ZG",52995217602,"94HZ-CG3","Male"
"GCBD-8ZG",52995217603,"LDSS-BYY","Female"
"LT3P-8D6",52995217632,"GG92-32P","Male"
"LT3P-8D6",52995217633,"GG4M-2R7","Female"
"G8L3-3JL",52995217634,"GVXP-S4R","Male"
"G8L3-3JL",52995217635,"LVDF-9DW","Female"
"MBGG-7NP",52995217648,"LZ9M-HWG","Male"
"MBGG-7NP",52995217649,"9M85-YGM","Female"
"LD9R-SHL",52995217650,"21JJ-KNR","Male"
"LD9R-SHL",52995217651,"GZL8-6WN","Female"
"9SVD-TVV",52995217652,"9H6D-XM7","Male"
"9SVD-TVV",52995217653,"GDP2-9HS","Female"
"GGKB-KCP",52995217654,"LDSH-MS8","Male"
"GGKB-KCP",52995217655,"LDSK-W5H","Female"
"LH7S-18K",52995217656,"LDW2-7WW","Male"
"LH7S-18K",52995217657,"LH7S-12Y","Female"
"LDSV-5Q1",52995217658,"LDSQ-XRK","Male"
"LDSV-5Q1",52995217659,"LCFL-9DP","Female"
"L5D4-4M7",52995217664,"LVCW-CJF","Male"
"GH5Y-9HC",52995217696,"GX52-ZZQ","Male"
"GH5Y-9HC",52995217697,"GFW7-86Y","Female"
"G6TX-KJJ",52995217698,"GLBY-DYH","Male"
"LYCG-D4Z",52995217856,"GJT8-PTZ","Male"
"LYCG-QZM",52995217858,"KZRV-GQV","Male"
"9HTX-2CD",52995217936,"9HRG-JDL","Male"
"9HTX-2CD",52995217937,"LDH1-G9D","Female"
"G39Q-HBK",52995217938,"KX2S-NWF","Male"
"G39Q-HBK",52995217939,"L7GV-KKS","Female"
"L7LR-RWX",52995217940,"GVR7-Q43","Male"
"L7LR-RWX",52995217941,"L2DV-WS5","Female"
"LBTR-BTW",52995217970,"LZK3-LK2","Male"
"LBTR-BTW",52995217971,"M185-RW3","Female"
"G6RN-4Y7",52995217972,"G6DZ-JKF","Male"
"G6RN-4Y7",52995217973,"G6D8-388","Female"
"GFPT-S5P",52995217974,"GZ8X-GV2","Male"
"GFPT-S5P",52995217975,"G6ZP-B73","Female"
"LY9D-2F8",52995217976,"LCJD-VX6","Male"
"LY9D-2F8",52995217977,"LD9R-RKH","Female"
"L28D-TJH",52995217978,"9WMP-NNQ","Male"
"L28D-TJH",52995217979,"945D-J9Y","Female"
"GJTS-3TP",52995217980,"GZ8X-GV2","Male"
"GJTS-3TP",52995217981,"G6ZP-B73","Female"
"GGKB-FBC",52995217992,"LZGK-GZB","Male"
"GGKB-FBC",52995217993,"LDSQ-F68","Female"
"GKCC-1KD",52995218016,"GKQX-VM9","Male"
"GKCC-1KD",52995218017,"GVB8-9XY","Female"
"GMF5-BSR",52995218024,"GLFD-7MD","Male"
"GMF5-BSR",52995218025,"GGFH-MVX","Female"
"L1WB-PZW",52995218026,"9HTX-2CD","Male"
"L1WB-PZW",52995218027,"L83J-4S6","Female"
"L1W8-W7S",52995218028,"GLFD-7MD","Male"
"L1W8-W7S",52995218029,"GGFH-MVX","Female"
"GD7W-JS7",52995218032,"G6H3-12T","Male"
"GD7W-NSX",52995218034,"GD7W-BDW","Male"
"9376-JCH",52995218040,"KNW5-CM9","Male"
"9376-JCH",52995218041,"LCRM-5HJ","Female"
"9HVH-9GD",52995218042,"LHW9-VZ4","Male"
"9HVH-9GD",52995218043,"GKKW-24R","Female"
"GG3M-7JP",52995218044,"GGWF-VYW","Male"
"GG3M-7JP",52995218045,"GGXT-3X8","Female"
"GLFD-7MD",52995218048,"GMMD-GH5","Male"
"GLFD-7MD",52995218049,"LBK1-86P","Female"
"GGFH-MVX",52995218050,"LCJD-VX6","Male"
"GGFH-MVX",52995218051,"LD9R-RKH","Female"
"9HTX-2CD",52995218052,"9HRG-JDL","Male"
"9HTX-2CD",52995218053,"LDH1-G9D","Female"
"G6LZ-TWJ",52995218056,"L5LL-BRL","Male"
"G6LZ-TWJ",52995218057,"GZ4M-H94","Female"
"G6R2-BDM",52995218062,"GFZ2-JTZ","Male"
"LDHB-RRD",52995218176,"9HTX-2CD","Male"
"LDHB-RRD",52995218177,"L83J-4S6","Female"
"GKVP-QMK",52995218178,"LDHS-Z3V","Male"
"GKVP-QMK",52995218179,"LZGK-ZV2","Female"
"9SJJ-97N",52995218184,"GGG7-Q5M","Male"
"9SJJ-97N",52995218185,"GZL1-BTV","Female"
"LZJG-K5N",52995218186,"KX2S-NWF","Male"
"LZJG-K5N",52995218187,"L7GV-KKS","Female"
"LJ2H-W3S",52995218188,"GD74-RRH","Male"
"LJ2H-W3S",52995218189,"GJ5M-BKM","Female"
"LZ2S-DKM",52995218190,"28YJ-Z4N","Male"
"LZ2S-DKM",52995218191,"GGGT-9MX","Female"
"GJ2V-WRY",52995218192,"G233-LXN","Male"
"GJ2V-WRY",52995218193,"GGWK-NT3","Female"
"LD9P-MFB",52995218196,"GC7G-R6L","Male"
"LD9P-MFB",52995218197,"GC7P-77S","Female"
"L1WT-FRN",52995218208,"GZRK-SFB","Male"
"L1WT-FRN",52995218209,"GVSP-WS2","Female"
"L1WY-QMZ",52995218210,"GHKB-C3J","Male"
"L1WY-QMZ",52995218211,"L5DR-KL8","Female"
"LB5R-TH8",52995218212,"KDQW-JTJ","Male"
"LB5R-TH8",52995218213,"LDS9-GGV","Female"
"LDHQ-P5F",52995218214,"LD9R-RB7","Male"
"LDHQ-P5F",52995218215,"LDSS-6H5","Female"
"LBJ9-GZ4",52995218216,"9ZH7-GMD","Male"
"LBJ9-GZ4",52995218217,"MBYH-395","Female"
"KZPP-B68",52995218218,"G7ZN-5DF","Male"
"L18B-R3G",52995218220,"G2TZ-96Y","Male"
"L18B-R3G",52995218221,"G2T8-97Z","Female"
"KDQH-DJG",52995218222,"L1DD-JMP","Male"
"KDQH-DJG",52995218223,"9WY9-HRJ","Female"
"GQRQ-G6B",52995218240,"GQRQ-K79","Male"
"GQRQ-G6B",52995218241,"GGVR-MY2","Female"
"KDQW-JTJ",52995218304,"9HTX-2CD","Male"
"KDQW-JTJ",52995218305,"G39Q-HBK","Female"
"LDS9-GGV",52995218306,"LZGK-GZB","Male"
"LDS9-GGV",52995218307,"MXKR-J9R","Female"
"L1DD-JMP",52995218308,"GG5W-TJ1","Male"
"L1DD-JMP",52995218309,"GG54-SDF","Female"
"9WY9-HRJ",52995218310,"LZ19-924","Male"
"LD95-VV6",52995218312,"LD95-VVH","Male"
"LD95-VV6",52995218313,"99SD-Z4Q","Female"
"9H2F-HV5",52995218314,"MBGG-7NP","Male"
"9H2F-HV5",52995218315,"LD9R-SHL","Female"
"LD9R-RB7",52995218316,"LD9R-RYR","Male"
"LD9R-RB7",52995218317,"M15L-V4Q","Female"
"LDSS-6H5",52995218318,"L133-HLP","Male"
"LDSS-6H5",52995218319,"KH8N-T92","Female"
"GGT6-NYC",52995218352,"GW2T-YH6","Male"
"GGT6-NYC",52995218353,"GX5P-L6M","Female"
"GGTD-5CG",52995218354,"GGTX-XJX","Male"
"GGTD-5CG",52995218355,"GGT6-1Q1","Female"
"LH3J-XVF",52995218356,"GGYS-TR5","Male"
"LH3J-XVF",52995218357,"GGYS-R4S","Female"
"LD9R-5PH",52995218360,"L187-NYR","Male"
"LD9R-5PH",52995218361,"9WQY-MZT","Female"
"GXV9-MD5",52995218432,"GLP1-MBL","Male"
"GXV9-MD5",52995218433,"GG1B-CKL","Female"
"G867-7W5",52995218434,"LTMB-K94","Male"
"G867-7W5",52995218435,"LYS8-97T","Female"
"GLTH-SF8",52995218468,"GGKB-FBC","Male"
"GLTH-SF8",52995218469,"GKK9-K98","Female"
"GNBX-9JC",52995218480,"GKCC-1KD","Male"
"GNBX-9JC",52995218481,"G2KS-LP1","Female"
"GFC6-D1X",52995218482,"GGRW-3PW","Male"
"GFC6-D1X",52995218483,"LXSK-QX8","Female"
"GD7G-BVP",52995218484,"GMF5-BSR","Male"
"GD7G-BVP",52995218485,"L1WB-PZW","Female"
"9HG1-CKS",52995218486,"L1W8-W7S","Male"
"9MH5-2Q7",52995218488,"GD7W-JS7","Male"
"9MH5-2Q7",52995218489,"GD7W-NSX","Female"
"M1W5-BFF",52995218492,"9376-JCH","Male"
"M1W5-BFF",52995218493,"9HVH-9GD","Female"
"9CW5-JNL",52995218494,"GG3M-7JP","Male"
"9CW5-JNL",52995218495,"GG3M-7PG","Female"
"LZS9-ZC2",52995218496,"9HYQ-M4G","Male"
"LZS9-ZC2",52995218497,"GJGW-QM6","Female"
"LZ61-F76",52995218498,"LZ19-924","Male"
"LZ61-F76",52995218499,"GL5F-YH1","Female"
"KNXX-WBQ",52995218504,"LHPZ-9WQ","Male"
"KNXX-WBQ",52995218505,"LCT8-QVQ","Female"
"LDMT-HMZ",52995218508,"L8BY-3VJ","Male"
"LDMT-HMZ",52995218509,"94BP-X4Z","Female"
"LD91-ST3",52995218510,"L8YY-5HK","Male"
"LD91-ST3",52995218511,"L8WB-D2Z","Female"
"KZPV-BQM",52995218516,"L8RR-4KG","Male"
"KZPV-BQM",52995218517,"99QT-MCB","Female"
"M1VS-25N",52995218520,"LDSS-KJ6","Male"
"M1VS-25N",52995218521,"L28D-TJH","Female"
"LDSS-KHY",52995218522,"LYCY-PN6","Male"
"LDSS-KHY",52995218523,"LDSS-KKV","Female"
"LZGQ-LJX",52995218524,"KDQW-JTJ","Male"
"LZGQ-LJX",52995218525,"LDS9-GGV","Female"
"LDSS-8LB",52995218528,"LVMF-2JP","Male"
"LDSS-8LB",52995218529,"GW2T-LDK","Female"
"G2RP-CG1",52995218530,"LDSS-D1D","Male"
"G2RP-CG1",52995218531,"GKZ8-SNZ","Female"
"LD9R-RB7",52995218544,"LD9R-RYR","Male"
"LD9R-RB7",52995218545,"M15L-V4Q","Female"
"LDSS-6H5",52995218546,"L133-HLP","Male"
"LDSS-6H5",52995218547,"KH8N-T92","Female"
"LDMT-HMZ",52995218548,"L8BY-3VJ","Male"
"LDMT-HMZ",52995218549,"94BP-X4Z","Female"
"LD91-ST3",52995218550,"L8YY-5HK","Male"
"LD91-ST3",52995218551,"L8WB-D2Z","Female"
"L8MB-ZMK",52995218552,"L8YY-PD5","Male"
"L8MB-ZMK",52995218553,"MBV2-T1M","Female"
"MB1Q-ZWW",52995218554,"GKZZ-K49","Male"
"MB1Q-ZWW",52995218555,"GL6R-9XP","Female"
"LDMT-W6R",52995218556,"KJP2-TBR","Male"
"LDMT-W6R",52995218557,"GFN3-DQ5","Female"
"LT83-H6M",52995218558,"GQ59-8LX","Male"
"LT83-H6M",52995218559,"GSCJ-Z9D","Female"
"G9M5-FF1",52995218560,"LY9D-2F8","Male"
"G9M5-FF1",52995218561,"L28D-TJH","Female"
"GN9F-M6Q",52995218562,"GJTS-3TP","Male"
"GN9F-M6Q",52995218563,"GN15-LRT","Female"
"LZGQ-LJX",52995218564,"KDQW-JTJ","Male"
"LZGQ-LJX",52995218565,"LDS9-GGV","Female"
"GNSH-WMX",52995218568,"G7NH-CM4","Male"
"GNSH-WMX",52995218569,"G215-VM8","Female"
"G2J9-N5G",52995218580,"GLL2-BZV","Male"
"LT6Z-NRQ",52995218582,"GC4V-KPG","Male"
"LT6Z-NRQ",52995218583,"L175-67M","Female"
"M9L6-6YN",52995218584,"K84R-TMS","Male"
"M9L6-6YN",52995218585,"GGGW-RYH","Female"
"2MYM-NS1",52995218586,"LTF2-JTC","Male"
"2MYM-NS1",52995218587,"LKNM-HR3","Female"
"GD4S-KVF",52995218588,"L1QD-DXV","Male"
"GD4S-KVF",52995218589,"LD9P-M8N","Female"
"GVHW-NRT",52995218592,"GVDF-MGZ","Male"
"GVHW-NRT",52995218593,"GVDX-FF4","Female"
"9CHV-B26",52995218600,"GNSH-WMX","Male"
"9CHV-B26",52995218601,"G215-3C9","Female"
"M9L6-6YN",52995218604,"K84R-TMS","Male"
"M9L6-6YN",52995218605,"GGGW-RYH","Female"
"2MYM-NS1",52995218606,"LTF2-JTC","Male"
"2MYM-NS1",52995218607,"LKNM-HR3","Female"
"G2J9-N5G",52995218612,"GLL2-BZV","Male"
"LT6Z-NRQ",52995218614,"GC4V-KPG","Male"
"LT6Z-NRQ",52995218615,"L175-67M","Female"
"M9L6-6YN",52995218616,"K84R-TMS","Male"
"M9L6-6YN",52995218617,"GGGW-RYH","Female"
"2MYM-NS1",52995218618,"LTF2-JTC","Male"
"2MYM-NS1",52995218619,"LKNM-HR3","Female"
"GD4S-KVF",52995218620,"L1QD-DXV","Male"
"GD4S-KVF",52995218621,"LD9P-M8N","Female"
"GHKK-6HQ",52995218624,"G96M-2XD","Male"
"GHKK-6HQ",52995218625,"G6H4-KLQ","Female"
"LY8N-RRL",52995218628,"LDM1-CGG","Male"
"LY8N-RRL",52995218629,"LYSP-1D9","Female"
"9ZC1-9W5",52995218630,"G8C6-8VY","Male"
"9ZC1-9W5",52995218631,"G8C6-KLW","Female"
"M9L6-6YN",52995218632,"K84R-TMS","Male"
"M9L6-6YN",52995218633,"GGGW-RYH","Female"
"2MYM-NS1",52995218634,"LTF2-JTC","Male"
"2MYM-NS1",52995218635,"LKNM-HR3","Female"
"GD4S-KVF",52995218636,"L1QD-DXV","Male"
"GD4S-KVF",52995218637,"LD9P-M8N","Female"
"GVHW-NRT",52995218640,"GVDF-MGZ","Male"
"GVHW-NRT",52995218641,"GVDX-FF4","Female"
"9CHV-B26",52995218648,"GNSH-WMX","Male"
"9CHV-B26",52995218649,"G215-3C9","Female"
"M9L6-6YN",52995218652,"K84R-TMS","Male"
"M9L6-6YN",52995218653,"GGGW-RYH","Female"
"2MYM-NS1",52995218654,"LTF2-JTC","Male"
"2MYM-NS1",52995218655,"LKNM-HR3","Female"
"LTZR-KJS",52995218688,"GDT6-5JL","Male"
"LTZR-KJS",52995218689,"GVMN-L5N","Female"
"GH7W-9HR",52995218690,"9WCZ-LZQ","Male"
"GH7W-9HR",52995218691,"MS3Z-6SV","Female"
"L8R2-SJ9",52995218692,"G21Z-QQG","Male"
"L8R2-SJ9",52995218693,"GZ2N-HCQ","Female"
"LCXP-QW3",52995218694,"99PT-X33","Male"
"LCXP-QW3",52995218695,"G21N-VX4","Female"
"G95X-P39",52995218696,"G6J7-Y68","Male"
"G95X-P39",52995218697,"GZBR-M7C","Female"
"GSBX-MD1",52995218698,"LDSK-NZJ","Male"
"GSBX-MD1",52995218699,"LDSH-S2T","Female"
"L1QG-G8M",52995218700,"LDFZ-8Q1","Male"
"L1QG-G8M",52995218701,"LHPZ-VGH","Female"
"LLC4-F6R",52995218720,"G2R7-DJP","Male"
"LLC4-F6R",52995218721,"G2RT-C1Z","Female"
"KJJC-9WW",52995218722,"KJPC-71V","Male"
"L2RD-92M",52995218724,"G8WB-SV6","Male"
"L2RD-92M",52995218725,"L2RD-9J2","Female"
"9CZC-GSR",52995218728,"GMNM-FXX","Male"
"9CZC-GSR",52995218729,"LZ2B-MCB","Female"
"GJBZ-QGS",52995218730,"LD9R-RB7","Male"
"GJBZ-QGS",52995218731,"LDSS-6H5","Female"
"GG63-7XH",52995218733,"GG64-7QB","Female"
"GG63-7XH",52995218732,"GG6W-LRX","Male"
"GG63-T2S",52995218734,"G9JW-25M","Male"
"GG63-T2S",52995218735,"GG6D-7PX","Female"
"G2R7-DJP",52995218752,"G2RT-T51","Male"
"G2RT-C1Z",52995218754,"G2RT-T4T","Male"
"G2RT-C1Z",52995218755,"G2RY-WL6","Female"
"KJPC-71V",52995218756,"GZ2S-Q8M","Male"
"KJPC-71V",52995218757,"GZ2S-Z29","Female"
"G8WB-SV6",52995218760,"GQVS-C83","Male"
"G8WB-SV6",52995218761,"9HLT-L5G","Female"
"L2RD-9J2",52995218762,"MQKQ-97S","Male"
"L2RD-9J2",52995218763,"M4PR-5V3","Female"
"GMNM-FXX",52995218768,"GG68-KTV","Male"
"GMNM-FXX",52995218769,"GGJQ-6W4","Female"
"LZ2B-MCB",52995218770,"LDSQ-XRK","Male"
"LZ2B-MCB",52995218771,"LCFL-9DP","Female"
"LD9R-RB7",52995218772,"LD9R-RYR","Male"
"LD9R-RB7",52995218773,"M15L-V4Q","Female"
"LDSS-6H5",52995218774,"L133-HLP","Male"
"LDSS-6H5",52995218775,"KH8N-T92","Female"
"GG6W-LRX",52995218776,"GG6W-RWG","Male"
"GG6W-LRX",52995218777,"GG64-4D5","Female"
"G9JW-25M",52995218780,"GG9C-885","Male"
"G9JW-25M",52995218781,"G9XW-DN3","Female"
"GG6D-7PX",52995218782,"G99G-XNM","Male"
"GG6D-7PX",52995218783,"GG6D-6DF","Female"
"KFK5-ZL5",52995218816,"9HTX-2CD","Male"
"KFK5-ZL5",52995218817,"L83J-4S6","Female"
"LBCC-DW3",52995218818,"G9P6-CHT","Male"
"LBCC-DW3",52995218819,"LVC7-ZZX","Female"
"MVJ5-6DP",52995218824,"L2J3-GF4","Male"
"MVJ5-6DP",52995218825,"LBXW-MT3","Female"
"MXLC-JC1",52995218828,"GGC6-B84","Male"
"MXLC-JC1",52995218829,"GQG3-8CV","Female"
"L51Z-XMG",52995218832,"GJ8K-PWG","Male"
"L51Z-XMG",52995218833,"LJYH-M8G","Female"
"KZTY-WSH",52995218834,"LJ4D-ZCK","Male"
"KZTY-WSH",52995218835,"9S1L-ZP2","Female"
"9H17-VTZ",52995218836,"LZGQ-LJX","Male"
"9H17-VTZ",52995218837,"KDQH-DJG","Female"
"LY57-55F",52995218838,"GL9R-YL9","Male"
"LY57-55F",52995218839,"LDHQ-P5F","Female"
"9498-2NS",52995218840,"LY6L-GPG","Male"
"9498-2NS",52995218841,"LBMQ-85F","Female"
"GCV5-W95",52995218844,"GCV5-C6P","Male"
"GCV5-W95",52995218845,"GCV5-7FZ","Female"
"L8T9-YR8",52995218850,"GXDM-3H9","Male"
"L8T9-YR8",52995218851,"LBHG-TXR","Female"
"GMVG-TRT",52995218856,"L8B9-R7W","Male"
"LB23-61T",52995218860,"GQ1N-HXB","Male"
"LB23-61T",52995218861,"GX7F-Z34","Female"
"LH73-BMR",52995218862,"G6T6-9H3","Male"
"LH73-BMR",52995218863,"G6TD-VWL","Female"
"LBX8-DDN",52995218864,"LYCY-PN6","Male"
"LBX8-DDN",52995218865,"LDSS-KKV","Female"
"LDW2-4JB",52995218866,"LDW2-41W","Male"
"LDW2-4JB",52995218867,"G4NJ-GVF","Female"
"G8WY-NB7",52995218872,"GSCC-ZKK","Male"
"G8WY-NB7",52995218873,"GJVC-LD6","Female"
"9Z8H-QFQ",52995218874,"KC9S-MPC","Male"
"9Z8H-QFQ",52995218875,"L7JF-2YC","Female"
"935X-1CT",52995218876,"LH8G-2RH","Male"
"935X-1CT",52995218877,"LDW2-7JJ","Female"
"LZS3-9ZK",52995218878,"KHQ6-TFB","Male"
"LZS3-9ZK",52995218879,"LDSM-H39","Female"
"L7LL-FB1",52995218880,"GGJ6-93F","Male"
"L7LL-FB1",52995218881,"94RZ-9KC","Female"
"LZVR-GMG",52995218882,"L18X-ZNH","Male"
"LZVR-GMG",52995218883,"MVL6-5PR","Female"
"93LF-J1V",52995218884,"L1HZ-WR2","Male"
"93LF-J1V",52995218885,"MDWC-L73","Female"
"931M-DSZ",52995218886,"KFLG-12B","Male"
"931M-DSZ",52995218887,"M5YG-GGX","Female"
"LHYG-XJF",52995218888,"M1TN-H75","Male"
"LHYG-XJF",52995218889,"GHRS-RJY","Female"
"GDGW-LRZ",52995218890,"LJ4D-ZCK","Male"
"GDGW-LRZ",52995218891,"9S1L-ZP2","Female"
"2JFF-BQB",52995218892,"G87Q-Z3W","Male"
"2JFF-BQB",52995218893,"GC32-FML","Female"
"K83K-RFX",52995218895,"G2GZ-4JW","Female"
"KNQ6-9ZF",52995218949,"GGM3-KZW","Female"
"LDS9-GTK",52995218952,"9HTX-2CD","Male"
"LDS9-GTK",52995218953,"G39Q-HBK","Female"
"GMN3-7TX",52995218954,"L7LR-RWX","Male"
"GMN3-7TX",52995218955,"GKGZ-365","Female"
"LT83-QKS",52995218968,"GZ2L-M6L","Male"
"LT83-QKS",52995218969,"LBTR-BTW","Female"
"GDG2-NJC",52995218970,"G6RN-4Y7","Male"
"GDG2-NJC",52995218971,"GFPT-S5P","Female"
"G9M5-FF1",52995218972,"LY9D-2F8","Male"
"G9M5-FF1",52995218973,"L28D-TJH","Female"
"GN9F-M6Q",52995218974,"GJTS-3TP","Male"
"GN9F-M6Q",52995218975,"GN15-LRT","Female"
"GLTH-SF8",52995218980,"GGKB-FBC","Male"
"GLTH-SF8",52995218981,"GKK9-K98","Female"
"GNBX-9JC",52995218992,"GKCC-1KD","Male"
"GNBX-9JC",52995218993,"G2KS-LP1","Female"
"GFC6-D1X",52995218994,"GGRW-3PW","Male"
"GFC6-D1X",52995218995,"LXSK-QX8","Female"
"GD7G-BVP",52995218996,"GMF5-BSR","Male"
"GD7G-BVP",52995218997,"L1WB-PZW","Female"
"9HG1-CKS",52995218998,"L1W8-W7S","Male"
"9MH5-2Q7",52995219000,"GD7W-JS7","Male"
"9MH5-2Q7",52995219001,"GD7W-NSX","Female"
"M1W5-BFF",52995219004,"9376-JCH","Male"
"M1W5-BFF",52995219005,"9HVH-9GD","Female"
"9CW5-JNL",52995219006,"GG3M-7JP","Male"
"9CW5-JNL",52995219007,"GG3M-7PG","Female"
"GMF5-BSR",52995219008,"GLFD-7MD","Male"
"GMF5-BSR",52995219009,"GGFH-MVX","Female"
"L1WB-PZW",52995219010,"9HTX-2CD","Male"
"L1WB-PZW",52995219011,"L83J-4S6","Female"
"9H27-6Y3",52995219012,"G6LZ-TWJ","Male"
"MWBC-XS5",52995219014,"9ZHQ-5GQ","Male"
"MWBC-XS5",52995219015,"G6R2-BDM","Female"
"LDSQ-XRK",52995219296,"LDSK-V77","Male"
"LDSQ-XRK",52995219297,"LDSQ-F68","Female"
"LCFL-9DP",52995219298,"LB27-YWT","Male"
"LCFL-9DP",52995219299,"GWZB-NNM","Female"
"L644-9GY",52995219300,"LT61-JHR","Male"
"L644-9GY",52995219301,"LT6B-L2F","Female"
"KVGF-FPJ",52995219302,"GN4C-HR9","Male"
"KVGF-FPJ",52995219303,"GXGV-HXF","Female"
"LDHB-RRD",52995219328,"9HTX-2CD","Male"
"LDHB-RRD",52995219329,"L83J-4S6","Female"
"GKVP-QMK",52995219330,"LDHS-Z3V","Male"
"GKVP-QMK",52995219331,"LZGK-ZV2","Female"
"9SJJ-97N",52995219336,"GGG7-Q5M","Male"
"9SJJ-97N",52995219337,"GZL1-BTV","Female"
"LZJG-K5N",52995219338,"KX2S-NWF","Male"
"LZJG-K5N",52995219339,"L7GV-KKS","Female"
"LJ2H-W3S",52995219340,"GD74-RRH","Male"
"LJ2H-W3S",52995219341,"GJ5M-BKM","Female"
"LZ2S-DKM",52995219342,"28YJ-Z4N","Male"
"LZ2S-DKM",52995219343,"GGGT-9MX","Female"
"GJ2V-WRY",52995219344,"G233-LXN","Male"
"GJ2V-WRY",52995219345,"GGWK-NT3","Female"
"LD9P-MFB",52995219348,"GC7G-R6L","Male"
"LD9P-MFB",52995219349,"GC7P-77S","Female"
"KN8N-WHW",52995219360,"LBKM-2H9","Male"
"KN8N-WHW",52995219361,"LBDY-3J8","Female"
"9SYL-S5H",52995219362,"KX2S-NWF","Male"
"9SYL-S5H",52995219363,"L7GV-KKS","Female"
"G67W-G57",52995219364,"MKTV-TMC","Male"
"G67W-G57",52995219365,"G67G-YFC","Female"
"LDFZ-8Q1",52995219368,"GJ9M-PR2","Male"
"LDFZ-8Q1",52995219369,"GL14-857","Female"
"LHPZ-VGH",52995219370,"LZLG-V3F","Male"
"LHPZ-VGH",52995219371,"LH6K-2BP","Female"
"LD9R-RB7",52995219376,"LD9R-RYR","Male"
"LD9R-RB7",52995219377,"M15L-V4Q","Female"
"LDSS-6H5",52995219378,"L133-HLP","Male"
"LDSS-6H5",52995219379,"KH8N-T92","Female"
"LDMT-HMZ",52995219380,"L8BY-3VJ","Male"
"LDMT-HMZ",52995219381,"94BP-X4Z","Female"
"LD91-ST3",52995219382,"L8YY-5HK","Male"
"LD91-ST3",52995219383,"L8WB-D2Z","Female"
"L8MB-ZMK",52995219384,"L8YY-PD5","Male"
"L8MB-ZMK",52995219385,"MBV2-T1M","Female"
"MB1Q-ZWW",52995219386,"GKZZ-K49","Male"
"MB1Q-ZWW",52995219387,"GL6R-9XP","Female"
"LDMT-W6R",52995219388,"KJP2-TBR","Male"
"LDMT-W6R",52995219389,"GFN3-DQ5","Female"
"LT83-H6M",52995219390,"GQ59-8LX","Male"
"LT83-H6M",52995219391,"GSCJ-Z9D","Female"
"GNT4-LY5",52995219392,"LZZK-7QX","Male"
"GNT4-LY5",52995219393,"9SR5-6SR","Female"
"GDL9-6NN",52995219394,"G8D1-62Y","Male"
"GDL9-6NN",52995219395,"GCXR-Q7Y","Female"
"LTK3-8VH",52995219396,"LD9P-Q15","Male"
"LTK3-8VH",52995219397,"LKDQ-86Y","Female"
"GHMC-S6W",52995219398,"GNK2-CCY","Male"
"LHTX-J4Y",52995219404,"LH68-32D","Male"
"G34F-HFB",52995219406,"G95P-96W","Male"
"GW1V-6D9",52995219408,"GW1J-L9F","Male"
"9Z8P-D5J",52995219424,"GHXN-VML","Male"
"9Z8P-D5J",52995219425,"MH2M-DJX","Female"
"G2HQ-H3Y",52995219428,"9CCZ-PKB","Male"
"G2HQ-H3Y",52995219429,"L75S-MVR","Female"
"GFDK-XX3",52995219432,"GFDK-41H","Male"
"GFDK-XX3",52995219433,"GVJP-DFN","Female"
"GCQF-WFQ",52995219440,"LBWD-HLB","Male"
"GCQF-WFQ",52995219441,"9Z8K-VF6","Female"
"9CWG-P3Q",52995219448,"GQ61-KWP","Male"
"9CWG-P3Q",52995219449,"G286-7NZ","Female"
"LCZD-G2Y",52995219450,"G242-XCP","Male"
"LCZD-G2Y",52995219451,"G2L3-V7G","Female"
"G8W1-9VC",52995219452,"GQ61-KWP","Male"
"G8W1-9VC",52995219453,"G286-7NZ","Female"
"LCZD-G2Y",52995219454,"G242-XCP","Male"
"LCZD-G2Y",52995219455,"G2L3-V7G","Female"
"9HTX-2CD",52995219840,"9HRG-JDL","Male"
"9HTX-2CD",52995219841,"LDH1-G9D","Female"
"LZGK-ZV2",52995219846,"LZ1T-YG5","Male"
"LZGK-ZV2",52995219847,"LZZF-5Z1","Female"
"GGG7-Q5M",52995219856,"G6TC-GD8","Male"
"GGG7-Q5M",52995219857,"GGG3-LR4","Female"
"GZL1-BTV",52995219858,"GZVH-K4C","Male"
"GZL1-BTV",52995219859,"GZVH-NJM","Female"
"28YJ-Z4N",52995219868,"9HTX-2CD","Male"
"28YJ-Z4N",52995219869,"G39Q-HBK","Female"
"GGGT-9MX",52995219870,"MXVC-BK8","Male"
"949K-5Q2",52995219872,"949K-PBH","Male"
"KZPV-BQM",52995219892,"L8RR-4KG","Male"
"KZPV-BQM",52995219893,"99QT-MCB","Female"
"M1VS-25N",52995219896,"LDSS-KJ6","Male"
"M1VS-25N",52995219897,"L28D-TJH","Female"
"LDSS-KHY",52995219898,"LYCY-PN6","Male"
"LDSS-KHY",52995219899,"LDSS-KKV","Female"
"LZGQ-LJX",52995219900,"KDQW-JTJ","Male"
"LZGQ-LJX",52995219901,"LDS9-GGV","Female"
"LB9Q-2R2",52995219906,"GL82-ZQM","Male"
"LB9Q-2R2",52995219907,"GG6H-89X","Female"
"GVHW-NRT",52995219944,"GVDF-MGZ","Male"
"GVHW-NRT",52995219945,"GVDX-FF4","Female"
"L2Y4-PVS",52995219952,"L2Y4-PVL","Male"
"L2Y4-PVS",52995219953,"L2Y4-P2R","Female"
"LRHH-6SF",52995219954,"G6F3-ZCG","Male"
"LRHH-6SF",52995219955,"L2Y4-PL7","Female"
"LV57-XVZ",52995219956,"GJGQ-52M","Male"
"LV57-XVZ",52995219957,"GVZ5-JRM","Female"
"GX8W-RVQ",52995219958,"GG9S-NCR","Male"
"GX8W-RVQ",52995219959,"GJ1K-N7N","Female"
"G6PH-CW6",52995219960,"G3Z8-HR7","Male"
"G6PH-CW6",52995219961,"GNQR-554","Female"
"G8W1-NFV",52995219962,"GVP4-6GS","Male"
"G8W1-NFV",52995219963,"GN12-M46","Female"
"LKC4-6WB",52995219964,"GVP4-6GS","Male"
"LKC4-6WB",52995219965,"GN12-M46","Female"
"GSQS-5M7",52995220616,"LTZY-FHB","Male"
"GSQS-5M7",52995220617,"KH81-FS8","Female"
"L1SL-2HR",52995220752,"L1ZH-YYR","Male"
"LZF6-M94",52995220756,"KGSQ-35V","Male"
"LZF6-M94",52995220757,"GKZQ-S2R","Female"
"2RBY-DVZ",52995220760,"2RBY-DV6","Male"
"2RBY-DVZ",52995220761,"2R66-L8J","Female"
"LVMF-2YH",52995220768,"GG7D-MRS","Male"
"LVMF-2YH",52995220769,"GG78-1G9","Female"
"GH4Y-2HC",52995220770,"9HT1-TZH","Male"
"GH4Y-2HC",52995220771,"G6ZK-D3J","Female"
"LCQX-XJS",52995220772,"G27L-LWB","Male"
"L1MT-HC1",52995220776,"L134-D1P","Male"
"L1MT-HC1",52995220777,"L8YY-R1N","Female"
"GVGZ-DCK",52995220778,"LDQ1-RBN","Male"
"GVGZ-DCK",52995220779,"GVN6-YQL","Female"
"GSQS-5M7",52995221000,"LTZY-FHB","Male"
"GSQS-5M7",52995221001,"KH81-FS8","Female"
"GZRK-SFB",52995221760,"GLZW-7GF","Male"
"GZRK-SFB",52995221761,"GVSG-X5N","Female"
"GVSP-WS2",52995221762,"G6T6-SZ3","Male"
"GVSP-WS2",52995221763,"GZB1-L61","Female"
"GHKB-C3J",52995221764,"G2RH-ZJB","Male"
"GHKB-C3J",52995221765,"G2RH-4T1","Female"
"L5DR-KL8",52995221766,"GQRR-BP3","Male"
"L5DR-KL8",52995221767,"LDVY-ZHB","Female"
"KDQW-JTJ",52995221768,"9HTX-2CD","Male"
"KDQW-JTJ",52995221769,"G39Q-HBK","Female"
"LDS9-GGV",52995221770,"LZGK-GZB","Male"
"LDS9-GGV",52995221771,"MXKR-J9R","Female"
"LD9R-RB7",52995221772,"LD9R-RYR","Male"
"LD9R-RB7",52995221773,"M15L-V4Q","Female"
"LDSS-6H5",52995221774,"L133-HLP","Male"
"LDSS-6H5",52995221775,"KH8N-T92","Female"
"9ZH7-GMD",52995221776,"G7RV-VBP","Male"
"9ZH7-GMD",52995221777,"GL9M-YXL","Female"
"G7ZN-5DF",52995221780,"GLJW-CJ4","Male"
"G2TZ-96Y",52995221784,"GLZJ-1J2","Male"
"L1DD-JMP",52995221788,"GG5W-TJ1","Male"
"L1DD-JMP",52995221789,"GG54-SDF","Female"
"9WY9-HRJ",52995221790,"LZ19-924","Male"
"KDQW-JTJ",52995221824,"9HTX-2CD","Male"
"KDQW-JTJ",52995221825,"G39Q-HBK","Female"
"LDS9-GGV",52995221826,"LZGK-GZB","Male"
"LDS9-GGV",52995221827,"MXKR-J9R","Female"
"L1DD-JMP",52995221828,"GG5W-TJ1","Male"
"L1DD-JMP",52995221829,"GG54-SDF","Female"
"9WY9-HRJ",52995221830,"LZ19-924","Male"
"LD95-VV6",52995221832,"LD95-VVH","Male"
"LD95-VV6",52995221833,"99SD-Z4Q","Female"
"9H2F-HV5",52995221834,"MBGG-7NP","Male"
"9H2F-HV5",52995221835,"LD9R-SHL","Female"
"LD9R-RB7",52995221836,"LD9R-RYR","Male"
"LD9R-RB7",52995221837,"M15L-V4Q","Female"
"LDSS-6H5",52995221838,"L133-HLP","Male"
"LDSS-6H5",52995221839,"KH8N-T92","Female"
"GGT6-NYC",52995221872,"GW2T-YH6","Male"
"GGT6-NYC",52995221873,"GX5P-L6M","Female"
"GGTD-5CG",52995221874,"GGTX-XJX","Male"
"GGTD-5CG",52995221875,"GGT6-1Q1","Female"
"LH3J-XVF",52995221876,"GGYS-TR5","Male"
"LH3J-XVF",52995221877,"GGYS-R4S","Female"
"LD9R-5PH",52995221880,"L187-NYR","Male"
"LD9R-5PH",52995221881,"9WQY-MZT","Female"
"GCS9-61S",52995222528,"MQ3Z-WX9","Male"
"GCS9-61S",52995222529,"G82V-NJ7","Female"
"GK3C-V9N",52995222784,"GKTB-B1Z","Male"
"GK3C-V9N",52995222785,"GKTB-VX8","Female"
"GZWD-L2X",52995222800,"LYCG-D4Z","Male"
"GZWD-L2X",52995222801,"LYCG-QZM","Female"
"GKTZ-P6Q",52995222806,"GKTZ-K4Y","Male"
"GKTZ-P6Q",52995222807,"GDJR-QGF","Female"
"L66M-B9X",52995222816,"L1T9-XNV","Male"
"L66M-B9X",52995222817,"LKZR-TT4","Female"
"GG31-9JK",52995222840,"GGQM-ZY2","Male"
"GG31-9JK",52995222841,"MKHL-5NY","Female"
"L8T9-YR8",52995222846,"GXDM-3H9","Male"
"L8T9-YR8",52995222847,"LBHG-TXR","Female"
"GMQG-4LK",52995222920,"GX31-5F4","Male"
"GMQG-4LK",52995222921,"GX31-643","Female"
"G9PS-BD7",52995222922,"GX31-N1J","Male"
"G9PS-BD7",52995222923,"G6NX-2SC","Female"
"99F5-LLM",52995222928,"99F5-LL8","Male"
"GK3C-V9N",52995223040,"GKTB-B1Z","Male"
"GK3C-V9N",52995223041,"GKTB-VX8","Female"
"GZWD-L2X",52995223056,"LYCG-D4Z","Male"
"GZWD-L2X",52995223057,"LYCG-QZM","Female"
"GKTZ-P6Q",52995223062,"GKTZ-K4Y","Male"
"GKTZ-P6Q",52995223063,"GDJR-QGF","Female"
"L66M-B9X",52995223072,"L1T9-XNV","Male"
"L66M-B9X",52995223073,"LKZR-TT4","Female"
"GG31-9JK",52995223096,"GGQM-ZY2","Male"
"GG31-9JK",52995223097,"MKHL-5NY","Female"
"L8T9-YR8",52995223102,"GXDM-3H9","Male"
"L8T9-YR8",52995223103,"LBHG-TXR","Female"
"GMQG-4LK",52995223176,"GX31-5F4","Male"
"GMQG-4LK",52995223177,"GX31-643","Female"
"G9PS-BD7",52995223178,"GX31-N1J","Male"
"G9PS-BD7",52995223179,"G6NX-2SC","Female"
"99F5-LLM",52995223184,"99F5-LL8","Male"
"GNXF-WG7",52995293448,"GG86-WMJ","Male"
"GNXF-WG7",52995293449,"GG3P-4PH","Female"
"949D-P6W",52995293452,"LV89-MQW","Male"
"949D-P6W",52995293453,"GGR4-SRR","Female"
"GDY4-Z39",52995293454,"GGBQ-FNL","Male"
"GDY4-Z39",52995293455,"GLRK-1QZ","Female"
"GDTQ-S2P",52995293480,"GH5Y-9HC","Male"
"GDTQ-S2P",52995293481,"G6TX-KJJ","Female"
"G2LB-FNQ",52995293484,"G7JZ-38S","Male"
"G2LB-FNQ",52995293485,"GGNR-Q7R","Female"
"G6CD-BPD",52995293486,"G6TX-FRV","Male"
"GDTQ-S2P",52995293488,"GH5Y-9HC","Male"
"GDTQ-S2P",52995293489,"G6TX-KJJ","Female"
"G2LB-FNQ",52995293492,"G7JZ-38S","Male"
"G2LB-FNQ",52995293493,"GGNR-Q7R","Female"
"G6CD-BPD",52995293494,"G6TX-FRV","Male"
"9HM8-L3N",52995297824,"GFCT-9NG","Male"
"9HM8-L3N",52995297825,"GLW3-Y96","Female"
"L1M4-17R",52995298368,"GFB1-VQF","Male"
"L1ZC-MM6",52995298370,"LY9D-BLW","Male"
"L1H5-9N6",52995298384,"99QT-S75","Male"
"L1H5-9N6",52995298385,"G9D2-KQK","Female"
"L1M4-17R",52995298400,"GFB1-VQF","Male"
"L1ZC-MM6",52995298402,"LY9D-BLW","Male"
"GGNM-PGR",52995298432,"9CXH-ZTK","Male"
"GGNM-PGR",52995298433,"GDXT-GRD","Female"
"L1YH-R4C",52995298464,"LDQ1-TMR","Male"
"L1YH-R4C",52995298465,"G21Q-Z62","Female"
"GJ1M-N4H",52995298466,"G2H7-ZHJ","Male"
"GJ1M-N4H",52995298467,"G2H7-76J","Female"
"G4ZC-SB2",52995298468,"LD3L-7M9","Male"
"G4ZC-SB2",52995298469,"G2SZ-6VW","Female"
"LDQ1-R1D",52995298472,"LDQ1-TMR","Male"
"LDQ1-R1D",52995298473,"G2LB-B1B","Female"
"L5J9-QL8",52995299520,"LBZ2-PJC","Male"
"L5J9-QL8",52995299521,"GLBC-K77","Female"
"GGG9-961",52995299568,"GGG9-WH9","Male"
"GGG9-961",52995299569,"GGGM-1YH","Female"
"GGG9-MX6",52995299570,"GGGM-1YY","Male"
"GSNB-657",52995301984,"GKZ8-LRC","Male"
"GSNB-657",52995301985,"G23Q-6SP","Female"
"G882-CG8",52995301986,"KHRR-ZX7","Male"
"G882-CG8",52995301987,"93KV-8B7","Female"
"GLFJ-SRC",52995301988,"LDSQ-N44","Male"
"GLFJ-SRC",52995301989,"GL5N-65L","Female"
"GVNP-ZYN",52995301992,"GGDW-9PC","Male"
"GVNP-ZYN",52995301993,"GGD7-1S6","Female"
"GVNP-XK1",52995301994,"GVNP-4KR","Male"
"GVNP-XK1",52995301995,"GLFZ-DGL","Female"
"9KZ2-PL4",52995301996,"GSDB-V2T","Male"
"9KZ2-PL4",52995301997,"LZXK-6XH","Female"
"G8WY-Y15",52995301998,"LTY4-Y72","Male"
"G8WY-Y15",52995301999,"LZ86-129","Female"
"GLTD-CTG",52995302002,"GD5G-7PX","Male"
"GLTD-CTG",52995302003,"GLFH-NWX","Female"
"L8YG-8PB",52995302008,"L87F-P2T","Male"
"L8YG-8PB",52995302009,"GNWG-WJ8","Female"
"9C72-WGJ",52995302012,"L4HF-2RY","Male"
"9C72-WGJ",52995302013,"L8TG-1DR","Female"
"9CZV-2KJ",52995302014,"LB2S-FHY","Male"
"9CZV-2KJ",52995302015,"G88G-V6W","Female"
"GMSP-9XR",52995302024,"L2H4-9QX","Male"
"GMSP-9XR",52995302025,"GVD1-N5F","Female"
"KLXB-6QR",52995302026,"GQP1-CYV","Male"
"KLXB-6QR",52995302027,"GS8P-Y7X","Female"
"LBBB-4XS",52995302028,"KT4G-S84","Male"
"LBBB-4XS",52995302029,"GG1G-YJM","Female"
"LDHS-6S3",52995302030,"9H6Q-VVW","Male"
"LDHS-6S3",52995302031,"932C-Q9B","Female"
"L8YG-8PB",52995302148,"L87F-P2T","Male"
"L8YG-8PB",52995302149,"GNWG-WJ8","Female"
"G821-DK6",52995302152,"9CD1-KW4","Male"
"G821-DK6",52995302153,"LB2S-623","Female"
"GXDS-F94",52995302154,"GVM2-MJX","Male"
"GXDS-F94",52995302155,"GZ5H-R4Q","Female"
"LCDM-9D5",52995302160,"94NX-NK2","Male"
"LCDM-9D5",52995302161,"LCDW-ZQK","Female"
"MT39-VLW",52995302162,"LCDM-N61","Male"
"MT39-VLW",52995302163,"LZF7-33W","Female"
"9C72-WGJ",52995302164,"L4HF-2RY","Male"
"9C72-WGJ",52995302165,"L8TG-1DR","Female"
"9CZV-2KJ",52995302166,"LB2S-FHY","Male"
"9CZV-2KJ",52995302167,"G88G-V6W","Female"
"LZPK-P7H",52995302176,"G84G-L58","Male"
"GN4S-LXY",52995302179,"LHTH-XJT","Female"
"9CD1-KW4",52995302180,"G8TG-GRS","Male"
"9CD1-KW4",52995302181,"GJ82-D9B","Female"
"LB2S-623",52995302182,"L4HF-2RY","Male"
"LB2S-623",52995302183,"L8TG-1DR","Female"
"GSXG-5MK",52995302184,"9HLL-QJ9","Male"
"GSXG-5MK",52995302185,"GQQZ-P4H","Female"
"GH7C-CVR",52995302186,"GGDY-T7T","Male"
"GH7C-CVR",52995302187,"GM64-N8T","Female"
"GSKF-F7X",52995302192,"G3KL-M81","Male"
"GSKF-F7X",52995302193,"G3KL-TG7","Female"
"GF1S-331",52995302194,"G6NH-HMV","Male"
"GF1S-331",52995302195,"G6NH-992","Female"
"9W1F-TP6",52995302196,"LDSH-HB3","Male"
"9W1F-TP6",52995302197,"LZJV-7DH","Female"
"K4BW-2FF",52995302198,"GZ5X-JF3","Male"
"K4BW-2FF",52995302199,"G6R8-4HN","Female"
"LD9Y-G1J",52995302200,"LC8B-RQJ","Male"
"LD9Y-G1J",52995302201,"G2L1-HFH","Female"
"LYZB-L4Y",52995302202,"LHJC-WKM","Male"
"LYZB-L4Y",52995302203,"GPM9-QNZ","Female"
"9H4X-GTQ",52995302204,"GSDB-V2T","Male"
"9H4X-GTQ",52995302205,"LZXK-6XH","Female"
"9HLL-QJ9",52995302208,"LC58-L2Q","Male"
"9HLL-QJ9",52995302209,"LC58-LGY","Female"
"GQQZ-P4H",52995302210,"G4NJ-6KL","Male"
"GQQZ-P4H",52995302211,"GVSK-LYZ","Female"
"GM64-N8T",52995302214,"GLS6-L74","Male"
"GM64-N8T",52995302215,"GN84-T3H","Female"
"GVRY-L25",52995302226,"LC58-L2Q","Male"
"GVRY-L25",52995302227,"LC58-LGY","Female"
"G83F-JD2",52995302228,"G83F-V67","Male"
"G83F-JD2",52995302229,"G83F-896","Female"
"GVP7-21B",52995302230,"GL46-JQ9","Male"
"GVP7-21B",52995302231,"G86T-KGP","Female"
"GVNZ-85D",52995302232,"GVNZ-HN5","Male"
"GM83-WRR",52995302240,"G2C1-RQW","Male"
"GM83-WRR",52995302241,"L171-BJD","Female"
"LDMK-RJ4",52995302242,"GW5X-H4D","Male"
"LDMK-RJ4",52995302243,"GLYL-7GN","Female"
"LD34-CZR",52995302244,"LJRC-MWY","Male"
"LD34-CZR",52995302245,"GMDT-HFC","Female"
"G79Q-N5X",52995302248,"G9RT-WCH","Male"
"G79Q-N5X",52995302249,"GVRY-L25","Female"
"L2J7-KLK",52995302250,"G83F-JD2","Male"
"L2J7-KLK",52995302251,"GVP7-21B","Female"
"GS8N-HT4",52995302252,"GKKM-LSZ","Male"
"GS8N-HT4",52995302253,"G6P2-XRJ","Female"
"G6MD-7HR",52995302254,"L1GN-JJD","Male"
"G6MD-7HR",52995302255,"GKZZ-8C5","Female"
"G295-8J1",52995302256,"LR8G-BSN","Male"
"G295-8J1",52995302257,"G39F-D58","Female"
"GLXM-M9K",52995302258,"GKZZ-5HP","Male"
"GLXM-M9K",52995302259,"GKCW-HKQ","Female"
"KT4G-S84",52995302260,"LCZN-T6T","Male"
"KT4G-S84",52995302261,"LDR6-HYY","Female"
"G8JC-LL8",52995302264,"9CWH-1XP","Male"
"G8JC-LL8",52995302265,"GW4J-HSZ","Female"
"GZJN-PZF",52995302266,"GK55-ZV3","Male"
"GZJN-PZF",52995302267,"G2YZ-HSQ","Female"
"GF6B-6SS",52995302268,"9CD1-KW4","Male"
"GF6B-6SS",52995302269,"LB2S-623","Female"
"GF6Y-2KY",52995302270,"LCDM-9D5","Male"
"GF6Y-2KY",52995302271,"G6NR-X1W","Female"
"GKYP-ZCF",52995302336,"GD2P-T72","Male"
"GKYP-ZCF",52995302337,"GKYP-SQ7","Female"
"LHP9-TM5",52995302344,"GV3J-BRG","Male"
"G71X-VLP",52995302368,"9CHW-MJN","Male"
"G71X-VLP",52995302369,"GST8-ZH8","Female"
"G278-RXX",52995302370,"GZNQ-R1Z","Male"
"G278-RXX",52995302371,"G8BX-ZH8","Female"
"GKYP-ZCF",52995302372,"GD2P-T72","Male"
"GKYP-ZCF",52995302373,"GKYP-SQ7","Female"
"94T6-749",52995302376,"GKZ8-PM1","Male"
"94T6-749",52995302377,"GMXZ-2CC","Female"
"GLLC-968",52995302378,"G8K3-VQ8","Male"
"GLLC-968",52995302379,"G9TH-6YX","Female"
"L1DW-Q5N",52995302380,"LY5W-N6P","Male"
"L1DW-Q5N",52995302381,"LHWS-BFW","Female"
"2781-6PP",52995302382,"GDB8-4V9","Male"
"2781-6PP",52995302383,"GVZM-RKC","Female"
"GG96-STV",52995302384,"GXQV-4CB","Male"
"GG96-STV",52995302385,"GL7J-DD5","Female"
"GXQJ-J7S",52995302386,"GQ17-824","Male"
"GXQJ-J7S",52995302387,"G8Z7-2LN","Female"
"L1DW-Q5N",52995302388,"LY5W-N6P","Male"
"L1DW-Q5N",52995302389,"LHWS-BFW","Female"
"2781-6PP",52995302390,"GDB8-4V9","Male"
"2781-6PP",52995302391,"GVZM-RKC","Female"
"G8K3-VQ8",52995302392,"99Y7-Y7P","Male"
"G8K3-VQ8",52995302393,"L8YR-PKK","Female"
"G9TH-6YX",52995302394,"GZRF-9R1","Male"
"G9TH-6YX",52995302395,"G8WY-DDP","Female"
"GGB9-4CK",52995305648,"L7N5-6KK","Male"
"GGB9-4CK",52995305649,"L87C-W52","Female"
"9MTF-W16",52995305650,"LZXX-FT2","Male"
"9MTF-W16",52995305651,"GNN8-QJH","Female"
"LZF6-M94",52995305656,"KGSQ-35V","Male"
"LZF6-M94",52995305657,"GKZQ-S2R","Female"
"GWW8-LWR",52995305658,"9ZHZ-89Q","Male"
"GWW8-LWR",52995305659,"G8L4-56J","Female"
"GNXF-WG7",52995312128,"GG86-WMJ","Male"
"GNXF-WG7",52995312129,"GG3P-4PH","Female"
"949D-P6W",52995312132,"LV89-MQW","Male"
"949D-P6W",52995312133,"GGR4-SRR","Female"
"GDY4-Z39",52995312134,"GGBQ-FNL","Male"
"GDY4-Z39",52995312135,"GLRK-1QZ","Female"
"L1H5-9N6",52995312160,"99QT-S75","Male"
"L1H5-9N6",52995312161,"G9D2-KQK","Female"
"9C3G-QBG",52995312168,"L71K-WNF","Male"
"9C3G-QBG",52995312169,"GVZ3-JK4","Female"
"GKZQ-BG1",52995312170,"LZRW-Z12","Male"
"GKZQ-BG1",52995312171,"94Y9-R1P","Female"
"LCPY-NG4",52995312192,"GK2Y-NLP","Male"
"LCPY-NG4",52995312193,"GKCV-Z6Z","Female"
"GP9Z-KVF",52995312196,"GP9T-9DP","Male"
"GKQX-ZWW",52995312208,"GKQX-4M2","Male"
"GKQX-ZWW",52995312209,"GKQX-VY2","Female"
"LZPK-P7H",52995312640,"G84G-L58","Male"
"GN4S-LXY",52995312643,"LHTH-XJT","Female"
"9CD1-KW4",52995312644,"G8TG-GRS","Male"
"9CD1-KW4",52995312645,"GJ82-D9B","Female"
"LB2S-623",52995312646,"L4HF-2RY","Male"
"LB2S-623",52995312647,"L8TG-1DR","Female"
"GJ9M-PR2",52995312688,"GQ6F-W6Y","Male"
"GJ9M-PR2",52995312689,"G2N1-2HM","Female"
"LZLG-V3F",52995312692,"L7NG-DRP","Male"
"LZLG-V3F",52995312693,"LYTH-K3C","Female"
"LH6K-2BP",52995312694,"LTT6-YJQ","Male"
"LH6K-2BP",52995312695,"GV8X-JR1","Female"
"9H5N-BFF",52995325952,"GGVH-7FW","Male"
"9H5N-BFF",52995325953,"G6TP-J4Z","Female"
"GKZ8-4FD",52995325954,"GVV8-W7R","Male"
"GKZ8-4FD",52995325955,"G2N1-V9H","Female"
"G6Q3-JX4",52995325956,"LBKG-X1C","Male"
"G6Q3-JX4",52995325957,"LD9Y-GRR","Female"
"GVBH-MTY",52995325960,"L61S-GV2","Male"
"LCBD-GVR",52995325968,"LCDM-N61","Male"
"LCBD-GVR",52995325969,"GK2P-4KF","Female"
"LCB8-2VX",52995325970,"GL1F-4WB","Male"
"LCB8-2VX",52995325971,"GLWQ-FHZ","Female"
"L8MB-ZF7",52995325972,"L8WB-NGX","Male"
"L8MB-ZF7",52995325973,"L8WB-MKY","Female"
"L83F-5Z6",52995325974,"M8X5-64Z","Male"
"L83F-5Z6",52995325975,"LH2D-YSM","Female"
"9HRG-JDL",52995325976,"LZDH-NFR","Male"
"9HRG-JDL",52995325977,"LD9C-ZGZ","Female"
"GV4D-MPR",52995325984,"GH29-MH6","Male"
"GV4D-MPR",52995325985,"G88P-5CS","Female"
"9HTX-2CD",52995326080,"9HRG-JDL","Male"
"9HTX-2CD",52995326081,"LDH1-G9D","Female"
"G39Q-HBK",52995326082,"KX2S-NWF","Male"
"G39Q-HBK",52995326083,"L7GV-KKS","Female"
"LZGK-GZB",52995326084,"LZ8D-9DK","Male"
"LZGK-GZB",52995326085,"GK9J-9XB","Female"
"MXKR-J9R",52995326086,"9QZD-J5R","Male"
"MXKR-J9R",52995326087,"L18P-6ZG","Female"
"GG5W-TJ1",52995326088,"GGB9-4CK","Male"
"GG5W-TJ1",52995326089,"9MTF-W16","Female"
"LZ19-924",52995326092,"LZF6-M94","Male"
"LZ19-924",52995326093,"GWW8-LWR","Female"
"LD95-VVH",52995326096,"LD97-4RG","Male"
"LD95-VVH",52995326097,"LDSS-BYY","Female"
"99SD-Z4Q",52995326098,"L8RR-S6X","Male"
"99SD-Z4Q",52995326099,"L8RR-S6J","Female"
"MBGG-7NP",52995326100,"LZ9M-HWG","Male"
"MBGG-7NP",52995326101,"9M85-YGM","Female"
"LD9R-SHL",52995326102,"21JJ-KNR","Male"
"LD9R-SHL",52995326103,"GZL8-6WN","Female"
"LD9R-RYR",52995326104,"LCRR-KM2","Male"
"LD9R-RYR",52995326105,"LDW5-JN2","Female"
"M15L-V4Q",52995326106,"LD9Y-C7T","Male"
"M15L-V4Q",52995326107,"LD9Y-CW9","Female"
"L133-HLP",52995326108,"94T6-749","Male"
"L133-HLP",52995326109,"GLLC-968","Female"
"KH8N-T92",52995326110,"L1DW-Q5N","Male"
"KH8N-T92",52995326111,"2781-6PP","Female"
"G7NH-CM4",52995326256,"G215-NYD","Male"
"G7NH-CM4",52995326257,"GG1F-HTT","Female"
"GGTY-L1Y",52995326272,"GJWM-SSL","Male"
"GGTY-L1Y",52995326273,"GKL1-V12","Female"
"9HRG-JDL",52995326368,"LZDH-NFR","Male"
"9HRG-JDL",52995326369,"LD9C-ZGZ","Female"
"GVR7-Q43",52995326376,"G64V-C8T","Male"
"GVR7-Q43",52995326377,"GZ6F-QDM","Female"
"L2DV-WS5",52995326378,"KH35-NFB","Male"
"L2DV-WS5",52995326379,"H4ND-8VF","Female"
"LZK3-LK2",52995326436,"GMMD-GH5","Male"
"LZK3-LK2",52995326437,"G2PL-CYW","Female"
"G6DZ-JKF",52995326440,"GZRV-Z69","Male"
"G6DZ-JKF",52995326441,"G6DZ-KHR","Female"
"GZ8X-GV2",52995326444,"GFK3-MS7","Male"
"GZ8X-GV2",52995326445,"GFPT-WGM","Female"
"G6ZP-B73",52995326446,"LH3L-KQH","Male"
"G6ZP-B73",52995326447,"G692-MWD","Female"
"LCJD-VX6",52995326448,"9ZCB-DSC","Male"
"LCJD-VX6",52995326449,"GG1G-KG2","Female"
"LD9R-RKH",52995326450,"LD9R-RYR","Male"
"LD9R-RKH",52995326451,"M15L-V4Q","Female"
"9WMP-NNQ",52995326452,"99PT-NTZ","Male"
"9WMP-NNQ",52995326453,"G98Z-6RZ","Female"
"945D-J9Y",52995326454,"LZ9M-HWG","Male"
"945D-J9Y",52995326455,"9M85-YGM","Female"
"GZ8X-GV2",52995326456,"GFK3-MS7","Male"
"GZ8X-GV2",52995326457,"GFPT-WGM","Female"
"G6ZP-B73",52995326458,"LH3L-KQH","Male"
"G6ZP-B73",52995326459,"G692-MWD","Female"
"9HRG-JDL",52995327296,"LZDH-NFR","Male"
"9HRG-JDL",52995327297,"LD9C-ZGZ","Female"
"MNGL-KK4",52995327320,"GGSH-C4B","Male"
"MNGL-KK4",52995327321,"L8BM-ZN2","Female"
"GKGD-BLB",52995327324,"GJJG-R4Y","Male"
"GKGD-BLB",52995327325,"GJJP-9P7","Female"
"CC8V-FKX",52995327326,"G9TY-VXY","Male"
"CC8V-FKX",52995327327,"G4HJ-NJK","Female"
"9SPT-P9Z",52995327624,"GGYZ-GYK","Male"
"9SPT-P9Z",52995327625,"GGYZ-HP5","Female"
"LKT4-7DC",52995327808,"G7YH-3GJ","Male"
"LKT4-7DC",52995327809,"GC45-DB8","Female"
"GH5Y-9HC",52995327904,"GX52-ZZQ","Male"
"GH5Y-9HC",52995327905,"GFW7-86Y","Female"
"G6TX-KJJ",52995327906,"GLBY-DYH","Male"
"GNDR-792",52995328000,"GNDR-Q3S","Male"
"GNDR-792",52995328001,"GLV3-5C3","Female"
"G6BV-5KD",52995328016,"GG1X-LXL","Male"
"G6BV-5KD",52995328017,"GG1F-38W","Female"
"GNSH-WMX",52995328024,"G7NH-CM4","Male"
"GNSH-WMX",52995328025,"G215-VM8","Female"
"G4RY-8GZ",52995328032,"GGTY-L1Y","Male"
"G4RY-8GZ",52995328033,"GKL1-29X","Female"
"9HTX-2CD",52995328080,"9HRG-JDL","Male"
"9HTX-2CD",52995328081,"LDH1-G9D","Female"
"G39Q-HBK",52995328082,"KX2S-NWF","Male"
"G39Q-HBK",52995328083,"L7GV-KKS","Female"
"L7LR-RWX",52995328084,"GVR7-Q43","Male"
"L7LR-RWX",52995328085,"L2DV-WS5","Female"
"LBTR-BTW",52995328114,"LZK3-LK2","Male"
"LBTR-BTW",52995328115,"M185-RW3","Female"
"G6RN-4Y7",52995328116,"G6DZ-JKF","Male"
"G6RN-4Y7",52995328117,"G6D8-388","Female"
"GFPT-S5P",52995328118,"GZ8X-GV2","Male"
"GFPT-S5P",52995328119,"G6ZP-B73","Female"
"LY9D-2F8",52995328120,"LCJD-VX6","Male"
"LY9D-2F8",52995328121,"LD9R-RKH","Female"
"L28D-TJH",52995328122,"9WMP-NNQ","Male"
"L28D-TJH",52995328123,"945D-J9Y","Female"
"GJTS-3TP",52995328124,"GZ8X-GV2","Male"
"GJTS-3TP",52995328125,"G6ZP-B73","Female"
"9HRG-JDL",52995328288,"LZDH-NFR","Male"
"9HRG-JDL",52995328289,"LD9C-ZGZ","Female"
"GVR7-Q43",52995328296,"G64V-C8T","Male"
"GVR7-Q43",52995328297,"GZ6F-QDM","Female"
"L2DV-WS5",52995328298,"KH35-NFB","Male"
"L2DV-WS5",52995328299,"H4ND-8VF","Female"
"LZK3-LK2",52995328356,"GMMD-GH5","Male"
"LZK3-LK2",52995328357,"G2PL-CYW","Female"
"G6DZ-JKF",52995328360,"GZRV-Z69","Male"
"G6DZ-JKF",52995328361,"G6DZ-KHR","Female"
"GZ8X-GV2",52995328364,"GFK3-MS7","Male"
"GZ8X-GV2",52995328365,"GFPT-WGM","Female"
"G6ZP-B73",52995328366,"LH3L-KQH","Male"
"G6ZP-B73",52995328367,"G692-MWD","Female"
"LCJD-VX6",52995328368,"9ZCB-DSC","Male"
"LCJD-VX6",52995328369,"GG1G-KG2","Female"
"LD9R-RKH",52995328370,"LD9R-RYR","Male"
"LD9R-RKH",52995328371,"M15L-V4Q","Female"
"9WMP-NNQ",52995328372,"99PT-NTZ","Male"
"9WMP-NNQ",52995328373,"G98Z-6RZ","Female"
"945D-J9Y",52995328374,"LZ9M-HWG","Male"
"945D-J9Y",52995328375,"9M85-YGM","Female"
"GZ8X-GV2",52995328376,"GFK3-MS7","Male"
"GZ8X-GV2",52995328377,"GFPT-WGM","Female"
"G6ZP-B73",52995328378,"LH3L-KQH","Male"
"G6ZP-B73",52995328379,"G692-MWD","Female"
"LZGK-GZB",52995328400,"LZ8D-9DK","Male"
"LZGK-GZB",52995328401,"GK9J-9XB","Female"
"LDSQ-F68",52995328402,"9CCG-XPQ","Male"
"LDSQ-F68",52995328403,"GFQJ-6W3","Female"
"GVB8-9XY",52995328450,"GLVQ-WXX","Male"
"GVB8-9XY",52995328451,"GG11-XXC","Female"
"GLFD-7MD",52995328464,"GMMD-GH5","Male"
"GLFD-7MD",52995328465,"LBK1-86P","Female"
"GGFH-MVX",52995328466,"LCJD-VX6","Male"
"GGFH-MVX",52995328467,"LD9R-RKH","Female"
"9HTX-2CD",52995328468,"9HRG-JDL","Male"
"9HTX-2CD",52995328469,"LDH1-G9D","Female"
"GLFD-7MD",52995328472,"GMMD-GH5","Male"
"GLFD-7MD",52995328473,"LBK1-86P","Female"
"GGFH-MVX",52995328474,"LCJD-VX6","Male"
"GGFH-MVX",52995328475,"LD9R-RKH","Female"
"G6H3-12T",52995328480,"G6HR-WX7","Male"
"GD7W-BDW",52995328484,"GFQQ-MZV","Male"
"GD7W-BDW",52995328485,"G2MY-3QK","Female"
"KNW5-CM9",52995328496,"LVMF-2YH","Male"
"KNW5-CM9",52995328497,"GH4Y-2HC","Female"
"LCRM-5HJ",52995328498,"LCQX-XJS","Male"
"LCRM-5HJ",52995328499,"L78P-85J","Female"
"LHW9-VZ4",52995328500,"L1MT-HC1","Male"
"LHW9-VZ4",52995328501,"GVGZ-DCK","Female"
"GGWF-VYW",52995328504,"GGWF-6J3","Male"
"LVMF-2JP",52995328512,"GLBB-B7J","Male"
"LVMF-2JP",52995328513,"GKY2-HZS","Female"
"LDSS-D1D",52995328516,"GMWX-WW1","Male"
"LZLG-V3F",52995328528,"L7NG-DRP","Male"
"LZLG-V3F",52995328529,"LYTH-K3C","Female"
"LH6K-2BP",52995328530,"LTT6-YJQ","Male"
"LH6K-2BP",52995328531,"GV8X-JR1","Female"
"GJYM-TGG",52995328532,"29H4-2Y1","Male"
"GJYM-TGG",52995328533,"GKZ8-Q9M","Female"
"LBPM-PVV",52995328534,"G8W1-CJS","Male"
"LBPM-PVV",52995328535,"GKCC-J1G","Female"
"GQMM-WCR",52995328536,"GH7M-QSF","Male"
"GQMM-WCR",52995328537,"G4SP-ZYT","Female"
"L1JY-KRP",52995328542,"L1DW-Q5N","Male"
"L1JY-KRP",52995328543,"2781-6PP","Female"
"GLZW-7GF",52995328640,"LZNY-FF7","Male"
"GLZW-7GF",52995328641,"GPMD-KTY","Female"
"GVSG-X5N",52995328642,"GLZW-7HZ","Male"
"GVSG-X5N",52995328643,"GQFV-K7Q","Female"
"G2RH-ZJB",52995328648,"LTT6-YJQ","Male"
"G2RH-ZJB",52995328649,"GV8X-JR1","Female"
"GQRR-BP3",52995328652,"GFXP-YYF","Male"
"GQRR-BP3",52995328653,"GX9B-8M2","Female"
"9HTX-2CD",52995328656,"9HRG-JDL","Male"
"9HTX-2CD",52995328657,"LDH1-G9D","Female"
"G39Q-HBK",52995328658,"KX2S-NWF","Male"
"G39Q-HBK",52995328659,"L7GV-KKS","Female"
"LZGK-GZB",52995328660,"LZ8D-9DK","Male"
"LZGK-GZB",52995328661,"GK9J-9XB","Female"
"MXKR-J9R",52995328662,"9QZD-J5R","Male"
"MXKR-J9R",52995328663,"L18P-6ZG","Female"
"LD9R-RYR",52995328664,"LCRR-KM2","Male"
"LD9R-RYR",52995328665,"LDW5-JN2","Female"
"M15L-V4Q",52995328666,"LD9Y-C7T","Male"
"M15L-V4Q",52995328667,"LD9Y-CW9","Female"
"L133-HLP",52995328668,"94T6-749","Male"
"L133-HLP",52995328669,"GLLC-968","Female"
"KH8N-T92",52995328670,"L1DW-Q5N","Male"
"KH8N-T92",52995328671,"2781-6PP","Female"
"GL9M-YXL",52995328674,"GKZG-KWQ","Male"
"GL9M-YXL",52995328675,"GGTN-692","Female"
"GG5W-TJ1",52995328696,"GGB9-4CK","Male"
"GG5W-TJ1",52995328697,"9MTF-W16","Female"
"LZ19-924",52995328700,"LZF6-M94","Male"
"LZ19-924",52995328701,"GWW8-LWR","Female"
"GVXT-MZG",52995328800,"L2MN-44Y","Male"
"GVXT-MZG",52995328801,"G8FL-PW4","Female"
"GKWF-SCL",52995328804,"GKWF-9HW","Male"
"G3LH-DG9",52995328808,"GXTQ-FJT","Male"
"G3LH-DG9",52995328809,"G7DV-WW9","Female"
"G6GQ-R3F",52995328812,"GXWR-W8R","Male"
"G6GQ-R3F",52995328813,"G8WY-8VN","Female"
"G2TZ-96Y",52995328816,"GLZJ-1J2","Male"
"L1DD-JMP",52995328820,"GG5W-TJ1","Male"
"L1DD-JMP",52995328821,"GG54-SDF","Female"
"9WY9-HRJ",52995328822,"LZ19-924","Male"
"LD9R-RCZ",52995328824,"GGT6-NYC","Male"
"LD9R-RCZ",52995328825,"GGTD-5CG","Female"
"MBWQ-SF3",52995328826,"LH3J-XVF","Male"
"MBWQ-SF3",52995328827,"KN3T-TR3","Female"
"L1R3-QH7",52995328828,"LD9R-5PH","Male"
"L1R3-QH7",52995328829,"LZM1-YM9","Female"
"M33Z-FHV",52995328830,"GGQ2-T6Y","Male"
"M33Z-FHV",52995328831,"GGQ2-FDK","Female"
"G3M5-XM2",52995328832,"GLBC-ZZH","Male"
"GGJN-2MN",52995328834,"GGJN-L3R","Male"
"GGT6-NYC",52995328864,"GW2T-YH6","Male"
"GGT6-NYC",52995328865,"GX5P-L6M","Female"
"GGTD-5CG",52995328866,"GGTX-XJX","Male"
"GGTD-5CG",52995328867,"GGT6-1Q1","Female"
"LH3J-XVF",52995328868,"GGYS-TR5","Male"
"LH3J-XVF",52995328869,"GGYS-R4S","Female"
"LD9R-5PH",52995328872,"L187-NYR","Male"
"LD9R-5PH",52995328873,"9WQY-MZT","Female"
"G21Z-QQG",52995328880,"G21C-YGX","Male"
"G21Z-QQG",52995328881,"G8WB-J6L","Female"
"GZ2N-HCQ",52995328882,"G8WL-T7Q","Male"
"GZ2N-HCQ",52995328883,"GDSY-Z6B","Female"
"99PT-X33",52995328884,"G21J-37H","Male"
"99PT-X33",52995328885,"G21J-G8S","Female"
"9HTX-2CD",52995328912,"9HRG-JDL","Male"
"9HTX-2CD",52995328913,"LDH1-G9D","Female"
"G39Q-HBK",52995328914,"KX2S-NWF","Male"
"G39Q-HBK",52995328915,"L7GV-KKS","Female"
"L7LR-RWX",52995328916,"GVR7-Q43","Male"
"L7LR-RWX",52995328917,"L2DV-WS5","Female"
"LBTR-BTW",52995328946,"LZK3-LK2","Male"
"LBTR-BTW",52995328947,"M185-RW3","Female"
"G6RN-4Y7",52995328948,"G6DZ-JKF","Male"
"G6RN-4Y7",52995328949,"G6D8-388","Female"
"GFPT-S5P",52995328950,"GZ8X-GV2","Male"
"GFPT-S5P",52995328951,"G6ZP-B73","Female"
"LY9D-2F8",52995328952,"LCJD-VX6","Male"
"LY9D-2F8",52995328953,"LD9R-RKH","Female"
"L28D-TJH",52995328954,"9WMP-NNQ","Male"
"L28D-TJH",52995328955,"945D-J9Y","Female"
"GJTS-3TP",52995328956,"GZ8X-GV2","Male"
"GJTS-3TP",52995328957,"G6ZP-B73","Female"
"GGKB-FBC",52995328968,"LZGK-GZB","Male"
"GGKB-FBC",52995328969,"LDSQ-F68","Female"
"GKCC-1KD",52995328992,"GKQX-VM9","Male"
"GKCC-1KD",52995328993,"GVB8-9XY","Female"
"GMF5-BSR",52995329000,"GLFD-7MD","Male"
"GMF5-BSR",52995329001,"GGFH-MVX","Female"
"L1WB-PZW",52995329002,"9HTX-2CD","Male"
"L1WB-PZW",52995329003,"L83J-4S6","Female"
"L1W8-W7S",52995329004,"GLFD-7MD","Male"
"L1W8-W7S",52995329005,"GGFH-MVX","Female"
"GD7W-JS7",52995329008,"G6H3-12T","Male"
"GD7W-NSX",52995329010,"GD7W-BDW","Male"
"9376-JCH",52995329016,"KNW5-CM9","Male"
"9376-JCH",52995329017,"LCRM-5HJ","Female"
"9HVH-9GD",52995329018,"LHW9-VZ4","Male"
"9HVH-9GD",52995329019,"GKKW-24R","Female"
"GG3M-7JP",52995329020,"GGWF-VYW","Male"
"GG3M-7JP",52995329021,"GGXT-3X8","Female"
"G8F3-MXY",52995329032,"GZSD-5JK","Male"
"G8F3-MXY",52995329033,"GM4H-LD2","Female"
"LK6D-M2Y",52995329036,"MNGL-KK4","Male"
"LK6D-M2Y",52995329037,"GL7G-3Z6","Female"
"LZJQ-KN6",52995329038,"GKGD-BLB","Male"
"LZJQ-KN6",52995329039,"CC8V-FKX","Female"
"9WCC-FSZ",52995329040,"GC35-TBX","Male"
"9WCC-FSZ",52995329041,"GN17-9YY","Female"
"LVKC-WC1",52995329042,"MZ68-VKD","Male"
"LVKC-WC1",52995329043,"LY72-MRC","Female"
"949K-PBH",52995329152,"GGY2-N7M","Male"
"949K-PBH",52995329153,"GGYL-VM8","Female"
"L8RR-4KG",52995329192,"L8WY-72D","Male"
"L8RR-4KG",52995329193,"GZBB-BMJ","Female"
"99QT-MCB",52995329194,"LDSS-KBB","Male"
"99QT-MCB",52995329195,"GLZ3-DZS","Female"
"LDSS-KJ6",52995329200,"LDSS-288","Male"
"LDSS-KJ6",52995329201,"G6PK-MQW","Female"
"L28D-TJH",52995329202,"9WMP-NNQ","Male"
"L28D-TJH",52995329203,"945D-J9Y","Female"
"LYCY-PN6",52995329204,"LDSS-26H","Male"
"LYCY-PN6",52995329205,"L6SC-CJF","Female"
"LDSS-KKV",52995329206,"LZLQ-664","Male"
"LDSS-KKV",52995329207,"GK2Y-MJB","Female"
"KDQW-JTJ",52995329208,"9HTX-2CD","Male"
"KDQW-JTJ",52995329209,"G39Q-HBK","Female"
"LDS9-GGV",52995329210,"LZGK-GZB","Male"
"LDS9-GGV",52995329211,"MXKR-J9R","Female"
"KN8N-WHW",52995329216,"LBKM-2H9","Male"
"KN8N-WHW",52995329217,"LBDY-3J8","Female"
"9SYL-S5H",52995329218,"KX2S-NWF","Male"
"9SYL-S5H",52995329219,"L7GV-KKS","Female"
"G67W-G57",52995329220,"MKTV-TMC","Male"
"G67W-G57",52995329221,"G67G-YFC","Female"
"LDFZ-8Q1",52995329224,"GJ9M-PR2","Male"
"LDFZ-8Q1",52995329225,"GL14-857","Female"
"LHPZ-VGH",52995329226,"LZLG-V3F","Male"
"LHPZ-VGH",52995329227,"LH6K-2BP","Female"
"LD9R-RB7",52995329232,"LD9R-RYR","Male"
"LD9R-RB7",52995329233,"M15L-V4Q","Female"
"LDSS-6H5",52995329234,"L133-HLP","Male"
"LDSS-6H5",52995329235,"KH8N-T92","Female"
"LDMT-HMZ",52995329236,"L8BY-3VJ","Male"
"LDMT-HMZ",52995329237,"94BP-X4Z","Female"
"LD91-ST3",52995329238,"L8YY-5HK","Male"
"LD91-ST3",52995329239,"L8WB-D2Z","Female"
"L8MB-ZMK",52995329240,"L8YY-PD5","Male"
"L8MB-ZMK",52995329241,"MBV2-T1M","Female"
"MB1Q-ZWW",52995329242,"GKZZ-K49","Male"
"MB1Q-ZWW",52995329243,"GL6R-9XP","Female"
"LDMT-W6R",52995329244,"KJP2-TBR","Male"
"LDMT-W6R",52995329245,"GFN3-DQ5","Female"
"LT83-H6M",52995329246,"GQ59-8LX","Male"
"LT83-H6M",52995329247,"GSCJ-Z9D","Female"
"GKPX-TG7",52995329252,"GN8G-MT7","Male"
"GKPX-TG7",52995329253,"G6VR-DRK","Female"
"LTTZ-YL8",52995329256,"L8TJ-5XS","Male"
"LYSG-SY9",52995329258,"LJG4-5YW","Male"
"LYSG-SY9",52995329259,"GH91-DSB","Female"
"9C32-7PC",52995329260,"G7YH-3GJ","Male"
"9C32-7PC",52995329261,"GC45-DB8","Female"
"GNKW-WY8",52995329392,"GKCC-66Q","Male"
"GNKW-WY8",52995329393,"GKCC-NG3","Female"
"GKCC-2JM",52995329394,"GKCC-G4J","Male"
"GKCC-2JM",52995329395,"G3QJ-6P9","Female"
"GKCC-DDB",52995329396,"G8W1-CJS","Male"
"GKCC-DDB",52995329397,"GKCC-J1G","Female"
"KJP2-TBR",52995329400,"LZLG-V3F","Male"
"KJP2-TBR",52995329401,"LH6K-2BP","Female"
"GFN3-DQ5",52995329402,"GJYM-TGG","Male"
"GFN3-DQ5",52995329403,"LBPM-PVV","Female"
"GQ59-8LX",52995329404,"GQMM-WCR","Male"
"GQ59-8LX",52995329405,"G29Z-H7W","Female"
"GSCJ-Z9D",52995329406,"LYS6-FRB","Male"
"GSCJ-Z9D",52995329407,"L1JY-KRP","Female"
"M6CX-71W",52995329537,"LVD6-1DN","Female"
"MNGL-KK4",52995329540,"GGSH-C4B","Male"
"MNGL-KK4",52995329541,"L8BM-ZN2","Female"
"GQ6F-W6Y",52995329568,"GNVY-ZK7","Male"
"GQ6F-W6Y",52995329569,"G8FQ-C38","Female"
"G2N1-2HM",52995329570,"G6P9-41P","Male"
"G2N1-2HM",52995329571,"G2N1-V9H","Female"
"L7NG-DRP",52995329576,"9H5N-BFF","Male"
"L7NG-DRP",52995329577,"GKZ8-4FD","Female"
"LYTH-K3C",52995329578,"G6Q3-JX4","Male"
"LTT6-YJQ",52995329580,"GVBH-MTY","Male"
"LD9R-5PH",52995329600,"L187-NYR","Male"
"LD9R-5PH",52995329601,"9WQY-MZT","Female"
"GSJL-SH8",52995329604,"G2L1-F2P","Male"
"GSJL-SH8",52995329605,"GH7C-CVR","Female"
"G8V9-RRF",52995329606,"G8DJ-NMC","Male"
"G8V9-RRF",52995329607,"GG64-9ZY","Female"
"L187-NYR",52995329616,"G9FS-BL2","Male"
"L187-NYR",52995329617,"GCSS-S7B","Female"
"9WQY-MZT",52995329618,"LTGB-3SJ","Male"
"9WQY-MZT",52995329619,"GGNP-Y62","Female"
"G2L1-F2P",52995329624,"GDB8-4V9","Male"
"G2L1-F2P",52995329625,"GVYT-JYY","Female"
"GH7C-CVR",52995329626,"GGDY-T7T","Male"
"GH7C-CVR",52995329627,"GM64-N8T","Female"
"G8DJ-NMC",52995329628,"LDW2-1TJ","Male"
"G8DJ-NMC",52995329629,"GHRD-YKD","Female"
"G9P6-CHT",52995329792,"LBKM-2H9","Male"
"G9P6-CHT",52995329793,"LBDY-3J8","Female"
"LVC7-ZZX",52995329794,"GXQR-YJV","Male"
"LVC7-ZZX",52995329795,"G2YW-5YF","Female"
"GSDL-H28",52995329796,"GZ8C-5T9","Male"
"GSDL-H28",52995329797,"G785-H9L","Female"
"G8WB-KGZ",52995329800,"GZ1P-VXC","Male"
"G8WB-KGZ",52995329801,"LVY6-XD9","Female"
"G8W1-CVW",52995329802,"GGDN-MZ1","Male"
"G8W1-CVW",52995329803,"GGDN-8C2","Female"
"G74Z-6JR",52995329808,"GXTQ-1N1","Male"
"G74Z-6JR",52995329809,"G2BD-KRX","Female"
"GHXQ-RT2",52995329810,"LZFS-BYH","Male"
"GHXQ-RT2",52995329811,"GGSY-X3D","Female"
"GGJQ-L7Y",52995329814,"GVLK-WQW","Male"
"GGJQ-L7Y",52995329815,"GGJ8-2ZH","Female"
"G7L7-K4V",52995329816,"GJN4-XTB","Male"
"G7L7-K4V",52995329817,"GVSX-46Q","Female"
"GVMM-WY2",52995329818,"GSD6-K7P","Male"
"GVMM-WY2",52995329819,"G6WQ-WBM","Female"
"LZJX-4WX",52995329820,"G95X-P39","Male"
"LZJX-4WX",52995329821,"GSBX-MD1","Female"
"2ZVG-JS3",52995329822,"L1QG-G8M","Male"
"2ZVG-JS3",52995329823,"LD97-QLP","Female"
"KNQ6-9ZF",52995329861,"GGM3-KZW","Female"
"LDS9-GTK",52995329864,"9HTX-2CD","Male"
"LDS9-GTK",52995329865,"G39Q-HBK","Female"
"GMN3-7TX",52995329866,"L7LR-RWX","Male"
"GMN3-7TX",52995329867,"GKGZ-365","Female"
"LT83-QKS",52995329880,"GZ2L-M6L","Male"
"LT83-QKS",52995329881,"LBTR-BTW","Female"
"GDG2-NJC",52995329882,"G6RN-4Y7","Male"
"GDG2-NJC",52995329883,"GFPT-S5P","Female"
"G9M5-FF1",52995329884,"LY9D-2F8","Male"
"G9M5-FF1",52995329885,"L28D-TJH","Female"
"GN9F-M6Q",52995329886,"GJTS-3TP","Male"
"GN9F-M6Q",52995329887,"GN15-LRT","Female"
"G6RT-HJL",52995329984,"GQV7-DLM","Male"
"G6RT-HJL",52995329985,"GC4H-WW4","Female"
"L198-LRM",52995329996,"LDPX-VWT","Male"
"L198-LRM",52995329997,"GMXZ-2CC","Female"
"LCFL-9DP",52995329998,"LB27-YWT","Male"
"LCFL-9DP",52995329999,"GWZB-NNM","Female"
"L5LL-BRL",52995330000,"94NF-4HS","Male"
"L5LL-BRL",52995330001,"L1ZM-J6S","Female"
"GZ4M-H94",52995330002,"GWLB-P8V","Male"
"GZ4M-H94",52995330003,"GWLB-K5R","Female"
"GFZ2-JTZ",52995330012,"GDN4-FTQ","Male"
"LCVR-TFD",52995330016,"GVNC-TFT","Male"
"LCVR-TFD",52995330017,"GNFT-19B","Female"
"9Z4P-BQB",52995330018,"LZLQ-664","Male"
"9Z4P-BQB",52995330019,"GK2Y-MJB","Female"
"LDW2-41W",52995330020,"94HZ-CG3","Male"
"LDW2-41W",52995330021,"LDSS-BYY","Female"
"G4NJ-GVF",52995330022,"L8RR-S6X","Male"
"G4NJ-GVF",52995330023,"L8RR-S6J","Female"
"LD97-CH9",52995330024,"99PY-ZDF","Male"
"LD97-CH9",52995330025,"LD97-C7T","Female"
"KH4Q-2SB",52995330026,"LL43-FM6","Male"
"KH4Q-2SB",52995330027,"9CMJ-R5M","Female"
"94YF-JDG",52995330028,"L15Q-4BH","Male"
"94YF-JDG",52995330029,"LT36-BWL","Female"
"G8WY-6L8",52995330030,"21JJ-KNR","Male"
"G8WY-6L8",52995330031,"GZL8-6WN","Female"
"G62C-9KF",52995330036,"G6RT-HJL","Male"
"G62C-9KF",52995330037,"GX8Z-2MK","Female"
"GKY5-ZST",52995330040,"GV3V-MKM","Male"
"GKY5-ZST",52995330041,"GZRS-SJZ","Female"
"GGFG-KD4",52995330044,"GKNH-6WQ","Male"
"GGFG-KD4",52995330045,"GLTH-MDW","Female"
"G23G-MFG",52995330046,"GNZN-2MS","Male"
"G23G-MFG",52995330047,"GNZN-H1K","Female"
"GKDX-73T",52995330048,"L5J9-QL8","Male"
"GKDX-73T",52995330049,"GG24-4LF","Female"
"GLBT-CTV",52995330072,"GGG9-961","Male"
"GLBT-CTV",52995330073,"GGG9-MX6","Female"
"GG8F-4ZT",52995330074,"GGGM-1ZZ","Male"
"MNGL-KK4",52995330136,"GGSH-C4B","Male"
"MNGL-KK4",52995330137,"L8BM-ZN2","Female"
"GKGD-BLB",52995330140,"GJJG-R4Y","Male"
"GKGD-BLB",52995330141,"GJJP-9P7","Female"
"CC8V-FKX",52995330142,"G9TY-VXY","Male"
"CC8V-FKX",52995330143,"G4HJ-NJK","Female"
"GC35-TBX",52995330144,"GJRY-PHG","Male"
"GC35-TBX",52995330145,"9S7F-8MW","Female"
"MZ68-VKD",52995330148,"GKG8-GMM","Male"
"MZ68-VKD",52995330149,"L2YT-9F8","Female"
"LY72-MRC",52995330150,"LJ2H-W3S","Male"
"LY72-MRC",52995330151,"LZ2S-DKM","Female"
"9HRG-JDL",52995330176,"LZDH-NFR","Male"
"9HRG-JDL",52995330177,"LD9C-ZGZ","Female"
"LZ1T-YG5",52995330188,"LDHS-DWJ","Male"
"LZZF-5Z1",52995330190,"LBBB-4XS","Male"
"LZZF-5Z1",52995330191,"LDHS-6S3","Female"
"G6TC-GD8",52995330208,"GFF2-JFR","Male"
"G6TC-GD8",52995330209,"GG69-8N9","Female"
"9HTX-2CD",52995330232,"9HRG-JDL","Male"
"9HTX-2CD",52995330233,"LDH1-G9D","Female"
"G39Q-HBK",52995330234,"KX2S-NWF","Male"
"G39Q-HBK",52995330235,"L7GV-KKS","Female"
"GGJD-LJM",52995330240,"GF59-F78","Male"
"GGJD-LJM",52995330241,"GLFD-4JJ","Female"
"9CHR-8ZW",52995330256,"G69T-DN8","Male"
"9CHR-8ZW",52995330257,"L2W2-2TC","Female"
"G2PK-2PB",52995330260,"G9FS-BL2","Male"
"G2PK-2PB",52995330261,"GGXP-5J3","Female"
"GVXD-YLR",52995330262,"GMMD-GH5","Male"
"GVXD-YLR",52995330263,"LBK1-86P","Female"
"9HRG-JDL",52995330496,"LZDH-NFR","Male"
"9HRG-JDL",52995330497,"LD9C-ZGZ","Female"
"LZ1T-YG5",52995330508,"LDHS-DWJ","Male"
"LZZF-5Z1",52995330510,"LBBB-4XS","Male"
"LZZF-5Z1",52995330511,"LDHS-6S3","Female"
"G6TC-GD8",52995330528,"GFF2-JFR","Male"
"G6TC-GD8",52995330529,"GG69-8N9","Female"
"9HTX-2CD",52995330552,"9HRG-JDL","Male"
"9HTX-2CD",52995330553,"LDH1-G9D","Female"
"G39Q-HBK",52995330554,"KX2S-NWF","Male"
"G39Q-HBK",52995330555,"L7GV-KKS","Female"
"9HRG-JDL",52995331072,"LZDH-NFR","Male"
"9HRG-JDL",52995331073,"LD9C-ZGZ","Female"
"LZ1T-YG5",52995331084,"LDHS-DWJ","Male"
"LZZF-5Z1",52995331086,"LBBB-4XS","Male"
"LZZF-5Z1",52995331087,"LDHS-6S3","Female"
"G6TC-GD8",52995331104,"GFF2-JFR","Male"
"G6TC-GD8",52995331105,"GG69-8N9","Female"
"9HTX-2CD",52995331128,"9HRG-JDL","Male"
"9HTX-2CD",52995331129,"LDH1-G9D","Female"
"G39Q-HBK",52995331130,"KX2S-NWF","Male"
"G39Q-HBK",52995331131,"L7GV-KKS","Female"
"GGJD-LJM",52995331136,"GF59-F78","Male"
"GGJD-LJM",52995331137,"GLFD-4JJ","Female"
"9CHR-8ZW",52995331152,"G69T-DN8","Male"
"9CHR-8ZW",52995331153,"L2W2-2TC","Female"
"G2PK-2PB",52995331156,"G9FS-BL2","Male"
"G2PK-2PB",52995331157,"GGXP-5J3","Female"
"GVXD-YLR",52995331158,"GMMD-GH5","Male"
"GVXD-YLR",52995331159,"LBK1-86P","Female"
"GLZW-7GF",52995331200,"LZNY-FF7","Male"
"GLZW-7GF",52995331201,"GPMD-KTY","Female"
"GVSG-X5N",52995331202,"GLZW-7HZ","Male"
"GVSG-X5N",52995331203,"GQFV-K7Q","Female"
"G2RH-ZJB",52995331208,"LTT6-YJQ","Male"
"G2RH-ZJB",52995331209,"GV8X-JR1","Female"
"GQRR-BP3",52995331212,"GFXP-YYF","Male"
"GQRR-BP3",52995331213,"GX9B-8M2","Female"
"9HTX-2CD",52995331216,"9HRG-JDL","Male"
"9HTX-2CD",52995331217,"LDH1-G9D","Female"
"G39Q-HBK",52995331218,"KX2S-NWF","Male"
"G39Q-HBK",52995331219,"L7GV-KKS","Female"
"LZGK-GZB",52995331220,"LZ8D-9DK","Male"
"LZGK-GZB",52995331221,"GK9J-9XB","Female"
"MXKR-J9R",52995331222,"9QZD-J5R","Male"
"MXKR-J9R",52995331223,"L18P-6ZG","Female"
"LD9R-RYR",52995331224,"LCRR-KM2","Male"
"LD9R-RYR",52995331225,"LDW5-JN2","Female"
"M15L-V4Q",52995331226,"LD9Y-C7T","Male"
"M15L-V4Q",52995331227,"LD9Y-CW9","Female"
"L133-HLP",52995331228,"94T6-749","Male"
"L133-HLP",52995331229,"GLLC-968","Female"
"KH8N-T92",52995331230,"L1DW-Q5N","Male"
"KH8N-T92",52995331231,"2781-6PP","Female"
"GL9M-YXL",52995331234,"GKZG-KWQ","Male"
"GL9M-YXL",52995331235,"GGTN-692","Female"
"GG5W-TJ1",52995331256,"GGB9-4CK","Male"
"GG5W-TJ1",52995331257,"9MTF-W16","Female"
"LZ19-924",52995331260,"LZF6-M94","Male"
"LZ19-924",52995331261,"GWW8-LWR","Female"
"9HRG-JDL",52995331584,"LZDH-NFR","Male"
"9HRG-JDL",52995331585,"LD9C-ZGZ","Female"
"LZ8D-9DK",52995331592,"MW4S-HPZ","Male"
"LZ8D-9DK",52995331593,"GGYL-CGH","Female"
"9QZD-J5R",52995331596,"L1DW-Q5N","Male"
"9QZD-J5R",52995331597,"2781-6PP","Female"
"L18P-6ZG",52995331598,"G36D-72Y","Male"
"L18P-6ZG",52995331599,"L18F-8KW","Female"
"GGB9-4CK",52995331600,"L7N5-6KK","Male"
"GGB9-4CK",52995331601,"L87C-W52","Female"
"9MTF-W16",52995331602,"LZXX-FT2","Male"
"9MTF-W16",52995331603,"GNN8-QJH","Female"
"LZF6-M94",52995331608,"KGSQ-35V","Male"
"LZF6-M94",52995331609,"GKZQ-S2R","Female"
"GWW8-LWR",52995331610,"9ZHZ-89Q","Male"
"GWW8-LWR",52995331611,"G8L4-56J","Female"
"LD97-4RG",52995331616,"LZ1T-YG5","Male"
"LD97-4RG",52995331617,"LZZF-5Z1","Female"
"LDSS-BYY",52995331618,"99PY-ZDF","Male"
"LDSS-BYY",52995331619,"LD97-C7T","Female"
"L8RR-S6X",52995331620,"LYCT-Y9Q","Male"
"L8RR-S6X",52995331621,"L142-WBW","Female"
"L8RR-S6J",52995331622,"K6WN-292","Male"
"L8RR-S6J",52995331623,"2NBQ-VZ5","Female"
"LZ9M-HWG",52995331624,"LZPK-P7H","Male"
"LZ9M-HWG",52995331625,"GN4S-LXY","Female"
"9M85-YGM",52995331626,"L8YY-PH5","Male"
"9M85-YGM",52995331627,"KFX1-BZD","Female"
"21JJ-KNR",52995331628,"GX7F-1V3","Male"
"21JJ-KNR",52995331629,"L179-W5T","Female"
"GZL8-6WN",52995331630,"LZPK-K9R","Male"
"GZL8-6WN",52995331631,"GMNF-CHM","Female"
"LCRR-KM2",52995331632,"9H6Q-VVW","Male"
"LCRR-KM2",52995331633,"9HPT-832","Female"
"LDW5-JN2",52995331634,"9C72-WGJ","Male"
"LDW5-JN2",52995331635,"9CZV-2KJ","Female"
"LD9Y-C7T",52995331636,"9SJP-9TN","Male"
"LD9Y-C7T",52995331637,"LVDV-KPT","Female"
"LD9Y-CW9",52995331638,"LZDH-NFR","Male"
"LD9Y-CW9",52995331639,"LD9C-ZGZ","Female"
"94T6-749",52995331640,"GKZ8-PM1","Male"
"94T6-749",52995331641,"GMXZ-2CC","Female"
"GLLC-968",52995331642,"G8K3-VQ8","Male"
"GLLC-968",52995331643,"G9TH-6YX","Female"
"L1DW-Q5N",52995331644,"LY5W-N6P","Male"
"L1DW-Q5N",52995331645,"LHWS-BFW","Female"
"2781-6PP",52995331646,"GDB8-4V9","Male"
"2781-6PP",52995331647,"GVZM-RKC","Female"
"GJ47-K7B",52995331776,"L1GP-TM6","Male"
"GJ47-K7B",52995331777,"GNNX-6QF","Female"
"G68T-8ZP",52995331778,"GGYS-TXL","Male"
"G68T-8ZP",52995331779,"GGY7-GWX","Female"
"GL7J-6P6",52995331780,"GGYW-48T","Male"
"GL7J-6P6",52995331781,"GGYW-7LG","Female"
"GL7J-VSQ",52995331782,"GGYW-8GK","Male"
"GL7J-VSQ",52995331783,"GGY7-BPV","Female"
"LZXX-FT2",52995331788,"G3TC-Q79","Male"
"LZXX-FT2",52995331789,"L8TJ-56P","Female"
"KLXB-KTC",52995331790,"L7N5-6KK","Male"
"KLXB-KTC",52995331791,"L87C-W52","Female"
"G9FS-BL2",52995331808,"L2R6-YZF","Male"
"G9FS-BL2",52995331809,"GGJD-YY4","Female"
"LTGB-3SJ",52995331812,"GF59-F78","Male"
"LTGB-3SJ",52995331813,"GLFD-4JJ","Female"
"GGNP-Y62",52995331814,"L62H-Z9T","Male"
"GGNP-Y62",52995331815,"GVSP-PVV","Female"
"L8RR-S6X",52995332480,"LYCT-Y9Q","Male"
"L8RR-S6X",52995332481,"L142-WBW","Female"
"L8RR-S6J",52995332482,"K6WN-292","Male"
"L8RR-S6J",52995332483,"2NBQ-VZ5","Female"
"GFQJ-6W3",52995332486,"GFJQ-RZT","Male"
"GFQJ-6W3",52995332487,"GLV2-2P8","Female"
"GH7M-QSF",52995332488,"LHXT-LR1","Male"
"GH7M-QSF",52995332489,"GLTD-CTG","Female"
"L8YY-PH5",52995332492,"L8YG-8PB","Male"
"L8YY-PH5",52995332493,"G7B5-SX2","Female"
"KFX1-BZD",52995332494,"9C72-WGJ","Male"
"KFX1-BZD",52995332495,"9CZV-2KJ","Female"
"LCC6-Z4Z",52995333120,"9N32-H78","Male"
"LV95-GQ5",52995333122,"GDWD-RXZ","Male"
"LV95-GQ5",52995333123,"M296-VCG","Female"
"LY8N-RRL",52995333128,"LDM1-CGG","Male"
"LY8N-RRL",52995333129,"LYSP-1D9","Female"
"9ZC1-9W5",52995333130,"G8C6-8VY","Male"
"9ZC1-9W5",52995333131,"G8C6-KLW","Female"
"LJRG-7ST",52995333132,"GN9S-PHK","Male"
"28WM-FQ6",52995333134,"9HV8-NJK","Male"
"28WM-FQ6",52995333135,"GV2T-G5N","Female"
"LDM1-ZJW",52995333152,"GQ4Z-6J2","Male"
"LDM1-ZJW",52995333153,"G7SN-QXZ","Female"
"GVN6-BNX",52995333154,"MBL5-X8J","Male"
"GVN6-BNX",52995333155,"GX1B-KYF","Female"
"K4P4-YKZ",52995333156,"G8F3-MXY","Male"
"K4P4-YKZ",52995333157,"2MGY-PG6","Female"
"LZGB-752",52995333158,"LK6D-M2Y","Male"
"LZGB-752",52995333159,"LZJQ-KN6","Female"
"G8CD-FCD",52995333160,"9WCC-FSZ","Male"
"G8CD-FCD",52995333161,"LVKC-WC1","Female"
"GWKF-XY9",52995333168,"G8WB-MGZ","Male"
"GWKF-XY9",52995333169,"GZ11-7D6","Female"
"GWKF-FBF",52995333170,"GV1G-PNW","Male"
"GWKF-FBF",52995333171,"GG1L-1ZJ","Female"
"9HV8-NVS",52995333176,"G9BS-LX8","Male"
"9HV8-NVS",52995333177,"G9B3-97G","Female"
"L2TT-6C2",52995333178,"GJMD-5G3","Male"
"L2TT-6C2",52995333179,"GJM6-MPH","Female"
"MNGL-KK4",52995333272,"GGSH-C4B","Male"
"MNGL-KK4",52995333273,"L8BM-ZN2","Female"
"GKGD-BLB",52995333276,"GJJG-R4Y","Male"
"GKGD-BLB",52995333277,"GJJP-9P7","Female"
"CC8V-FKX",52995333278,"G9TY-VXY","Male"
"CC8V-FKX",52995333279,"G4HJ-NJK","Female"
"GC35-TBX",52995333280,"GJRY-PHG","Male"
"GC35-TBX",52995333281,"9S7F-8MW","Female"
"MZ68-VKD",52995333284,"GKG8-GMM","Male"
"MZ68-VKD",52995333285,"L2YT-9F8","Female"
"LY72-MRC",52995333286,"LJ2H-W3S","Male"
"LY72-MRC",52995333287,"LZ2S-DKM","Female"
"G7T1-72X",52995333312,"GWWB-19S","Male"
"G7T1-72X",52995333313,"GWWB-RZX","Female"
"G7TB-YKK",52995333314,"GDB8-4V9","Male"
"G7TB-YKK",52995333315,"K863-NHG","Female"
"GX7C-LRS",52995333316,"9W7P-G88","Male"
"GX7C-LRS",52995333317,"GLB2-PPV","Female"
"GN1M-ZZK",52995333318,"GSWG-NZ1","Male"
"GN1M-ZZK",52995333319,"GZHK-WCQ","Female"
"L2Y1-PH3",52995333344,"G8FB-NFD","Male"
"L2Y1-PH3",52995333345,"G8FB-JXN","Female"
"GJMD-YMZ",52995333356,"GZ8S-NCB","Male"
"G6YJ-SZ6",52995333358,"LDM1-CGG","Male"
"G6YJ-SZ6",52995333359,"LYSP-1D9","Female"
"9WMP-NNQ",52995334144,"99PT-NTZ","Male"
"9WMP-NNQ",52995334145,"G98Z-6RZ","Female"
"945D-J9Y",52995334146,"LZ9M-HWG","Male"
"945D-J9Y",52995334147,"9M85-YGM","Female"
"G2GG-LMB",52995334150,"GL9G-LHS","Male"
"G2GG-LMB",52995334151,"GL9P-4CW","Female"
"GLBC-P5G",52995334152,"GLBZ-SKW","Male"
"GLBC-P5G",52995334153,"GLB8-CHV","Female"
"GLB8-DJ1",52995334154,"GLB8-DVW","Male"
"GLB8-DJ1",52995334155,"GLB8-N4P","Female"
"LZPK-P7H",52995334160,"G84G-L58","Male"
"GN4S-LXY",52995334163,"LHTH-XJT","Female"
"L8YY-PH5",52995334164,"L8YG-8PB","Male"
"L8YY-PH5",52995334165,"G7B5-SX2","Female"
"KFX1-BZD",52995334166,"9C72-WGJ","Male"
"KFX1-BZD",52995334167,"9CZV-2KJ","Female"
"GX7F-1V3",52995334168,"G295-8J1","Male"
"GX7F-1V3",52995334169,"GLXM-M9K","Female"
"L179-W5T",52995334170,"KT4G-S84","Male"
"L179-W5T",52995334171,"GLMZ-NCG","Female"
"LZPK-K9R",52995334172,"G8JC-LL8","Male"
"LZPK-K9R",52995334173,"GZJN-PZF","Female"
"GMNF-CHM",52995334174,"GF6B-6SS","Male"
"GMNF-CHM",52995334175,"GF6Y-2KY","Female"
"GZ49-QNV",52995334176,"GKVJ-69Y","Male"
"GZ49-QNV",52995334177,"G2GG-V2Y","Female"
"GX7F-YKZ",52995334178,"GLBZ-FVT","Male"
"GX7F-YKZ",52995334179,"GLB8-4LY","Female"
"MBGG-7NP",52995334180,"LZ9M-HWG","Male"
"MBGG-7NP",52995334181,"9M85-YGM","Female"
"LD9R-SHL",52995334182,"21JJ-KNR","Male"
"LD9R-SHL",52995334183,"GZL8-6WN","Female"
"LBQ5-2VD",52995334184,"LYSP-4NJ","Male"
"LBQ5-2VD",52995334185,"GSJT-G73","Female"
"LV4T-49Z",52995334186,"LT8S-7LJ","Male"
"LV4T-49Z",52995334187,"9WR2-VLV","Female"
"G83G-BCN",52995334188,"GXVP-5Q2","Male"
"G83G-BCN",52995334189,"GVS5-WKQ","Female"
"LYSG-SY9",52995334190,"LJG4-5YW","Male"
"LYSG-SY9",52995334191,"GH91-DSB","Female"
"LBKM-2H9",52995334208,"M6CX-71W","Male"
"LBKM-2H9",52995334209,"M6CX-7YW","Female"
"LBDY-3J8",52995334210,"MNGL-KK4","Male"
"LBDY-3J8",52995334211,"94TJ-T3B","Female"
"MKTV-TMC",52995334216,"GG5X-Q83","Male"
"MKTV-TMC",52995334217,"GG5X-X2N","Female"
"GJ9M-PR2",52995334224,"GQ6F-W6Y","Male"
"GJ9M-PR2",52995334225,"G2N1-2HM","Female"
"LZLG-V3F",52995334228,"L7NG-DRP","Male"
"LZLG-V3F",52995334229,"LYTH-K3C","Female"
"LH6K-2BP",52995334230,"LTT6-YJQ","Male"
"LH6K-2BP",52995334231,"GV8X-JR1","Female"
"LD9R-RYR",52995334240,"LCRR-KM2","Male"
"LD9R-RYR",52995334241,"LDW5-JN2","Female"
"M15L-V4Q",52995334242,"LD9Y-C7T","Male"
"M15L-V4Q",52995334243,"LD9Y-CW9","Female"
"L133-HLP",52995334244,"94T6-749","Male"
"L133-HLP",52995334245,"GLLC-968","Female"
"KH8N-T92",52995334246,"L1DW-Q5N","Male"
"KH8N-T92",52995334247,"2781-6PP","Female"
"L8BY-3VJ",52995334248,"L8YY-PP2","Male"
"L8BY-3VJ",52995334249,"LT5Z-556","Female"
"94BP-X4Z",52995334250,"LBGF-H83","Male"
"94BP-X4Z",52995334251,"LZ56-WY6","Female"
"L8YY-5HK",52995334252,"9CXC-B7Y","Male"
"L8YY-5HK",52995334253,"LZBY-TS8","Female"
"L8WB-D2Z",52995334254,"GK9Q-S8F","Male"
"L8WB-D2Z",52995334255,"GK85-LHZ","Female"
"L8YY-PD5",52995334256,"L8YY-PZ9","Male"
"L8YY-PD5",52995334257,"9H65-XXK","Female"
"MBV2-T1M",52995334258,"GVD8-XBR","Male"
"MBV2-T1M",52995334259,"GVD8-NJ7","Female"
"GKZZ-K49",52995334260,"GGZQ-BP3","Male"
"GKZZ-K49",52995334261,"GHNF-BYC","Female"
"GL6R-9XP",52995334262,"GG38-D9W","Male"
"GL6R-9XP",52995334263,"GN8V-37D","Female"
"KJP2-TBR",52995334264,"LZLG-V3F","Male"
"KJP2-TBR",52995334265,"LH6K-2BP","Female"
"GFN3-DQ5",52995334266,"GJYM-TGG","Male"
"GFN3-DQ5",52995334267,"LBPM-PVV","Female"
"GQ59-8LX",52995334268,"GQMM-WCR","Male"
"GQ59-8LX",52995334269,"G29Z-H7W","Female"
"GSCJ-Z9D",52995334270,"LYS6-FRB","Male"
"GSCJ-Z9D",52995334271,"L1JY-KRP","Female"
"GX52-ZZQ",52995334304,"GFJ1-LXM","Male"
"GX52-ZZQ",52995334305,"GGRL-GMV","Female"
"GX52-ZZQ",52995334336,"GFJ1-LXM","Male"
"GX52-ZZQ",52995334337,"GGRL-GMV","Female"
"9SJJ-97N",52995334528,"GGG7-Q5M","Male"
"9SJJ-97N",52995334529,"GZL1-BTV","Female"
"LZJG-K5N",52995334530,"KX2S-NWF","Male"
"LZJG-K5N",52995334531,"L7GV-KKS","Female"
"LY9D-2F8",52995334568,"LCJD-VX6","Male"
"LY9D-2F8",52995334569,"LD9R-RKH","Female"
"L28D-TJH",52995334570,"9WMP-NNQ","Male"
"L28D-TJH",52995334571,"945D-J9Y","Female"
"GJTS-3TP",52995334572,"GZ8X-GV2","Male"
"GJTS-3TP",52995334573,"G6ZP-B73","Female"
"G6X5-YY5",52995334580,"GD8V-HH5","Male"
"G6X5-YY5",52995334581,"GV6W-PB7","Female"
"G21Z-QQG",52995334928,"G21C-YGX","Male"
"G21Z-QQG",52995334929,"G8WB-J6L","Female"
"GZ2N-HCQ",52995334930,"G8WL-T7Q","Male"
"GZ2N-HCQ",52995334931,"GDSY-Z6B","Female"
"99PT-X33",52995334932,"G21J-37H","Male"
"99PT-X33",52995334933,"G21J-G8S","Female"
"LYCG-D4Z",52995335168,"GJT8-PTZ","Male"
"LYCG-QZM",52995335170,"KZRV-GQV","Male"
"9HTX-2CD",52995335424,"9HRG-JDL","Male"
"9HTX-2CD",52995335425,"LDH1-G9D","Female"
"G39Q-HBK",52995335426,"KX2S-NWF","Male"
"G39Q-HBK",52995335427,"L7GV-KKS","Female"
"G8F3-MXY",52995335432,"GZSD-5JK","Male"
"G8F3-MXY",52995335433,"GM4H-LD2","Female"
"LK6D-M2Y",52995335436,"MNGL-KK4","Male"
"LK6D-M2Y",52995335437,"GL7G-3Z6","Female"
"LZJQ-KN6",52995335438,"GKGD-BLB","Male"
"LZJQ-KN6",52995335439,"CC8V-FKX","Female"
"GNDR-792",52995335488,"GNDR-Q3S","Male"
"GNDR-792",52995335489,"GLV3-5C3","Female"
"G6BV-5KD",52995335504,"GG1X-LXL","Male"
"G6BV-5KD",52995335505,"GG1F-38W","Female"
"GNSH-WMX",52995335512,"G7NH-CM4","Male"
"GNSH-WMX",52995335513,"G215-VM8","Female"
"G4RY-8GZ",52995335520,"GGTY-L1Y","Male"
"G4RY-8GZ",52995335521,"GKL1-29X","Female"
"GZRK-SFB",52995335936,"GLZW-7GF","Male"
"GZRK-SFB",52995335937,"GVSG-X5N","Female"
"GVSP-WS2",52995335938,"G6T6-SZ3","Male"
"GVSP-WS2",52995335939,"GZB1-L61","Female"
"GHKB-C3J",52995335940,"G2RH-ZJB","Male"
"GHKB-C3J",52995335941,"G2RH-4T1","Female"
"L5DR-KL8",52995335942,"GQRR-BP3","Male"
"L5DR-KL8",52995335943,"LDVY-ZHB","Female"
"KDQW-JTJ",52995335944,"9HTX-2CD","Male"
"KDQW-JTJ",52995335945,"G39Q-HBK","Female"
"LDS9-GGV",52995335946,"LZGK-GZB","Male"
"LDS9-GGV",52995335947,"MXKR-J9R","Female"
"LD9R-RB7",52995335948,"LD9R-RYR","Male"
"LD9R-RB7",52995335949,"M15L-V4Q","Female"
"LDSS-6H5",52995335950,"L133-HLP","Male"
"LDSS-6H5",52995335951,"KH8N-T92","Female"
"9ZH7-GMD",52995335952,"G7RV-VBP","Male"
"9ZH7-GMD",52995335953,"GL9M-YXL","Female"
"G7ZN-5DF",52995335956,"GLJW-CJ4","Male"
"G2TZ-96Y",52995335960,"GLZJ-1J2","Male"
"L1DD-JMP",52995335964,"GG5W-TJ1","Male"
"L1DD-JMP",52995335965,"GG54-SDF","Female"
"9WY9-HRJ",52995335966,"LZ19-924","Male"
"KDQW-JTJ",52995336000,"9HTX-2CD","Male"
"KDQW-JTJ",52995336001,"G39Q-HBK","Female"
"LDS9-GGV",52995336002,"LZGK-GZB","Male"
"LDS9-GGV",52995336003,"MXKR-J9R","Female"
"L1DD-JMP",52995336004,"GG5W-TJ1","Male"
"L1DD-JMP",52995336005,"GG54-SDF","Female"
"9WY9-HRJ",52995336006,"LZ19-924","Male"
"LD95-VV6",52995336008,"LD95-VVH","Male"
"LD95-VV6",52995336009,"99SD-Z4Q","Female"
"9H2F-HV5",52995336010,"MBGG-7NP","Male"
"9H2F-HV5",52995336011,"LD9R-SHL","Female"
"LD9R-RB7",52995336012,"LD9R-RYR","Male"
"LD9R-RB7",52995336013,"M15L-V4Q","Female"
"LDSS-6H5",52995336014,"L133-HLP","Male"
"LDSS-6H5",52995336015,"KH8N-T92","Female"
"GGT6-NYC",52995336048,"GW2T-YH6","Male"
"GGT6-NYC",52995336049,"GX5P-L6M","Female"
"GGTD-5CG",52995336050,"GGTX-XJX","Male"
"GGTD-5CG",52995336051,"GGT6-1Q1","Female"
"LH3J-XVF",52995336052,"GGYS-TR5","Male"
"LH3J-XVF",52995336053,"GGYS-R4S","Female"
"LD9R-5PH",52995336056,"L187-NYR","Male"
"LD9R-5PH",52995336057,"9WQY-MZT","Female"
"9CNQ-BYP",52995336208,"9ZCB-DZV","Male"
"9CNQ-BYP",52995336209,"9MTF-W16","Female"
"GGQF-6BP",52995336210,"LZXX-FT2","Male"
"LB23-LJ1",52995336212,"LZXX-FT2","Male"
"LB23-LJ1",52995336213,"KLXB-KTC","Female"
"LZBY-TS8",52995336214,"LDMN-PWB","Male"
"LZBY-TS8",52995336215,"2NBQ-FP2","Female"
"LTFG-ZR8",52995336216,"GDFJ-TC8","Male"
"LTFG-ZR8",52995336217,"G2XB-KHW","Female"
"99HN-W8M",52995336218,"MQ6Y-DJR","Male"
"99HN-W8M",52995336219,"LHR1-9SN","Female"
"9CXC-B7Y",52995336220,"L1WS-BMM","Male"
"9CXC-B7Y",52995336221,"9Z8D-P68","Female"
"LZBY-TS8",52995336222,"LDMN-PWB","Male"
"LZBY-TS8",52995336223,"2NBQ-FP2","Female"
"GV4P-VY5",52995336448,"LCCZ-SSV","Male"
"GV4P-VY5",52995336449,"GSC5-SBV","Female"
"GGJD-JSR",52995336450,"G9FS-BL2","Male"
"GGJD-JSR",52995336451,"GGXP-5J3","Female"
"GZRK-SFB",52995336452,"GLZW-7GF","Male"
"GZRK-SFB",52995336453,"GVSG-X5N","Female"
"GVSP-WS2",52995336454,"G6T6-SZ3","Male"
"GVSP-WS2",52995336455,"GZB1-L61","Female"
"GV4P-VY5",52995336512,"LCCZ-SSV","Male"
"GV4P-VY5",52995336513,"GSC5-SBV","Female"
"GGJD-JSR",52995336514,"G9FS-BL2","Male"
"GGJD-JSR",52995336515,"GGXP-5J3","Female"
"GZRK-SFB",52995336516,"GLZW-7GF","Male"
"GZRK-SFB",52995336517,"GVSG-X5N","Female"
"GVSP-WS2",52995336518,"G6T6-SZ3","Male"
"GVSP-WS2",52995336519,"GZB1-L61","Female"
"LBTR-BTW",52995337730,"LZK3-LK2","Male"
"LBTR-BTW",52995337731,"M185-RW3","Female"
"G6RN-4Y7",52995337732,"G6DZ-JKF","Male"
"G6RN-4Y7",52995337733,"G6D8-388","Female"
"GFPT-S5P",52995337734,"GZ8X-GV2","Male"
"GFPT-S5P",52995337735,"G6ZP-B73","Female"
"GK3C-HSG",52995346448,"GK3C-9VF","Male"
"GK3C-HSG",52995346449,"GK3C-K97","Female"
"L4Q5-T4F",52995350532,"LDHS-DF1","Male"
"L4Q5-T4F",52995350533,"LD98-69W","Female"
"GCMX-ZBY",52995350534,"GCQ5-GNH","Male"
"GCMX-ZBY",52995350535,"GVVW-M29","Female"
"9CXC-BT8",52995350596,"GMSP-9XR","Male"
"9CXC-BT8",52995350597,"KLXB-6QR","Female"
"L8MP-T1Y",52995350598,"LBBB-4XS","Male"
"L8MP-T1Y",52995350599,"LDHS-6S3","Female"
"GG6D-QHP",52995350656,"GG68-Q8K","Male"
"GG6D-QHP",52995350657,"GGJQ-ZBL","Female"
"LDSK-V77",52995350664,"L8RR-S6X","Male"
"LDSK-V77",52995350665,"L8RR-S6J","Female"
"LDSQ-F68",52995350666,"9CCG-XPQ","Male"
"LDSQ-F68",52995350667,"GFQJ-6W3","Female"
"LB27-YWT",52995350668,"GH7M-QSF","Male"
"LB27-YWT",52995350669,"LYTM-8KB","Female"
"GWZB-NNM",52995350670,"L8YY-PH5","Male"
"GWZB-NNM",52995350671,"KFX1-BZD","Female"
"LCRR-KM2",52995350672,"9H6Q-VVW","Male"
"LCRR-KM2",52995350673,"9HPT-832","Female"
"LDW5-JN2",52995350674,"9C72-WGJ","Male"
"LDW5-JN2",52995350675,"9CZV-2KJ","Female"
"LD9Y-C7T",52995350676,"9SJP-9TN","Male"
"LD9Y-C7T",52995350677,"LVDV-KPT","Female"
"LD9Y-CW9",52995350678,"LZDH-NFR","Male"
"LD9Y-CW9",52995350679,"LD9C-ZGZ","Female"
"94T6-749",52995350680,"GKZ8-PM1","Male"
"94T6-749",52995350681,"GMXZ-2CC","Female"
"GLLC-968",52995350682,"G8K3-VQ8","Male"
"GLLC-968",52995350683,"G9TH-6YX","Female"
"L1DW-Q5N",52995350684,"LY5W-N6P","Male"
"L1DW-Q5N",52995350685,"LHWS-BFW","Female"
"2781-6PP",52995350686,"GDB8-4V9","Male"
"2781-6PP",52995350687,"GVZM-RKC","Female"
"G3MC-8XP",52995350688,"GXBF-VJ2","Male"
"G3MC-8XP",52995350689,"GXBF-JD5","Female"
"G4MG-RFM",52995350690,"GKF1-RH7","Male"
"G4MG-RFM",52995350691,"GKF1-YFJ","Female"
"GPSX-XT1",52995350700,"GPSX-RG2","Male"
"GPSX-XT1",52995350701,"GPSF-8QT","Female"
"GPSX-KP8",52995350702,"GPSF-S9W","Male"
"9CXH-CQ8",52995350712,"MBYB-WDW","Male"
"L8YB-MKM",52995350736,"LDW2-1TJ","Male"
"L8YB-MKM",52995350737,"GHRD-YKD","Female"
"9HRG-JDL",52995350784,"LZDH-NFR","Male"
"9HRG-JDL",52995350785,"LD9C-ZGZ","Female"
"LZ8D-9DK",52995350792,"MW4S-HPZ","Male"
"LZ8D-9DK",52995350793,"GGYL-CGH","Female"
"9QZD-J5R",52995350796,"L1DW-Q5N","Male"
"9QZD-J5R",52995350797,"2781-6PP","Female"
"L18P-6ZG",52995350798,"G36D-72Y","Male"
"L18P-6ZG",52995350799,"L18F-8KW","Female"
"GGB9-4CK",52995350800,"L7N5-6KK","Male"
"GGB9-4CK",52995350801,"L87C-W52","Female"
"9MTF-W16",52995350802,"LZXX-FT2","Male"
"9MTF-W16",52995350803,"GNN8-QJH","Female"
"LZF6-M94",52995350808,"KGSQ-35V","Male"
"LZF6-M94",52995350809,"GKZQ-S2R","Female"
"GWW8-LWR",52995350810,"9ZHZ-89Q","Male"
"GWW8-LWR",52995350811,"G8L4-56J","Female"
"LD97-4RG",52995350816,"LZ1T-YG5","Male"
"LD97-4RG",52995350817,"LZZF-5Z1","Female"
"LDSS-BYY",52995350818,"99PY-ZDF","Male"
"LDSS-BYY",52995350819,"LD97-C7T","Female"
"L8RR-S6X",52995350820,"LYCT-Y9Q","Male"
"L8RR-S6X",52995350821,"L142-WBW","Female"
"L8RR-S6J",52995350822,"K6WN-292","Male"
"L8RR-S6J",52995350823,"2NBQ-VZ5","Female"
"LZ9M-HWG",52995350824,"LZPK-P7H","Male"
"LZ9M-HWG",52995350825,"GN4S-LXY","Female"
"9M85-YGM",52995350826,"L8YY-PH5","Male"
"9M85-YGM",52995350827,"KFX1-BZD","Female"
"21JJ-KNR",52995350828,"GX7F-1V3","Male"
"21JJ-KNR",52995350829,"L179-W5T","Female"
"GZL8-6WN",52995350830,"LZPK-K9R","Male"
"GZL8-6WN",52995350831,"GMNF-CHM","Female"
"LCRR-KM2",52995350832,"9H6Q-VVW","Male"
"LCRR-KM2",52995350833,"9HPT-832","Female"
"LDW5-JN2",52995350834,"9C72-WGJ","Male"
"LDW5-JN2",52995350835,"9CZV-2KJ","Female"
"LD9Y-C7T",52995350836,"9SJP-9TN","Male"
"LD9Y-C7T",52995350837,"LVDV-KPT","Female"
"LD9Y-CW9",52995350838,"LZDH-NFR","Male"
"LD9Y-CW9",52995350839,"LD9C-ZGZ","Female"
"94T6-749",52995350840,"GKZ8-PM1","Male"
"94T6-749",52995350841,"GMXZ-2CC","Female"
"GLLC-968",52995350842,"G8K3-VQ8","Male"
"GLLC-968",52995350843,"G9TH-6YX","Female"
"L1DW-Q5N",52995350844,"LY5W-N6P","Male"
"L1DW-Q5N",52995350845,"LHWS-BFW","Female"
"2781-6PP",52995350846,"GDB8-4V9","Male"
"2781-6PP",52995350847,"GVZM-RKC","Female"
"GKCC-66Q",52995350881,"9Z8X-1VF","Female"
"GKCC-G4J",52995350884,"G4S6-2V8","Male"
"GKCC-G4J",52995350885,"G64M-PSP","Female"
"G3QJ-6P9",52995350886,"GJ28-8RC","Male"
"G8W1-CJS",52995350888,"G7D4-7W8","Male"
"G8W1-CJS",52995350889,"GZ58-VPL","Female"
"GKCC-J1G",52995350890,"LZK3-LK2","Male"
"GKCC-J1G",52995350891,"M185-RW3","Female"
"LZLG-V3F",52995350896,"L7NG-DRP","Male"
"LZLG-V3F",52995350897,"LYTH-K3C","Female"
"LH6K-2BP",52995350898,"LTT6-YJQ","Male"
"LH6K-2BP",52995350899,"GV8X-JR1","Female"
"GJYM-TGG",52995350900,"29H4-2Y1","Male"
"GJYM-TGG",52995350901,"GKZ8-Q9M","Female"
"LBPM-PVV",52995350902,"G8W1-CJS","Male"
"LBPM-PVV",52995350903,"GKCC-J1G","Female"
"GQMM-WCR",52995350904,"GH7M-QSF","Male"
"GQMM-WCR",52995350905,"G4SP-ZYT","Female"
"L1JY-KRP",52995350910,"L1DW-Q5N","Male"
"L1JY-KRP",52995350911,"2781-6PP","Female"
"9HTX-2CD",52995350944,"9HRG-JDL","Male"
"9HTX-2CD",52995350945,"LDH1-G9D","Female"
"LZGK-ZV2",52995350950,"LZ1T-YG5","Male"
"LZGK-ZV2",52995350951,"LZZF-5Z1","Female"
"LDHB-RRD",52995351024,"9HTX-2CD","Male"
"LDHB-RRD",52995351025,"L83J-4S6","Female"
"GKVP-QMK",52995351026,"LDHS-Z3V","Male"
"GKVP-QMK",52995351027,"LZGK-ZV2","Female"
"9HTX-2CD",52995351056,"9HRG-JDL","Male"
"9HTX-2CD",52995351057,"LDH1-G9D","Female"
"GGSH-C4B",52995351216,"GKY7-K5H","Male"
"GGSH-C4B",52995351217,"GNBX-W63","Female"
"L8BM-ZN2",52995351218,"L6NQ-1X6","Male"
"L8BM-ZN2",52995351219,"GDX5-HMR","Female"
"GJJP-9P7",52995351226,"MFHW-5JK","Male"
"GJJP-9P7",52995351227,"MFHW-5VS","Female"
"G9TY-VXY",52995351228,"MFHW-5JK","Male"
"G9TY-VXY",52995351229,"MFHW-5VS","Female"
"G4HJ-NJK",52995351230,"LBLT-J4B","Male"
"G4HJ-NJK",52995351231,"LTPD-H8X","Female"
"GJRY-PHG",52995351232,"G61V-DBW","Male"
"GJRY-PHG",52995351233,"GG77-NCL","Female"
"9S7F-8MW",52995351234,"9CWH-Y74","Male"
"9S7F-8MW",52995351235,"LZK5-8HP","Female"
"GKG8-GMM",52995351240,"GMJ6-WLR","Male"
"L2YT-9F8",52995351242,"G6F3-6KQ","Male"
"L2YT-9F8",52995351243,"L2TT-HX5","Female"
"LJ2H-W3S",52995351244,"GD74-RRH","Male"
"LJ2H-W3S",52995351245,"GJ5M-BKM","Female"
"LZ2S-DKM",52995351246,"28YJ-Z4N","Male"
"LZ2S-DKM",52995351247,"GGGT-9MX","Female"
"9HRG-JDL",52995351360,"LZDH-NFR","Male"
"9HRG-JDL",52995351361,"LD9C-ZGZ","Female"
"LZ1T-YG5",52995351372,"LDHS-DWJ","Male"
"LZZF-5Z1",52995351374,"LBBB-4XS","Male"
"LZZF-5Z1",52995351375,"LDHS-6S3","Female"
"9HTX-2CD",52995351520,"9HRG-JDL","Male"
"9HTX-2CD",52995351521,"LDH1-G9D","Female"
"LZGK-ZV2",52995351526,"LZ1T-YG5","Male"
"LZGK-ZV2",52995351527,"LZZF-5Z1","Female"
"GQ6F-W6Y",52995351552,"GNVY-ZK7","Male"
"GQ6F-W6Y",52995351553,"G8FQ-C38","Female"
"G2N1-2HM",52995351554,"G6P9-41P","Male"
"G2N1-2HM",52995351555,"G2N1-V9H","Female"
"L7NG-DRP",52995351560,"9H5N-BFF","Male"
"L7NG-DRP",52995351561,"GKZ8-4FD","Female"
"LYTH-K3C",52995351562,"G6Q3-JX4","Male"
"LTT6-YJQ",52995351564,"GVBH-MTY","Male"
"9HRG-JDL",52995352320,"LZDH-NFR","Male"
"9HRG-JDL",52995352321,"LD9C-ZGZ","Female"
"LZ8D-9DK",52995352328,"MW4S-HPZ","Male"
"LZ8D-9DK",52995352329,"GGYL-CGH","Female"
"9QZD-J5R",52995352332,"L1DW-Q5N","Male"
"9QZD-J5R",52995352333,"2781-6PP","Female"
"L18P-6ZG",52995352334,"G36D-72Y","Male"
"L18P-6ZG",52995352335,"L18F-8KW","Female"
"GGB9-4CK",52995352336,"L7N5-6KK","Male"
"GGB9-4CK",52995352337,"L87C-W52","Female"
"9MTF-W16",52995352338,"LZXX-FT2","Male"
"9MTF-W16",52995352339,"GNN8-QJH","Female"
"LZF6-M94",52995352344,"KGSQ-35V","Male"
"LZF6-M94",52995352345,"GKZQ-S2R","Female"
"GWW8-LWR",52995352346,"9ZHZ-89Q","Male"
"GWW8-LWR",52995352347,"G8L4-56J","Female"
"LD97-4RG",52995352352,"LZ1T-YG5","Male"
"LD97-4RG",52995352353,"LZZF-5Z1","Female"
"LDSS-BYY",52995352354,"99PY-ZDF","Male"
"LDSS-BYY",52995352355,"LD97-C7T","Female"
"L8RR-S6X",52995352356,"LYCT-Y9Q","Male"
"L8RR-S6X",52995352357,"L142-WBW","Female"
"L8RR-S6J",52995352358,"K6WN-292","Male"
"L8RR-S6J",52995352359,"2NBQ-VZ5","Female"
"LZ9M-HWG",52995352360,"LZPK-P7H","Male"
"LZ9M-HWG",52995352361,"GN4S-LXY","Female"
"9M85-YGM",52995352362,"L8YY-PH5","Male"
"9M85-YGM",52995352363,"KFX1-BZD","Female"
"21JJ-KNR",52995352364,"GX7F-1V3","Male"
"21JJ-KNR",52995352365,"L179-W5T","Female"
"GZL8-6WN",52995352366,"LZPK-K9R","Male"
"GZL8-6WN",52995352367,"GMNF-CHM","Female"
"LCRR-KM2",52995352368,"9H6Q-VVW","Male"
"LCRR-KM2",52995352369,"9HPT-832","Female"
"LDW5-JN2",52995352370,"9C72-WGJ","Male"
"LDW5-JN2",52995352371,"9CZV-2KJ","Female"
"LD9Y-C7T",52995352372,"9SJP-9TN","Male"
"LD9Y-C7T",52995352373,"LVDV-KPT","Female"
"LD9Y-CW9",52995352374,"LZDH-NFR","Male"
"LD9Y-CW9",52995352375,"LD9C-ZGZ","Female"
"94T6-749",52995352376,"GKZ8-PM1","Male"
"94T6-749",52995352377,"GMXZ-2CC","Female"
"GLLC-968",52995352378,"G8K3-VQ8","Male"
"GLLC-968",52995352379,"G9TH-6YX","Female"
"L1DW-Q5N",52995352380,"LY5W-N6P","Male"
"L1DW-Q5N",52995352381,"LHWS-BFW","Female"
"2781-6PP",52995352382,"GDB8-4V9","Male"
"2781-6PP",52995352383,"GVZM-RKC","Female"
"GK3C-9VF",52995352384,"GP94-2Y4","Male"
"G8GM-R5T",52995352672,"GJ4G-R4G","Male"
"G8GM-R5T",52995352673,"GW3R-HN5","Female"
"G8YH-W8V",52995352674,"G8YH-P6R","Male"
"G8YH-W8V",52995352675,"GN5D-VYL","Female"
"GQSJ-G4F",52995352676,"GWZ2-F8Q","Male"
"GQSJ-G4F",52995352677,"G4VF-KJG","Female"
"991T-WC7",52995352680,"991T-WC6","Male"
"LDHS-DWJ",52995352688,"LDHS-DF1","Male"
"LDHS-DWJ",52995352689,"LD98-69W","Female"
"G2H3-QFZ",52995352692,"GH41-4SM","Male"
"G2H3-QFZ",52995352693,"G2H3-W7J","Female"
"G2RH-TWL",52995352700,"G2R8-QM3","Male"
"GGZD-RQR",52995352896,"GGTX-L7Y","Male"
"GGZD-RQR",52995352897,"GGTX-Q2J","Female"
"GL9M-YXL",52995352898,"GKZG-KWQ","Male"
"GL9M-YXL",52995352899,"GGTN-692","Female"
"GV4P-VY5",52995352928,"LCCZ-SSV","Male"
"GV4P-VY5",52995352929,"GSC5-SBV","Female"
"GGJD-JSR",52995352930,"G9FS-BL2","Male"
"GGJD-JSR",52995352931,"GGXP-5J3","Female"
"GZRK-SFB",52995352932,"GLZW-7GF","Male"
"GZRK-SFB",52995352933,"GVSG-X5N","Female"
"GVSP-WS2",52995352934,"G6T6-SZ3","Male"
"GVSP-WS2",52995352935,"GZB1-L61","Female"
"LCJD-VX6",52995352960,"9ZCB-DSC","Male"
"LCJD-VX6",52995352961,"GG1G-KG2","Female"
"LD9R-RKH",52995352962,"LD9R-RYR","Male"
"LD9R-RKH",52995352963,"M15L-V4Q","Female"
"9WMP-NNQ",52995352964,"99PT-NTZ","Male"
"9WMP-NNQ",52995352965,"G98Z-6RZ","Female"
"945D-J9Y",52995352966,"LZ9M-HWG","Male"
"945D-J9Y",52995352967,"9M85-YGM","Female"
"GZ8X-GV2",52995352968,"GFK3-MS7","Male"
"GZ8X-GV2",52995352969,"GFPT-WGM","Female"
"G6ZP-B73",52995352970,"LH3L-KQH","Male"
"G6ZP-B73",52995352971,"G692-MWD","Female"
"9HTX-2CD",52995352976,"9HRG-JDL","Male"
"9HTX-2CD",52995352977,"LDH1-G9D","Female"
"G39Q-HBK",52995352978,"KX2S-NWF","Male"
"G39Q-HBK",52995352979,"L7GV-KKS","Female"
"LZGK-GZB",52995352980,"LZ8D-9DK","Male"
"LZGK-GZB",52995352981,"GK9J-9XB","Female"
"MXKR-J9R",52995352982,"9QZD-J5R","Male"
"MXKR-J9R",52995352983,"L18P-6ZG","Female"
"G215-NYD",52995352992,"GG1F-9LB","Male"
"G215-NYD",52995352993,"GG1X-DGM","Female"
"L8WY-72D",52995353808,"GK25-3JB","Male"
"L8WY-72D",52995353809,"GV4D-MFG","Female"
"LDSS-KBB",52995353812,"GKQ6-ZVV","Male"
"LDSS-KBB",52995353813,"GGQN-PGD","Female"
"LDSS-288",52995353824,"GGKJ-Z1T","Male"
"LDSS-288",52995353825,"KL6C-XQV","Female"
"G6PK-MQW",52995353826,"GD5G-QGN","Male"
"G6PK-MQW",52995353827,"GGJ8-YWG","Female"
"9WMP-NNQ",52995353828,"99PT-NTZ","Male"
"9WMP-NNQ",52995353829,"G98Z-6RZ","Female"
"945D-J9Y",52995353830,"LZ9M-HWG","Male"
"945D-J9Y",52995353831,"9M85-YGM","Female"
"LDSS-26H",52995353832,"9W7P-G88","Male"
"LDSS-26H",52995353833,"GLB2-PPV","Female"
"L6SC-CJF",52995353834,"LZVG-MCV","Male"
"L6SC-CJF",52995353835,"LQR5-6N2","Female"
"LZLQ-664",52995353836,"9S9W-MPL","Male"
"LZLQ-664",52995353837,"KFX1-BZD","Female"
"9HTX-2CD",52995353840,"9HRG-JDL","Male"
"9HTX-2CD",52995353841,"LDH1-G9D","Female"
"G39Q-HBK",52995353842,"KX2S-NWF","Male"
"G39Q-HBK",52995353843,"L7GV-KKS","Female"
"LZGK-GZB",52995353844,"LZ8D-9DK","Male"
"LZGK-GZB",52995353845,"GK9J-9XB","Female"
"MXKR-J9R",52995353846,"9QZD-J5R","Male"
"MXKR-J9R",52995353847,"L18P-6ZG","Female"
"949K-PBH",52995353920,"GGY2-N7M","Male"
"949K-PBH",52995353921,"GGYL-VM8","Female"
"L8RR-4KG",52995353960,"L8WY-72D","Male"
"L8RR-4KG",52995353961,"GZBB-BMJ","Female"
"99QT-MCB",52995353962,"LDSS-KBB","Male"
"99QT-MCB",52995353963,"GLZ3-DZS","Female"
"LDSS-KJ6",52995353968,"LDSS-288","Male"
"LDSS-KJ6",52995353969,"G6PK-MQW","Female"
"L28D-TJH",52995353970,"9WMP-NNQ","Male"
"L28D-TJH",52995353971,"945D-J9Y","Female"
"LYCY-PN6",52995353972,"LDSS-26H","Male"
"LYCY-PN6",52995353973,"L6SC-CJF","Female"
"LDSS-KKV",52995353974,"LZLQ-664","Male"
"LDSS-KKV",52995353975,"GK2Y-MJB","Female"
"KDQW-JTJ",52995353976,"9HTX-2CD","Male"
"KDQW-JTJ",52995353977,"G39Q-HBK","Female"
"LDS9-GGV",52995353978,"LZGK-GZB","Male"
"LDS9-GGV",52995353979,"MXKR-J9R","Female"
"9HTX-2CD",52995354008,"9HRG-JDL","Male"
"9HTX-2CD",52995354009,"LDH1-G9D","Female"
"G39Q-HBK",52995354010,"KX2S-NWF","Male"
"G39Q-HBK",52995354011,"L7GV-KKS","Female"
"LC3F-X4D",52995354032,"G7JG-81Y","Male"
"LC3F-X4D",52995354033,"GPMZ-R62","Female"
"M6CX-71W",52995354113,"LVD6-1DN","Female"
"MNGL-KK4",52995354116,"GGSH-C4B","Male"
"MNGL-KK4",52995354117,"L8BM-ZN2","Female"
"GQ6F-W6Y",52995354144,"GNVY-ZK7","Male"
"GQ6F-W6Y",52995354145,"G8FQ-C38","Female"
"G2N1-2HM",52995354146,"G6P9-41P","Male"
"G2N1-2HM",52995354147,"G2N1-V9H","Female"
"L7NG-DRP",52995354152,"9H5N-BFF","Male"
"L7NG-DRP",52995354153,"GKZ8-4FD","Female"
"LYTH-K3C",52995354154,"G6Q3-JX4","Male"
"LTT6-YJQ",52995354156,"GVBH-MTY","Male"
"LCRR-KM2",52995354176,"9H6Q-VVW","Male"
"LCRR-KM2",52995354177,"9HPT-832","Female"
"LDW5-JN2",52995354178,"9C72-WGJ","Male"
"LDW5-JN2",52995354179,"9CZV-2KJ","Female"
"LD9Y-C7T",52995354180,"9SJP-9TN","Male"
"LD9Y-C7T",52995354181,"LVDV-KPT","Female"
"LD9Y-CW9",52995354182,"LZDH-NFR","Male"
"LD9Y-CW9",52995354183,"LD9C-ZGZ","Female"
"94T6-749",52995354184,"GKZ8-PM1","Male"
"94T6-749",52995354185,"GMXZ-2CC","Female"
"GLLC-968",52995354186,"G8K3-VQ8","Male"
"GLLC-968",52995354187,"G9TH-6YX","Female"
"L1DW-Q5N",52995354188,"LY5W-N6P","Male"
"L1DW-Q5N",52995354189,"LHWS-BFW","Female"
"2781-6PP",52995354190,"GDB8-4V9","Male"
"2781-6PP",52995354191,"GVZM-RKC","Female"
"L8YY-PP2",52995354192,"LCN5-99B","Male"
"L8YY-PP2",52995354193,"LYNX-745","Female"
"LT5Z-556",52995354194,"GS83-FSL","Male"
"LT5Z-556",52995354195,"GL79-7R2","Female"
"LBGF-H83",52995354196,"LRQD-FS2","Male"
"LBGF-H83",52995354197,"L5VF-6MD","Female"
"LZ56-WY6",52995354198,"GJSD-GLT","Male"
"LZ56-WY6",52995354199,"GVMD-TBD","Female"
"9CXC-B7Y",52995354200,"L1WS-BMM","Male"
"9CXC-B7Y",52995354201,"9Z8D-P68","Female"
"LZBY-TS8",52995354202,"LDMN-PWB","Male"
"LZBY-TS8",52995354203,"2NBQ-FP2","Female"
"GK9Q-S8F",52995354204,"L81Y-9GD","Male"
"GK9Q-S8F",52995354205,"LB2S-PWM","Female"
"L8YY-PZ9",52995354208,"LBBB-4XS","Male"
"L8YY-PZ9",52995354209,"LDHS-6S3","Female"
"9H65-XXK",52995354210,"L8YY-PH5","Male"
"9H65-XXK",52995354211,"KFX1-BZD","Female"
"GVD8-NJ7",52995354214,"GPSX-XT1","Male"
"GVD8-NJ7",52995354215,"GPSX-KP8","Female"
"GGZQ-BP3",52995354216,"GZ44-VYR","Male"
"GGZQ-BP3",52995354217,"GKZ8-XPF","Female"
"GHNF-BYC",52995354218,"LTCX-SR2","Male"
"GHNF-BYC",52995354219,"GKZ8-XW3","Female"
"GN8V-37D",52995354222,"LB27-YWT","Male"
"GN8V-37D",52995354223,"GWZB-NNM","Female"
"LZLG-V3F",52995354224,"L7NG-DRP","Male"
"LZLG-V3F",52995354225,"LYTH-K3C","Female"
"LH6K-2BP",52995354226,"LTT6-YJQ","Male"
"LH6K-2BP",52995354227,"GV8X-JR1","Female"
"GJYM-TGG",52995354228,"29H4-2Y1","Male"
"GJYM-TGG",52995354229,"GKZ8-Q9M","Female"
"LBPM-PVV",52995354230,"G8W1-CJS","Male"
"LBPM-PVV",52995354231,"GKCC-J1G","Female"
"GQMM-WCR",52995354232,"GH7M-QSF","Male"
"GQMM-WCR",52995354233,"G4SP-ZYT","Female"
"L1JY-KRP",52995354238,"L1DW-Q5N","Male"
"L1JY-KRP",52995354239,"2781-6PP","Female"
"GJMV-L5G",52995354256,"GV4D-MPR","Male"
"GJMV-L5G",52995354257,"LTXK-RJK","Female"
"GV4P-VY5",52995354288,"LCCZ-SSV","Male"
"GV4P-VY5",52995354289,"GSC5-SBV","Female"
"GGJD-JSR",52995354290,"G9FS-BL2","Male"
"GGJD-JSR",52995354291,"GGXP-5J3","Female"
"GZRK-SFB",52995354292,"GLZW-7GF","Male"
"GZRK-SFB",52995354293,"GVSG-X5N","Female"
"GVSP-WS2",52995354294,"G6T6-SZ3","Male"
"GVSP-WS2",52995354295,"GZB1-L61","Female"
"G7T1-72X",52995354496,"GWWB-19S","Male"
"G7T1-72X",52995354497,"GWWB-RZX","Female"
"G7TB-YKK",52995354498,"GDB8-4V9","Male"
"G7TB-YKK",52995354499,"K863-NHG","Female"
"GX7C-LRS",52995354500,"9W7P-G88","Male"
"GX7C-LRS",52995354501,"GLB2-PPV","Female"
"GN1M-ZZK",52995354502,"GSWG-NZ1","Male"
"GN1M-ZZK",52995354503,"GZHK-WCQ","Female"
"L2Y1-PH3",52995354528,"G8FB-NFD","Male"
"L2Y1-PH3",52995354529,"G8FB-JXN","Female"
"GJMD-YMZ",52995354540,"GZ8S-NCB","Male"
"G6YJ-SZ6",52995354542,"LDM1-CGG","Male"
"G6YJ-SZ6",52995354543,"LYSP-1D9","Female"
"G3Y4-FLK",52995354624,"M8RK-75X","Male"
"G3Y4-FLK",52995354625,"GGN2-ZNH","Female"
"L2RQ-6PC",52995354672,"GJ71-1Y4","Male"
"L2RQ-6PC",52995354673,"GPMM-V9L","Female"
"9CZM-R52",52995354674,"L8W6-4HY","Male"
"9CZM-R52",52995354675,"GF3N-C9M","Female"
"LDHS-886",52995354676,"GL33-CPX","Male"
"LDHS-886",52995354677,"L2TM-RH9","Female"
"LDHS-86Y",52995354678,"LY6L-4Q3","Male"
"LDHS-86Y",52995354679,"LCRZ-WLB","Female"
"GGPW-WF1",52995354680,"GGP4-QSW","Male"
"GS35-LG3",52995354768,"GHXC-QCT","Male"
"GS35-LG3",52995354769,"GSQR-X2X","Female"
"GD5L-FFK",52995354770,"GLFH-37J","Male"
"GD5L-FFK",52995354771,"GVQ4-RDZ","Female"
"G6RN-N7D",52995354772,"GLFH-37J","Male"
"G6RN-N7D",52995354773,"GVQ4-RDZ","Female"
"GVBV-B6W",52995354774,"G66M-5XM","Male"
"GVBV-B6W",52995354775,"GN45-FFT","Female"
"LDHS-DWJ",52995354776,"LDHS-DF1","Male"
"LDHS-DWJ",52995354777,"LD98-69W","Female"
"G2H3-QFZ",52995354780,"GH41-4SM","Male"
"G2H3-QFZ",52995354781,"G2H3-W7J","Female"
"LZK3-LK2",52995354880,"GMMD-GH5","Male"
"LZK3-LK2",52995354881,"G2PL-CYW","Female"
"GGQV-GX5",52995354884,"GGQK-TT3","Male"
"GGQV-GX5",52995354885,"G6TP-J4Z","Female"
"LCRR-KM2",52995354888,"9H6Q-VVW","Male"
"LCRR-KM2",52995354889,"9HPT-832","Female"
"LDW5-JN2",52995354890,"9C72-WGJ","Male"
"LDW5-JN2",52995354891,"9CZV-2KJ","Female"
"LD9Y-C7T",52995354892,"9SJP-9TN","Male"
"LD9Y-C7T",52995354893,"LVDV-KPT","Female"
"LD9Y-CW9",52995354894,"LZDH-NFR","Male"
"LD9Y-CW9",52995354895,"LD9C-ZGZ","Female"
"L1PB-VYC",52995354896,"GKZZ-J71","Male"
"L1PB-VYC",52995354897,"GKZZ-D7Q","Female"
"GWQL-BY7",52995354898,"G2CJ-3PD","Male"
"LZ1T-YG5",52995354900,"LDHS-DWJ","Male"
"LZZF-5Z1",52995354902,"LBBB-4XS","Male"
"LZZF-5Z1",52995354903,"LDHS-6S3","Female"
"LZPK-P7H",52995354904,"G84G-L58","Male"
"GN4S-LXY",52995354907,"LHTH-XJT","Female"
"L8YY-PH5",52995354908,"L8YG-8PB","Male"
"L8YY-PH5",52995354909,"G7B5-SX2","Female"
"KFX1-BZD",52995354910,"9C72-WGJ","Male"
"KFX1-BZD",52995354911,"9CZV-2KJ","Female"
"GFPT-FJ7",52995354912,"GFPT-L31","Male"
"GFPT-FJ7",52995354913,"GV2P-67R","Female"
"G27J-PL7",52995354927,"GX7F-YKZ","Female"
"G27J-PL7",52995354926,"GZ49-QNV","Male"
"L4SB-2FB",52995355136,"G4RF-LWV","Male"
"L4SB-2FB",52995355137,"LDHS-8VY","Female"
"LDHS-6CV",52995355138,"9CWV-CP1","Male"
"LDHS-6CV",52995355139,"LHDC-1GX","Female"
"KT4G-S84",52995355140,"LCZN-T6T","Male"
"KT4G-S84",52995355141,"LDR6-HYY","Female"
"L4HF-2RY",52995355144,"LC58-L2Q","Male"
"L4HF-2RY",52995355145,"LC58-LGY","Female"
"L8TG-1DR",52995355146,"LD34-V6D","Male"
"L8TG-1DR",52995355147,"L8MS-M3H","Female"
"9HP6-RVT",52995355152,"LBQB-VWT","Male"
"9HP6-RVT",52995355153,"L2R4-SDF","Female"
"K6WN-292",52995355168,"LD9Y-G1J","Male"
"K6WN-292",52995355169,"LYZB-L4Y","Female"
"2NBQ-VZ5",52995355170,"9H4X-GTQ","Male"
"2NBQ-VZ5",52995355171,"GG28-2WH","Female"
"G231-B8V",52995355172,"GVNP-ZYN","Male"
"G231-B8V",52995355173,"GVNP-XK1","Female"
"LY6V-924",52995355174,"9KZ2-PL4","Male"
"LY6V-924",52995355175,"G8WY-Y15","Female"
"99Y7-Y7P",52995355176,"9KZ2-PL4","Male"
"99Y7-Y7P",52995355177,"G8WY-Y15","Female"
"L8YR-PKK",52995355178,"L5P9-K8Y","Male"
"L8YR-PKK",52995355179,"L5VF-CSX","Female"
"GZRF-9R1",52995355180,"9H4X-GTQ","Male"
"GZRF-9R1",52995355181,"9CZK-LFP","Female"
"G8WY-DDP",52995355182,"LD9Y-G1J","Male"
"G8WY-DDP",52995355183,"LYZB-L4Y","Female"
"LBKG-X1C",52995355184,"94YQ-7HG","Male"
"LBKG-X1C",52995355185,"L1S4-GSS","Female"
"LD9Y-GRR",52995355186,"GG7N-XGN","Male"
"LD9Y-GRR",52995355187,"GLGF-5FJ","Female"
"94JG-Z57",52995355188,"9Z45-SCN","Male"
"94JG-Z57",52995355189,"GKZ8-5FK","Female"
"L6PS-XJK",52995355190,"GN4Q-MN6","Male"
"L6PS-XJK",52995355191,"GXMD-Z45","Female"
"9CNQ-DB2",52995355192,"24RD-YF3","Male"
"9CNQ-DB2",52995355193,"GS9T-JHD","Female"
"GG95-H9P",52995355194,"GG1G-9JT","Male"
"GG95-H9P",52995355195,"GG1P-3XZ","Female"
"G6N5-9YG",52995355196,"LDSQ-N44","Male"
"G6N5-9YG",52995355197,"GL5N-65L","Female"
"9CFL-GCC",52995355198,"GG1G-2P3","Male"
"9CFL-GCC",52995355199,"GG1L-RNH","Female"
"GLZ5-ZL3",52995355200,"G691-VM2","Male"
"GLZ5-ZL3",52995355201,"9CHC-X6L","Female"
"L4SB-2FB",52995355232,"G4RF-LWV","Male"
"L4SB-2FB",52995355233,"LDHS-8VY","Female"
"LDHS-6CV",52995355234,"9CWV-CP1","Male"
"LDHS-6CV",52995355235,"LHDC-1GX","Female"
"KT4G-S84",52995355236,"LCZN-T6T","Male"
"KT4G-S84",52995355237,"LDR6-HYY","Female"
"L4HF-2RY",52995355240,"LC58-L2Q","Male"
"L4HF-2RY",52995355241,"LC58-LGY","Female"
"L8TG-1DR",52995355242,"LD34-V6D","Male"
"L8TG-1DR",52995355243,"L8MS-M3H","Female"
"G9XM-M1L",52995355264,"GP9N-L4X","Male"
"G9XM-M1L",52995355265,"GH91-LH3","Female"
"LTV7-LP4",52995355266,"GSSL-RG5","Male"
"LTV7-LP4",52995355267,"GGJB-XRP","Female"
"GQP5-ZM1",52995355268,"GPMV-4DB","Male"
"GQP5-ZM1",52995355269,"GJD5-5KJ","Female"
"9CHR-2H4",52995355272,"KHRR-ZX7","Male"
"9CHR-2H4",52995355273,"93KV-8B7","Female"
"LY7N-CN2",52995355274,"LTY9-ZM8","Male"
"LY7N-CN2",52995355275,"GJMY-4F7","Female"
"GKZ8-PM1",52995355280,"K6WN-292","Male"
"GKZ8-PM1",52995355281,"2NBQ-VZ5","Female"
"GMXZ-2CC",52995355282,"G231-B8V","Male"
"GMXZ-2CC",52995355283,"LY6V-924","Female"
"G8K3-VQ8",52995355284,"99Y7-Y7P","Male"
"G8K3-VQ8",52995355285,"L8YR-PKK","Female"
"G9TH-6YX",52995355286,"GZRF-9R1","Male"
"G9TH-6YX",52995355287,"G8WY-DDP","Female"
"G3C8-YXC",52995355296,"G2H4-C5T","Male"
"G3C8-YXC",52995355297,"GZFR-391","Female"
"9CHR-2H4",52995355304,"KHRR-ZX7","Male"
"9CHR-2H4",52995355305,"93KV-8B7","Female"
"LY7N-CN2",52995355306,"LTY9-ZM8","Male"
"LY7N-CN2",52995355307,"GJMY-4F7","Female"
"LYDQ-TG6",52995355312,"9HM8-J2G","Male"
"LYDQ-TG6",52995355313,"G2SQ-ZHB","Female"
"9HM8-2GK",52995355314,"LY9N-GDL","Male"
"9HM8-2GK",52995355315,"KLYH-481","Female"
"9CHR-2H4",52995355320,"KHRR-ZX7","Male"
"9CHR-2H4",52995355321,"93KV-8B7","Female"
"LY7N-CN2",52995355322,"LTY9-ZM8","Male"
"LY7N-CN2",52995355323,"GJMY-4F7","Female"
"GP9N-L4X",52995355392,"LRS4-FZM","Male"
"GP9N-L4X",52995355393,"GPQ5-L6L","Female"
"GH91-LH3",52995355394,"GPMT-F4C","Male"
"GH91-LH3",52995355395,"GPMT-QP6","Female"
"GPMV-4DB",52995355400,"GSC5-452","Male"
"GPMV-4DB",52995355401,"GSC5-HZ4","Female"
"GJD5-5KJ",52995355402,"GPMK-WW6","Male"
"GJD5-5KJ",52995355403,"GPMV-TYP","Female"
"KHRR-ZX7",52995355408,"LZV8-SKD","Male"
"KHRR-ZX7",52995355409,"LZVP-HRF","Female"
"93KV-8B7",52995355410,"G2HC-Q7J","Male"
"93KV-8B7",52995355411,"L2QW-FYF","Female"
"LTY9-ZM8",52995355412,"GSSL-RG5","Male"
"LTY9-ZM8",52995355413,"GGJB-XRP","Female"
"K6WN-292",52995355424,"LD9Y-G1J","Male"
"K6WN-292",52995355425,"LYZB-L4Y","Female"
"2NBQ-VZ5",52995355426,"9H4X-GTQ","Male"
"2NBQ-VZ5",52995355427,"GG28-2WH","Female"
"G231-B8V",52995355428,"GVNP-ZYN","Male"
"G231-B8V",52995355429,"GVNP-XK1","Female"
"LY6V-924",52995355430,"9KZ2-PL4","Male"
"LY6V-924",52995355431,"G8WY-Y15","Female"
"99Y7-Y7P",52995355432,"9KZ2-PL4","Male"
"99Y7-Y7P",52995355433,"G8WY-Y15","Female"
"L8YR-PKK",52995355434,"L5P9-K8Y","Male"
"L8YR-PKK",52995355435,"L5VF-CSX","Female"
"GZRF-9R1",52995355436,"9H4X-GTQ","Male"
"GZRF-9R1",52995355437,"9CZK-LFP","Female"
"G8WY-DDP",52995355438,"LD9Y-G1J","Male"
"G8WY-DDP",52995355439,"LYZB-L4Y","Female"
"G2H4-C5T",52995355456,"G85W-MZM","Male"
"G2H4-C5T",52995355457,"GZWY-XLW","Female"
"KHRR-ZX7",52995355472,"LZV8-SKD","Male"
"KHRR-ZX7",52995355473,"LZVP-HRF","Female"
"93KV-8B7",52995355474,"G2HC-Q7J","Male"
"93KV-8B7",52995355475,"L2QW-FYF","Female"
"LTY9-ZM8",52995355476,"GSSL-RG5","Male"
"LTY9-ZM8",52995355477,"GGJB-XRP","Female"
"9HM8-J2G",52995355488,"LYDQ-TG6","Male"
"9HM8-J2G",52995355489,"9HM8-2GK","Female"
"LY9N-GDL",52995355492,"9CHR-2H4","Male"
"LY9N-GDL",52995355493,"LY7N-CN2","Female"
"KHRR-ZX7",52995355504,"LZV8-SKD","Male"
"KHRR-ZX7",52995355505,"LZVP-HRF","Female"
"93KV-8B7",52995355506,"G2HC-Q7J","Male"
"93KV-8B7",52995355507,"L2QW-FYF","Female"
"LTY9-ZM8",52995355508,"GSSL-RG5","Male"
"LTY9-ZM8",52995355509,"GGJB-XRP","Female"
"GK25-3JB",52995357088,"LCPY-NG4","Male"
"GV4D-MFG",52995357090,"GP9Z-KVF","Male"
"GKQ6-ZVV",52995357096,"GKQX-ZWW","Male"
"GKQ6-ZVV",52995357097,"GKQX-HSZ","Female"
"GGKJ-Z1T",52995357120,"L62H-Z9T","Male"
"GGKJ-Z1T",52995357121,"GVSP-PVV","Female"
"KL6C-XQV",52995357122,"GKZ8-HXS","Male"
"KL6C-XQV",52995357123,"GKS3-YPX","Female"
"GD5G-QGN",52995357124,"GQKV-84J","Male"
"GD5G-QGN",52995357125,"L1FK-7PV","Female"
"GGJ8-YWG",52995357126,"GMMD-GH5","Male"
"GGJ8-YWG",52995357127,"G2PL-CYW","Female"
"99PT-NTZ",52995357128,"L1PB-VYC","Male"
"99PT-NTZ",52995357129,"GWQL-BY7","Female"
"G98Z-6RZ",52995357130,"LZ1T-YG5","Male"
"G98Z-6RZ",52995357131,"LZZF-5Z1","Female"
"LZ9M-HWG",52995357132,"LZPK-P7H","Male"
"LZ9M-HWG",52995357133,"GN4S-LXY","Female"
"9M85-YGM",52995357134,"L8YY-PH5","Male"
"9M85-YGM",52995357135,"KFX1-BZD","Female"
"9W7P-G88",52995357136,"L8YG-8PB","Male"
"9W7P-G88",52995357137,"G7B5-SX2","Female"
"GLB2-PPV",52995357138,"9H4X-GTQ","Male"
"GLB2-PPV",52995357139,"9C44-MQP","Female"
"LZVG-MCV",52995357140,"LKGC-DK6","Male"
"LZVG-MCV",52995357141,"93DX-FVV","Female"
"9S9W-MPL",52995357144,"LCDM-9D5","Male"
"9S9W-MPL",52995357145,"MT39-VLW","Female"
"KFX1-BZD",52995357146,"9C72-WGJ","Male"
"KFX1-BZD",52995357147,"9CZV-2KJ","Female"
"9HRG-JDL",52995357152,"LZDH-NFR","Male"
"9HRG-JDL",52995357153,"LD9C-ZGZ","Female"
"LZ8D-9DK",52995357160,"MW4S-HPZ","Male"
"LZ8D-9DK",52995357161,"GGYL-CGH","Female"
"9QZD-J5R",52995357164,"L1DW-Q5N","Male"
"9QZD-J5R",52995357165,"2781-6PP","Female"
"L18P-6ZG",52995357166,"G36D-72Y","Male"
"L18P-6ZG",52995357167,"L18F-8KW","Female"
"L8WY-72D",52995357392,"GK25-3JB","Male"
"L8WY-72D",52995357393,"GV4D-MFG","Female"
"LDSS-KBB",52995357396,"GKQ6-ZVV","Male"
"LDSS-KBB",52995357397,"GGQN-PGD","Female"
"LDSS-288",52995357408,"GGKJ-Z1T","Male"
"LDSS-288",52995357409,"KL6C-XQV","Female"
"G6PK-MQW",52995357410,"GD5G-QGN","Male"
"G6PK-MQW",52995357411,"GGJ8-YWG","Female"
"9WMP-NNQ",52995357412,"99PT-NTZ","Male"
"9WMP-NNQ",52995357413,"G98Z-6RZ","Female"
"945D-J9Y",52995357414,"LZ9M-HWG","Male"
"945D-J9Y",52995357415,"9M85-YGM","Female"
"LDSS-26H",52995357416,"9W7P-G88","Male"
"LDSS-26H",52995357417,"GLB2-PPV","Female"
"L6SC-CJF",52995357418,"LZVG-MCV","Male"
"L6SC-CJF",52995357419,"LQR5-6N2","Female"
"LZLQ-664",52995357420,"9S9W-MPL","Male"
"LZLQ-664",52995357421,"KFX1-BZD","Female"
"9HTX-2CD",52995357424,"9HRG-JDL","Male"
"9HTX-2CD",52995357425,"LDH1-G9D","Female"
"G39Q-HBK",52995357426,"KX2S-NWF","Male"
"G39Q-HBK",52995357427,"L7GV-KKS","Female"
"LZGK-GZB",52995357428,"LZ8D-9DK","Male"
"LZGK-GZB",52995357429,"GK9J-9XB","Female"
"MXKR-J9R",52995357430,"9QZD-J5R","Male"
"MXKR-J9R",52995357431,"L18P-6ZG","Female"
"9HRG-JDL",52995357488,"LZDH-NFR","Male"
"9HRG-JDL",52995357489,"LD9C-ZGZ","Female"
"G7JG-81Y",52995357536,"GX9X-WLG","Male"
"G7JG-81Y",52995357537,"GPM8-73R","Female"
"GGSH-C4B",52995357704,"GKY7-K5H","Male"
"GGSH-C4B",52995357705,"GNBX-W63","Female"
"L8BM-ZN2",52995357706,"L6NQ-1X6","Male"
"L8BM-ZN2",52995357707,"GDX5-HMR","Female"
"G8FQ-C38",52995357762,"GGH2-BTN","Male"
"G8FQ-C38",52995357763,"GGSQ-ZP1","Female"
"G6P9-41P",52995357764,"GLJ3-7PY","Male"
"G6P9-41P",52995357765,"GLYS-L22","Female"
"9H5N-BFF",52995357776,"GGVH-7FW","Male"
"9H5N-BFF",52995357777,"G6TP-J4Z","Female"
"GKZ8-4FD",52995357778,"GVV8-W7R","Male"
"GKZ8-4FD",52995357779,"G2N1-V9H","Female"
"G6Q3-JX4",52995357780,"LBKG-X1C","Male"
"G6Q3-JX4",52995357781,"LD9Y-GRR","Female"
"GVBH-MTY",52995357784,"L61S-GV2","Male"
"9H6Q-VVW",52995357824,"L4SB-2FB","Male"
"9H6Q-VVW",52995357825,"LDHS-6CV","Female"
"9HPT-832",52995357826,"KT4G-S84","Male"
"9HPT-832",52995357827,"GLMZ-NCG","Female"
"9C72-WGJ",52995357828,"L4HF-2RY","Male"
"9C72-WGJ",52995357829,"L8TG-1DR","Female"
"9CZV-2KJ",52995357830,"LB2S-FHY","Male"
"9CZV-2KJ",52995357831,"G88G-V6W","Female"
"9SJP-9TN",52995357832,"9HP6-RVT","Male"
"9SJP-9TN",52995357833,"GG16-DL7","Female"
"GKZ8-PM1",52995357840,"K6WN-292","Male"
"GKZ8-PM1",52995357841,"2NBQ-VZ5","Female"
"GMXZ-2CC",52995357842,"G231-B8V","Male"
"GMXZ-2CC",52995357843,"LY6V-924","Female"
"G8K3-VQ8",52995357844,"99Y7-Y7P","Male"
"G8K3-VQ8",52995357845,"L8YR-PKK","Female"
"G9TH-6YX",52995357846,"GZRF-9R1","Male"
"G9TH-6YX",52995357847,"G8WY-DDP","Female"
"LY5W-N6P",52995357848,"LBKG-X1C","Male"
"LY5W-N6P",52995357849,"LD9Y-GRR","Female"
"LHWS-BFW",52995357850,"94JG-Z57","Male"
"LHWS-BFW",52995357851,"L6PS-XJK","Female"
"GDB8-4V9",52995357852,"9CNQ-DB2","Male"
"GDB8-4V9",52995357853,"GG95-H9P","Female"
"GVZM-RKC",52995357854,"G6N5-9YG","Male"
"GVZM-RKC",52995357855,"9CFL-GCC","Female"
"LCN5-99B",52995357856,"935Z-J1R","Male"
"LCN5-99B",52995357857,"GWS8-4DQ","Female"
"LYNX-745",52995357858,"LTZX-XK7","Male"
"LYNX-745",52995357859,"GNWQ-J48","Female"
"GS83-FSL",52995357860,"L5YX-LDH","Male"
"GS83-FSL",52995357861,"9CXC-BF5","Female"
"LRQD-FS2",52995357864,"L5P9-K8Y","Male"
"LRQD-FS2",52995357865,"L5VF-CSX","Female"
"L5VF-6MD",52995357866,"9HSR-ZJB","Male"
"L5VF-6MD",52995357867,"LX7M-45D","Female"
"L1WS-BMM",52995357872,"9Z8D-595","Male"
"L1WS-BMM",52995357873,"LDMS-21W","Female"
"LDMN-PWB",52995357876,"LHY9-RBR","Male"
"LDMN-PWB",52995357877,"946P-N11","Female"
"2NBQ-FP2",52995357878,"LDMN-5Y4","Male"
"2NBQ-FP2",52995357879,"GX7F-XSZ","Female"
"L81Y-9GD",52995357880,"G2DJ-RBG","Male"
"L81Y-9GD",52995357881,"LT6L-TT2","Female"
"LB2S-PWM",52995357882,"LB72-FTT","Male"
"LB2S-PWM",52995357883,"LCRK-52L","Female"
"LBBB-4XS",52995357888,"KT4G-S84","Male"
"LBBB-4XS",52995357889,"GG1G-YJM","Female"
"LDHS-6S3",52995357890,"9H6Q-VVW","Male"
"LDHS-6S3",52995357891,"932C-Q9B","Female"
"L8YY-PH5",52995357892,"L8YG-8PB","Male"
"L8YY-PH5",52995357893,"G7B5-SX2","Female"
"KFX1-BZD",52995357894,"9C72-WGJ","Male"
"KFX1-BZD",52995357895,"9CZV-2KJ","Female"
"GPSX-XT1",52995357900,"GPSX-RG2","Male"
"GPSX-XT1",52995357901,"GPSF-8QT","Female"
"GPSX-KP8",52995357902,"GPSF-S9W","Male"
"GZ44-VYR",52995357904,"GS35-LG3","Male"
"GZ44-VYR",52995357905,"GD5L-FFK","Female"
"GKZ8-XPF",52995357906,"G6KF-2P6","Male"
"GKZ8-XPF",52995357907,"G6KF-R2F","Female"
"GKZ8-XW3",52995357910,"GGZ7-CSQ","Male"
"GKZ8-XW3",52995357911,"GGZ7-8LZ","Female"
"LB27-YWT",52995357916,"GH7M-QSF","Male"
"LB27-YWT",52995357917,"LYTM-8KB","Female"
"GWZB-NNM",52995357918,"L8YY-PH5","Male"
"GWZB-NNM",52995357919,"KFX1-BZD","Female"
"L7NG-DRP",52995357920,"9H5N-BFF","Male"
"L7NG-DRP",52995357921,"GKZ8-4FD","Female"
"LYTH-K3C",52995357922,"G6Q3-JX4","Male"
"LTT6-YJQ",52995357924,"GVBH-MTY","Male"
"29H4-2Y1",52995357928,"GV1M-FDM","Male"
"29H4-2Y1",52995357929,"GKZ8-Q9M","Female"
"GKZ8-Q9M",52995357930,"G2DP-9XR","Male"
"G8W1-CJS",52995357932,"G7D4-7W8","Male"
"G8W1-CJS",52995357933,"GZ58-VPL","Female"
"GKCC-J1G",52995357934,"LZK3-LK2","Male"
"GKCC-J1G",52995357935,"M185-RW3","Female"
"GH7M-QSF",52995357936,"LHXT-LR1","Male"
"GH7M-QSF",52995357937,"GLTD-CTG","Female"
"G4SP-ZYT",52995357938,"GGBP-P1C","Male"
"G4SP-ZYT",52995357939,"GGBP-Y4C","Female"
"L1DW-Q5N",52995357948,"LY5W-N6P","Male"
"L1DW-Q5N",52995357949,"LHWS-BFW","Female"
"2781-6PP",52995357950,"GDB8-4V9","Male"
"2781-6PP",52995357951,"GVZM-RKC","Female"
"GV4D-MPR",52995357984,"GH29-MH6","Male"
"GV4D-MPR",52995357985,"G88P-5CS","Female"
"LCCZ-SSV",52995358048,"G8SY-N9Z","Male"
"LCCZ-SSV",52995358049,"GPM1-X8J","Female"
"GSC5-SBV",52995358050,"G68S-146","Male"
"GSC5-SBV",52995358051,"G683-SRM","Female"
"G9FS-BL2",52995358052,"L2R6-YZF","Male"
"G9FS-BL2",52995358053,"GGJD-YY4","Female"
"GLZW-7GF",52995358056,"LZNY-FF7","Male"
"GLZW-7GF",52995358057,"GPMD-KTY","Female"
"GVSG-X5N",52995358058,"GLZW-7HZ","Male"
"GVSG-X5N",52995358059,"GQFV-K7Q","Female"
"GWWB-19S",52995358464,"GG1G-1VF","Male"
"GWWB-19S",52995358465,"GG1P-8LJ","Female"
"GWWB-RZX",52995358466,"GG1P-M78","Male"
"GWWB-RZX",52995358467,"GG1L-BC2","Female"
"GDB8-4V9",52995358468,"9CNQ-DB2","Male"
"GDB8-4V9",52995358469,"GG95-H9P","Female"
"K863-NHG",52995358470,"GX26-S6V","Male"
"K863-NHG",52995358471,"L2M1-6YN","Female"
"9W7P-G88",52995358472,"L8YG-8PB","Male"
"9W7P-G88",52995358473,"G7B5-SX2","Female"
"GLB2-PPV",52995358474,"9H4X-GTQ","Male"
"GLB2-PPV",52995358475,"9C44-MQP","Female"
"GSWG-NZ1",52995358476,"L4Q5-T4F","Male"
"GSWG-NZ1",52995358477,"GCMX-ZBY","Female"
"GZHK-WCQ",52995358478,"L4Q5-T4F","Male"
"GZHK-WCQ",52995358479,"GCMX-ZBY","Female"
"G8FB-NFD",52995358528,"G8FB-VMR","Male"
"G8FB-NFD",52995358529,"G7KX-H6Q","Female"
"LDM1-CGG",52995358556,"LDM1-ZJW","Male"
"LDM1-CGG",52995358557,"GVN6-BNX","Female"
"LYSP-1D9",52995358558,"K4P4-YKZ","Male"
"LYSP-1D9",52995358559,"LZGB-752","Female"
"G7NH-CM4",52995359280,"G215-NYD","Male"
"G7NH-CM4",52995359281,"GG1F-HTT","Female"
"LY9D-2F8",52995360800,"LCJD-VX6","Male"
"LY9D-2F8",52995360801,"LD9R-RKH","Female"
"L28D-TJH",52995360802,"9WMP-NNQ","Male"
"L28D-TJH",52995360803,"945D-J9Y","Female"
"GJTS-3TP",52995360804,"GZ8X-GV2","Male"
"GJTS-3TP",52995360805,"G6ZP-B73","Female"
"GV4P-VY5",52995360896,"LCCZ-SSV","Male"
"GV4P-VY5",52995360897,"GSC5-SBV","Female"
"GGJD-JSR",52995360898,"G9FS-BL2","Male"
"GGJD-JSR",52995360899,"GGXP-5J3","Female"
"GZRK-SFB",52995360900,"GLZW-7GF","Male"
"GZRK-SFB",52995360901,"GVSG-X5N","Female"
"GVSP-WS2",52995360902,"G6T6-SZ3","Male"
"GVSP-WS2",52995360903,"GZB1-L61","Female"
"LVTD-MDD",52995360912,"GX7C-LRS","Male"
"LVTD-MDD",52995360913,"GN1M-ZZK","Female"
"GKYX-DNQ",52995360914,"LB2S-1BB","Male"
"GKYX-DNQ",52995360915,"LTG4-ZZ5","Female"
"28YJ-Z4N",52995360920,"9HTX-2CD","Male"
"28YJ-Z4N",52995360921,"G39Q-HBK","Female"
"GGGT-9MX",52995360922,"MXVC-BK8","Male"
"L8RR-4KG",52995360936,"L8WY-72D","Male"
"L8RR-4KG",52995360937,"GZBB-BMJ","Female"
"99QT-MCB",52995360938,"LDSS-KBB","Male"
"99QT-MCB",52995360939,"GLZ3-DZS","Female"
"LDSS-KJ6",52995360944,"LDSS-288","Male"
"LDSS-KJ6",52995360945,"G6PK-MQW","Female"
"L28D-TJH",52995360946,"9WMP-NNQ","Male"
"L28D-TJH",52995360947,"945D-J9Y","Female"
"LYCY-PN6",52995360948,"LDSS-26H","Male"
"LYCY-PN6",52995360949,"L6SC-CJF","Female"
"LDSS-KKV",52995360950,"LZLQ-664","Male"
"LDSS-KKV",52995360951,"GK2Y-MJB","Female"
"KDQW-JTJ",52995360952,"9HTX-2CD","Male"
"KDQW-JTJ",52995360953,"G39Q-HBK","Female"
"LDS9-GGV",52995360954,"LZGK-GZB","Male"
"LDS9-GGV",52995360955,"MXKR-J9R","Female"
"LD95-VV6",52995360960,"LD95-VVH","Male"
"LD95-VV6",52995360961,"99SD-Z4Q","Female"
"9H2F-HV5",52995360962,"MBGG-7NP","Male"
"9H2F-HV5",52995360963,"LD9R-SHL","Female"
"LD9R-RB7",52995360964,"LD9R-RYR","Male"
"LD9R-RB7",52995360965,"M15L-V4Q","Female"
"LDSS-6H5",52995360966,"L133-HLP","Male"
"LDSS-6H5",52995360967,"KH8N-T92","Female"
"GX7F-WZP",52995360968,"LYCY-PN6","Male"
"GX7F-WZP",52995360969,"LDSS-KKV","Female"
"G2GB-R81",52995360970,"GLBZ-FVT","Male"
"G2GB-R81",52995360971,"GLB8-4LY","Female"
"LT3P-8D6",52995360972,"GG92-32P","Male"
"LT3P-8D6",52995360973,"GG4M-2R7","Female"
"G8L3-3JL",52995360974,"GVXP-S4R","Male"
"G8L3-3JL",52995360975,"LVDF-9DW","Female"
"LYCY-PN6",52995360976,"LDSS-26H","Male"
"LYCY-PN6",52995360977,"L6SC-CJF","Female"
"LDSS-KKV",52995360978,"LZLQ-664","Male"
"LDSS-KKV",52995360979,"GK2Y-MJB","Female"
"LDW2-41W",52995360980,"94HZ-CG3","Male"
"LDW2-41W",52995360981,"LDSS-BYY","Female"
"G4NJ-GVF",52995360982,"L8RR-S6X","Male"
"G4NJ-GVF",52995360983,"L8RR-S6J","Female"
"GJVC-FKB",52995360993,"G28P-JW9","Female"
"GJVC-FKB",52995360992,"G28P-T64","Male"
"LDW2-7WW",52995361008,"LD9Y-C7T","Male"
"LDW2-7WW",52995361009,"LD9Y-CW9","Female"
"LH7S-12Y",52995361010,"9CXC-BT8","Male"
"LH7S-12Y",52995361011,"L8MP-T1Y","Female"
"LDSQ-XRK",52995361012,"LDSK-V77","Male"
"LDSQ-XRK",52995361013,"LDSQ-F68","Female"
"LCFL-9DP",52995361014,"LB27-YWT","Male"
"LCFL-9DP",52995361015,"GWZB-NNM","Female"
"9ZCB-DSC",52995361792,"LZK3-LK2","Male"
"9ZCB-DSC",52995361793,"M185-RW3","Female"
"GG1G-KG2",52995361794,"GGQV-GX5","Male"
"GG1G-KG2",52995361795,"GJ38-RVP","Female"
"LD9R-RYR",52995361796,"LCRR-KM2","Male"
"LD9R-RYR",52995361797,"LDW5-JN2","Female"
"M15L-V4Q",52995361798,"LD9Y-C7T","Male"
"M15L-V4Q",52995361799,"LD9Y-CW9","Female"
"99PT-NTZ",52995361800,"L1PB-VYC","Male"
"99PT-NTZ",52995361801,"GWQL-BY7","Female"
"G98Z-6RZ",52995361802,"LZ1T-YG5","Male"
"G98Z-6RZ",52995361803,"LZZF-5Z1","Female"
"LZ9M-HWG",52995361804,"LZPK-P7H","Male"
"LZ9M-HWG",52995361805,"GN4S-LXY","Female"
"9M85-YGM",52995361806,"L8YY-PH5","Male"
"9M85-YGM",52995361807,"KFX1-BZD","Female"
"GFK3-MS7",52995361808,"GFPT-FJ7","Male"
"GFPT-WGM",52995361810,"GFPR-KJ6","Male"
"GFPT-WGM",52995361811,"GFPR-6XT","Female"
"LH3L-KQH",52995361812,"G6ZP-PHC","Male"
"LH3L-KQH",52995361813,"GJP9-181","Female"
"G692-MWD",52995361814,"L18Q-S5P","Male"
"G692-MWD",52995361815,"G27J-PL7","Female"
"9HRG-JDL",52995361824,"LZDH-NFR","Male"
"9HRG-JDL",52995361825,"LD9C-ZGZ","Female"
"LZ8D-9DK",52995361832,"MW4S-HPZ","Male"
"LZ8D-9DK",52995361833,"GGYL-CGH","Female"
"9QZD-J5R",52995361836,"L1DW-Q5N","Male"
"9QZD-J5R",52995361837,"2781-6PP","Female"
"L18P-6ZG",52995361838,"G36D-72Y","Male"
"L18P-6ZG",52995361839,"L18F-8KW","Female"
"GSZ1-PTQ",52995361968,"G8GM-R5T","Male"
"GSZ1-PTQ",52995361969,"G8YH-W8V","Female"
"GS8M-WYK",52995361970,"GQSJ-G4F","Male"
"GS8M-WYK",52995361971,"GVG7-N47","Female"
"991T-WHY",52995361972,"991T-WC7","Male"
"G3TV-1F5",52995361974,"GLGG-K2D","Male"
"L62H-Z9T",52995361976,"LDHS-DWJ","Male"
"GVSP-PVV",52995361978,"G2H3-QFZ","Male"
"GVSP-PVV",52995361979,"G2H3-MGK","Female"
"GKZ8-HXS",52995361980,"G6K1-794","Male"
"GKS3-YPX",52995361982,"G2RH-TWL","Male"
"GKS3-YPX",52995361983,"KCZY-FCT","Female"
"9HTX-2CD",52995361984,"9HRG-JDL","Male"
"9HTX-2CD",52995361985,"LDH1-G9D","Female"
"LZGK-ZV2",52995361990,"LZ1T-YG5","Male"
"LZGK-ZV2",52995361991,"LZZF-5Z1","Female"
"GGG7-Q5M",52995362000,"G6TC-GD8","Male"
"GGG7-Q5M",52995362001,"GGG3-LR4","Female"
"GZL1-BTV",52995362002,"GZVH-K4C","Male"
"GZL1-BTV",52995362003,"GZVH-NJM","Female"
"28YJ-Z4N",52995362012,"9HTX-2CD","Male"
"28YJ-Z4N",52995362013,"G39Q-HBK","Female"
"GGGT-9MX",52995362014,"MXVC-BK8","Male"
"G233-LXN",52995362016,"GGJD-LJM","Male"
"G233-LXN",52995362017,"G2PL-CYW","Female"
"GC7G-R6L",52995362024,"9CHR-8ZW","Male"
"GC7G-R6L",52995362025,"GVWL-TZN","Female"
"GC7P-77S",52995362026,"G2PK-2PB","Male"
"GC7P-77S",52995362027,"GVXD-YLR","Female"
"G215-NYD",52995362112,"GG1F-9LB","Male"
"G215-NYD",52995362113,"GG1X-DGM","Female"
"9HTX-2CD",52995362144,"9HRG-JDL","Male"
"9HTX-2CD",52995362145,"LDH1-G9D","Female"
"LZGK-ZV2",52995362150,"LZ1T-YG5","Male"
"LZGK-ZV2",52995362151,"LZZF-5Z1","Female"
"GGG7-Q5M",52995362160,"G6TC-GD8","Male"
"GGG7-Q5M",52995362161,"GGG3-LR4","Female"
"GZL1-BTV",52995362162,"GZVH-K4C","Male"
"GZL1-BTV",52995362163,"GZVH-NJM","Female"
"28YJ-Z4N",52995362172,"9HTX-2CD","Male"
"28YJ-Z4N",52995362173,"G39Q-HBK","Female"
"GGGT-9MX",52995362174,"MXVC-BK8","Male"
"GSZ1-PTQ",52995362224,"G8GM-R5T","Male"
"GSZ1-PTQ",52995362225,"G8YH-W8V","Female"
"GS8M-WYK",52995362226,"GQSJ-G4F","Male"
"GS8M-WYK",52995362227,"GVG7-N47","Female"
"991T-WHY",52995362228,"991T-WC7","Male"
"G3TV-1F5",52995362230,"GLGG-K2D","Male"
"L62H-Z9T",52995362232,"LDHS-DWJ","Male"
"GVSP-PVV",52995362234,"G2H3-QFZ","Male"
"GVSP-PVV",52995362235,"G2H3-MGK","Female"
"GKZ8-HXS",52995362236,"G6K1-794","Male"
"GKS3-YPX",52995362238,"G2RH-TWL","Male"
"GKS3-YPX",52995362239,"KCZY-FCT","Female"
"9HTX-2CD",52995362240,"9HRG-JDL","Male"
"9HTX-2CD",52995362241,"LDH1-G9D","Female"
"LZGK-ZV2",52995362246,"LZ1T-YG5","Male"
"LZGK-ZV2",52995362247,"LZZF-5Z1","Female"
"GGG7-Q5M",52995362256,"G6TC-GD8","Male"
"GGG7-Q5M",52995362257,"GGG3-LR4","Female"
"GZL1-BTV",52995362258,"GZVH-K4C","Male"
"GZL1-BTV",52995362259,"GZVH-NJM","Female"
"28YJ-Z4N",52995362268,"9HTX-2CD","Male"
"28YJ-Z4N",52995362269,"G39Q-HBK","Female"
"GGGT-9MX",52995362270,"MXVC-BK8","Male"
"G233-LXN",52995362272,"GGJD-LJM","Male"
"G233-LXN",52995362273,"G2PL-CYW","Female"
"GC7G-R6L",52995362280,"9CHR-8ZW","Male"
"GC7G-R6L",52995362281,"GVWL-TZN","Female"
"GC7P-77S",52995362282,"G2PK-2PB","Male"
"GC7P-77S",52995362283,"GVXD-YLR","Female"
"9HRG-JDL",52995362304,"LZDH-NFR","Male"
"9HRG-JDL",52995362305,"LD9C-ZGZ","Female"
"LZ1T-YG5",52995362316,"LDHS-DWJ","Male"
"LZZF-5Z1",52995362318,"LBBB-4XS","Male"
"LZZF-5Z1",52995362319,"LDHS-6S3","Female"
"G6TC-GD8",52995362336,"GFF2-JFR","Male"
"G6TC-GD8",52995362337,"GG69-8N9","Female"
"9HTX-2CD",52995362360,"9HRG-JDL","Male"
"9HTX-2CD",52995362361,"LDH1-G9D","Female"
"G39Q-HBK",52995362362,"KX2S-NWF","Male"
"G39Q-HBK",52995362363,"L7GV-KKS","Female"
"GGJD-LJM",52995362368,"GF59-F78","Male"
"GGJD-LJM",52995362369,"GLFD-4JJ","Female"
"9CHR-8ZW",52995362384,"G69T-DN8","Male"
"9CHR-8ZW",52995362385,"L2W2-2TC","Female"
"G2PK-2PB",52995362388,"G9FS-BL2","Male"
"G2PK-2PB",52995362389,"GGXP-5J3","Female"
"GVXD-YLR",52995362390,"GMMD-GH5","Male"
"GVXD-YLR",52995362391,"LBK1-86P","Female"
"GLZW-7GF",52995362432,"LZNY-FF7","Male"
"GLZW-7GF",52995362433,"GPMD-KTY","Female"
"GVSG-X5N",52995362434,"GLZW-7HZ","Male"
"GVSG-X5N",52995362435,"GQFV-K7Q","Female"
"G2RH-ZJB",52995362440,"LTT6-YJQ","Male"
"G2RH-ZJB",52995362441,"GV8X-JR1","Female"
"GQRR-BP3",52995362444,"GFXP-YYF","Male"
"GQRR-BP3",52995362445,"GX9B-8M2","Female"
"9HTX-2CD",52995362448,"9HRG-JDL","Male"
"9HTX-2CD",52995362449,"LDH1-G9D","Female"
"G39Q-HBK",52995362450,"KX2S-NWF","Male"
"G39Q-HBK",52995362451,"L7GV-KKS","Female"
"LZGK-GZB",52995362452,"LZ8D-9DK","Male"
"LZGK-GZB",52995362453,"GK9J-9XB","Female"
"MXKR-J9R",52995362454,"9QZD-J5R","Male"
"MXKR-J9R",52995362455,"L18P-6ZG","Female"
"LD9R-RYR",52995362456,"LCRR-KM2","Male"
"LD9R-RYR",52995362457,"LDW5-JN2","Female"
"M15L-V4Q",52995362458,"LD9Y-C7T","Male"
"M15L-V4Q",52995362459,"LD9Y-CW9","Female"
"L133-HLP",52995362460,"94T6-749","Male"
"L133-HLP",52995362461,"GLLC-968","Female"
"KH8N-T92",52995362462,"L1DW-Q5N","Male"
"KH8N-T92",52995362463,"2781-6PP","Female"
"GL9M-YXL",52995362466,"GKZG-KWQ","Male"
"GL9M-YXL",52995362467,"GGTN-692","Female"
"GG5W-TJ1",52995362488,"GGB9-4CK","Male"
"GG5W-TJ1",52995362489,"9MTF-W16","Female"
"LZ19-924",52995362492,"LZF6-M94","Male"
"LZ19-924",52995362493,"GWW8-LWR","Female"
"L2MN-44Y",52995364928,"LZ8D-9DK","Male"
"L2MN-44Y",52995364929,"GK9J-9XB","Female"
"G8FL-PW4",52995364930,"GXQ6-TZP","Male"
"GKWF-9HW",52995364936,"GL1Q-NS6","Male"
"GKWF-9HW",52995364937,"G6HW-8TR","Female"
"GXTQ-FJT",52995364944,"GXTQ-DDQ","Male"
"GXTQ-FJT",52995364945,"L1JY-KRP","Female"
"G7DV-WW9",52995364946,"GJSW-WQQ","Male"
"G7DV-WW9",52995364947,"GJSW-W23","Female"
"GXWR-W8R",52995364952,"G8WY-FTN","Male"
"GXWR-W8R",52995364953,"GH7D-NJJ","Female"
"G8WY-8VN",52995364954,"GXW5-BHK","Male"
"G8WY-8VN",52995364955,"GX3B-MFL","Female"
"GG5W-TJ1",52995364968,"GGB9-4CK","Male"
"GG5W-TJ1",52995364969,"9MTF-W16","Female"
"LZ19-924",52995364972,"LZF6-M94","Male"
"LZ19-924",52995364973,"GWW8-LWR","Female"
"GGT6-NYC",52995364976,"GW2T-YH6","Male"
"GGT6-NYC",52995364977,"GX5P-L6M","Female"
"GGTD-5CG",52995364978,"GGTX-XJX","Male"
"GGTD-5CG",52995364979,"GGT6-1Q1","Female"
"LH3J-XVF",52995364980,"GGYS-TR5","Male"
"LH3J-XVF",52995364981,"GGYS-R4S","Female"
"LD9R-5PH",52995364984,"L187-NYR","Male"
"LD9R-5PH",52995364985,"9WQY-MZT","Female"
"GW2T-YH6",52995365056,"GJ47-K7B","Male"
"GW2T-YH6",52995365057,"G68T-8ZP","Female"
"GX5P-L6M",52995365058,"GL7J-6P6","Male"
"GX5P-L6M",52995365059,"GL7J-VSQ","Female"
"GGT6-1Q1",52995365062,"LZXX-FT2","Male"
"GGT6-1Q1",52995365063,"KLXB-KTC","Female"
"L187-NYR",52995365072,"G9FS-BL2","Male"
"L187-NYR",52995365073,"GCSS-S7B","Female"
"9WQY-MZT",52995365074,"LTGB-3SJ","Male"
"9WQY-MZT",52995365075,"GGNP-Y62","Female"
"G21C-YGX",52995365088,"G3J9-6J7","Male"
"G21C-YGX",52995365089,"G3TV-LBZ","Female"
"G8WB-J6L",52995365090,"L21Y-H6W","Male"
"G8WB-J6L",52995365091,"GWQD-2B3","Female"
"G8WL-T7Q",52995365092,"LRW8-HDK","Male"
"G8WL-T7Q",52995365093,"GG7X-L3P","Female"
"GDSY-Z6B",52995365094,"G2XY-THH","Male"
"GDSY-Z6B",52995365095,"G2XY-YY6","Female"
"G21J-37H",52995365096,"G6V3-NYN","Male"
"G21J-37H",52995365097,"G21J-LYT","Female"
"9HRG-JDL",52995365152,"LZDH-NFR","Male"
"9HRG-JDL",52995365153,"LD9C-ZGZ","Female"
"GVR7-Q43",52995365160,"G64V-C8T","Male"
"GVR7-Q43",52995365161,"GZ6F-QDM","Female"
"L2DV-WS5",52995365162,"KH35-NFB","Male"
"L2DV-WS5",52995365163,"H4ND-8VF","Female"
"LZK3-LK2",52995365220,"GMMD-GH5","Male"
"LZK3-LK2",52995365221,"G2PL-CYW","Female"
"G6DZ-JKF",52995365224,"GZRV-Z69","Male"
"G6DZ-JKF",52995365225,"G6DZ-KHR","Female"
"GZ8X-GV2",52995365228,"GFK3-MS7","Male"
"GZ8X-GV2",52995365229,"GFPT-WGM","Female"
"G6ZP-B73",52995365230,"LH3L-KQH","Male"
"G6ZP-B73",52995365231,"G692-MWD","Female"
"LCJD-VX6",52995365232,"9ZCB-DSC","Male"
"LCJD-VX6",52995365233,"GG1G-KG2","Female"
"LD9R-RKH",52995365234,"LD9R-RYR","Male"
"LD9R-RKH",52995365235,"M15L-V4Q","Female"
"9WMP-NNQ",52995365236,"99PT-NTZ","Male"
"9WMP-NNQ",52995365237,"G98Z-6RZ","Female"
"945D-J9Y",52995365238,"LZ9M-HWG","Male"
"945D-J9Y",52995365239,"9M85-YGM","Female"
"GZ8X-GV2",52995365240,"GFK3-MS7","Male"
"GZ8X-GV2",52995365241,"GFPT-WGM","Female"
"G6ZP-B73",52995365242,"LH3L-KQH","Male"
"G6ZP-B73",52995365243,"G692-MWD","Female"
"LZGK-GZB",52995365264,"LZ8D-9DK","Male"
"LZGK-GZB",52995365265,"GK9J-9XB","Female"
"LDSQ-F68",52995365266,"9CCG-XPQ","Male"
"LDSQ-F68",52995365267,"GFQJ-6W3","Female"
"GVB8-9XY",52995365314,"GLVQ-WXX","Male"
"GVB8-9XY",52995365315,"GG11-XXC","Female"
"GLFD-7MD",52995365328,"GMMD-GH5","Male"
"GLFD-7MD",52995365329,"LBK1-86P","Female"
"GGFH-MVX",52995365330,"LCJD-VX6","Male"
"GGFH-MVX",52995365331,"LD9R-RKH","Female"
"9HTX-2CD",52995365332,"9HRG-JDL","Male"
"9HTX-2CD",52995365333,"LDH1-G9D","Female"
"GLFD-7MD",52995365336,"GMMD-GH5","Male"
"GLFD-7MD",52995365337,"LBK1-86P","Female"
"GGFH-MVX",52995365338,"LCJD-VX6","Male"
"GGFH-MVX",52995365339,"LD9R-RKH","Female"
"G6H3-12T",52995365344,"G6HR-WX7","Male"
"GD7W-BDW",52995365348,"GFQQ-MZV","Male"
"GD7W-BDW",52995365349,"G2MY-3QK","Female"
"KNW5-CM9",52995365360,"LVMF-2YH","Male"
"KNW5-CM9",52995365361,"GH4Y-2HC","Female"
"LCRM-5HJ",52995365362,"LCQX-XJS","Male"
"LCRM-5HJ",52995365363,"L78P-85J","Female"
"LHW9-VZ4",52995365364,"L1MT-HC1","Male"
"LHW9-VZ4",52995365365,"GVGZ-DCK","Female"
"GGWF-VYW",52995365368,"GGWF-6J3","Male"
"GLZW-7GF",52995365376,"LZNY-FF7","Male"
"GLZW-7GF",52995365377,"GPMD-KTY","Female"
"GVSG-X5N",52995365378,"GLZW-7HZ","Male"
"GVSG-X5N",52995365379,"GQFV-K7Q","Female"
"G2RH-ZJB",52995365384,"LTT6-YJQ","Male"
"G2RH-ZJB",52995365385,"GV8X-JR1","Female"
"GQRR-BP3",52995365388,"GFXP-YYF","Male"
"GQRR-BP3",52995365389,"GX9B-8M2","Female"
"9HTX-2CD",52995365392,"9HRG-JDL","Male"
"9HTX-2CD",52995365393,"LDH1-G9D","Female"
"G39Q-HBK",52995365394,"KX2S-NWF","Male"
"G39Q-HBK",52995365395,"L7GV-KKS","Female"
"LZGK-GZB",52995365396,"LZ8D-9DK","Male"
"LZGK-GZB",52995365397,"GK9J-9XB","Female"
"MXKR-J9R",52995365398,"9QZD-J5R","Male"
"MXKR-J9R",52995365399,"L18P-6ZG","Female"
"LD9R-RYR",52995365400,"LCRR-KM2","Male"
"LD9R-RYR",52995365401,"LDW5-JN2","Female"
"M15L-V4Q",52995365402,"LD9Y-C7T","Male"
"M15L-V4Q",52995365403,"LD9Y-CW9","Female"
"L133-HLP",52995365404,"94T6-749","Male"
"L133-HLP",52995365405,"GLLC-968","Female"
"KH8N-T92",52995365406,"L1DW-Q5N","Male"
"KH8N-T92",52995365407,"2781-6PP","Female"
"GL9M-YXL",52995365410,"GKZG-KWQ","Male"
"GL9M-YXL",52995365411,"GGTN-692","Female"
"GG5W-TJ1",52995365432,"GGB9-4CK","Male"
"GG5W-TJ1",52995365433,"9MTF-W16","Female"
"LZ19-924",52995365436,"LZF6-M94","Male"
"LZ19-924",52995365437,"GWW8-LWR","Female"
"9HTX-2CD",52995365504,"9HRG-JDL","Male"
"9HTX-2CD",52995365505,"LDH1-G9D","Female"
"G39Q-HBK",52995365506,"KX2S-NWF","Male"
"G39Q-HBK",52995365507,"L7GV-KKS","Female"
"LZGK-GZB",52995365508,"LZ8D-9DK","Male"
"LZGK-GZB",52995365509,"GK9J-9XB","Female"
"MXKR-J9R",52995365510,"9QZD-J5R","Male"
"MXKR-J9R",52995365511,"L18P-6ZG","Female"
"GG5W-TJ1",52995365512,"GGB9-4CK","Male"
"GG5W-TJ1",52995365513,"9MTF-W16","Female"
"LZ19-924",52995365516,"LZF6-M94","Male"
"LZ19-924",52995365517,"GWW8-LWR","Female"
"LD95-VVH",52995365520,"LD97-4RG","Male"
"LD95-VVH",52995365521,"LDSS-BYY","Female"
"99SD-Z4Q",52995365522,"L8RR-S6X","Male"
"99SD-Z4Q",52995365523,"L8RR-S6J","Female"
"MBGG-7NP",52995365524,"LZ9M-HWG","Male"
"MBGG-7NP",52995365525,"9M85-YGM","Female"
"LD9R-SHL",52995365526,"21JJ-KNR","Male"
"LD9R-SHL",52995365527,"GZL8-6WN","Female"
"LD9R-RYR",52995365528,"LCRR-KM2","Male"
"LD9R-RYR",52995365529,"LDW5-JN2","Female"
"M15L-V4Q",52995365530,"LD9Y-C7T","Male"
"M15L-V4Q",52995365531,"LD9Y-CW9","Female"
"L133-HLP",52995365532,"94T6-749","Male"
"L133-HLP",52995365533,"GLLC-968","Female"
"KH8N-T92",52995365534,"L1DW-Q5N","Male"
"KH8N-T92",52995365535,"2781-6PP","Female"
"GW2T-YH6",52995365600,"GJ47-K7B","Male"
"GW2T-YH6",52995365601,"G68T-8ZP","Female"
"GX5P-L6M",52995365602,"GL7J-6P6","Male"
"GX5P-L6M",52995365603,"GL7J-VSQ","Female"
"GGT6-1Q1",52995365606,"LZXX-FT2","Male"
"GGT6-1Q1",52995365607,"KLXB-KTC","Female"
"L187-NYR",52995365616,"G9FS-BL2","Male"
"L187-NYR",52995365617,"GCSS-S7B","Female"
"9WQY-MZT",52995365618,"LTGB-3SJ","Male"
"9WQY-MZT",52995365619,"GGNP-Y62","Female"
"9W7P-G88",52995365632,"L8YG-8PB","Male"
"9W7P-G88",52995365633,"G7B5-SX2","Female"
"GLB2-PPV",52995365634,"9H4X-GTQ","Male"
"GLB2-PPV",52995365635,"9C44-MQP","Female"
"GSWG-NZ1",52995365636,"L4Q5-T4F","Male"
"GSWG-NZ1",52995365637,"GCMX-ZBY","Female"
"GZHK-WCQ",52995365638,"L4Q5-T4F","Male"
"GZHK-WCQ",52995365639,"GCMX-ZBY","Female"
"9HRG-JDL",52995365664,"LZDH-NFR","Male"
"9HRG-JDL",52995365665,"LD9C-ZGZ","Female"
"94NF-4HS",52995365704,"LV8D-MTY","Male"
"94NF-4HS",52995365705,"GNJG-3Y2","Female"
"L1ZM-J6S",52995365706,"9CXC-BT8","Male"
"L1ZM-J6S",52995365707,"L8MP-T1Y","Female"
"GWLB-P8V",52995365708,"G4T8-TCQ","Male"
"GWLB-P8V",52995365709,"LRS4-5JG","Female"
"L5LL-BRL",52995365728,"94NF-4HS","Male"
"L5LL-BRL",52995365729,"L1ZM-J6S","Female"
"GZ4M-H94",52995365730,"GWLB-P8V","Male"
"GZ4M-H94",52995365731,"GWLB-K5R","Female"
"GFZ2-JTZ",52995365740,"GDN4-FTQ","Male"
"GJJS-51N",52995365744,"9HTX-2CD","Male"
"GJJS-51N",52995365745,"GGPB-68K","Female"
"G8WB-7SG",52995365752,"LY43-RHM","Male"
"LBKM-2H9",52995365760,"M6CX-71W","Male"
"LBKM-2H9",52995365761,"M6CX-7YW","Female"
"LBDY-3J8",52995365762,"MNGL-KK4","Male"
"LBDY-3J8",52995365763,"94TJ-T3B","Female"
"MKTV-TMC",52995365768,"GG5X-Q83","Male"
"MKTV-TMC",52995365769,"GG5X-X2N","Female"
"GJ9M-PR2",52995365776,"GQ6F-W6Y","Male"
"GJ9M-PR2",52995365777,"G2N1-2HM","Female"
"LZLG-V3F",52995365780,"L7NG-DRP","Male"
"LZLG-V3F",52995365781,"LYTH-K3C","Female"
"LH6K-2BP",52995365782,"LTT6-YJQ","Male"
"LH6K-2BP",52995365783,"GV8X-JR1","Female"
"LD9R-RYR",52995365792,"LCRR-KM2","Male"
"LD9R-RYR",52995365793,"LDW5-JN2","Female"
"M15L-V4Q",52995365794,"LD9Y-C7T","Male"
"M15L-V4Q",52995365795,"LD9Y-CW9","Female"
"L133-HLP",52995365796,"94T6-749","Male"
"L133-HLP",52995365797,"GLLC-968","Female"
"KH8N-T92",52995365798,"L1DW-Q5N","Male"
"KH8N-T92",52995365799,"2781-6PP","Female"
"L8BY-3VJ",52995365800,"L8YY-PP2","Male"
"L8BY-3VJ",52995365801,"LT5Z-556","Female"
"94BP-X4Z",52995365802,"LBGF-H83","Male"
"94BP-X4Z",52995365803,"LZ56-WY6","Female"
"L8YY-5HK",52995365804,"9CXC-B7Y","Male"
"L8YY-5HK",52995365805,"LZBY-TS8","Female"
"L8WB-D2Z",52995365806,"GK9Q-S8F","Male"
"L8WB-D2Z",52995365807,"GK85-LHZ","Female"
"L8YY-PD5",52995365808,"L8YY-PZ9","Male"
"L8YY-PD5",52995365809,"9H65-XXK","Female"
"MBV2-T1M",52995365810,"GVD8-XBR","Male"
"MBV2-T1M",52995365811,"GVD8-NJ7","Female"
"GKZZ-K49",52995365812,"GGZQ-BP3","Male"
"GKZZ-K49",52995365813,"GHNF-BYC","Female"
"GL6R-9XP",52995365814,"GG38-D9W","Male"
"GL6R-9XP",52995365815,"GN8V-37D","Female"
"KJP2-TBR",52995365816,"LZLG-V3F","Male"
"KJP2-TBR",52995365817,"LH6K-2BP","Female"
"GFN3-DQ5",52995365818,"GJYM-TGG","Male"
"GFN3-DQ5",52995365819,"LBPM-PVV","Female"
"GQ59-8LX",52995365820,"GQMM-WCR","Male"
"GQ59-8LX",52995365821,"G29Z-H7W","Female"
"GSCJ-Z9D",52995365822,"LYS6-FRB","Male"
"GSCJ-Z9D",52995365823,"L1JY-KRP","Female"
"GN8G-MT7",52995365832,"GJMV-L5G","Male"
"GN8G-MT7",52995365833,"GSP6-P1B","Female"
"L8TJ-5XS",52995365840,"KX2S-NWF","Male"
"L8TJ-5XS",52995365841,"L7GV-KKS","Female"
"LJG4-5YW",52995365844,"GGKW-M5B","Male"
"LJG4-5YW",52995365845,"LDH1-G9D","Female"
"G7YH-3GJ",52995365848,"GV4P-VY5","Male"
"G7YH-3GJ",52995365849,"GGJD-JSR","Female"
"GC45-DB8",52995365850,"GZRK-SFB","Male"
"GC45-DB8",52995365851,"GVSP-WS2","Female"
"L8G7-VLJ",52995375108,"G6M3-MQD","Male"
"L8G7-VLJ",52995375109,"L55C-KWX","Female"
"GMJC-5J9",52995375110,"GQNT-J2X","Male"
"GMJC-5J9",52995375111,"L557-MVW","Female"
"LB8M-L15",52995375112,"G2ZK-91W","Male"
"LB8M-L15",52995375113,"GF6N-BW8","Female"
"LDB4-489",52995375114,"L134-D1P","Male"
"LDB4-489",52995375115,"L8YY-R1N","Female"
"G8Q2-RWD",52995375136,"G8ML-NVR","Male"
"G8Q2-RWD",52995375137,"G66P-HZY","Female"
"GGCZ-4CG",52995375161,"GGCZ-36G","Female"
"GLJW-P89",52995375488,"GGPY-BGH","Male"
"GLJW-P89",52995375489,"GGPY-RFM","Female"
"G6LT-J5Y",52995375512,"LC3F-X4D","Male"
"G6LT-J5Y",52995375513,"GPMZ-2FZ","Female"
"GKJY-GMV",52995375562,"GGWF-VYW","Male"
"GKJY-GMV",52995375563,"GGTM-B2D","Female"
"G67W-G57",52995375572,"MKTV-TMC","Male"
"G67W-G57",52995375573,"G67G-YFC","Female"
"G3J9-6J7",52995378240,"GWSQ-J69","Male"
"G3TV-LBZ",52995378242,"G84T-ZQQ","Male"
"G3TV-LBZ",52995378243,"GGF9-RLY","Female"
"L21Y-H6W",52995378244,"LL4Q-4LK","Male"
"L21Y-H6W",52995378245,"GS6B-63C","Female"
"LRW8-HDK",52995378248,"G84T-ZQQ","Male"
"LRW8-HDK",52995378249,"GM64-N8T","Female"
"GG7X-L3P",52995378250,"GSWP-DFJ","Male"
"GG7X-L3P",52995378251,"GSWP-FYN","Female"
"G2XY-THH",52995378252,"GLHT-FHD","Male"
"G2XY-THH",52995378253,"GLHY-4X4","Female"
"G6V3-NYN",52995378256,"GZ14-1TZ","Male"
"G6V3-NYN",52995378257,"GGGK-FST","Female"
"G21J-LYT",52995378258,"LHPX-FHD","Male"
"G21J-LYT",52995378259,"GHV2-TM4","Female"
"GMSP-9XR",52995379328,"L2H4-9QX","Male"
"GMSP-9XR",52995379329,"GVD1-N5F","Female"
"KLXB-6QR",52995379330,"GQP1-CYV","Male"
"KLXB-6QR",52995379331,"GS8P-Y7X","Female"
"LBBB-4XS",52995379332,"KT4G-S84","Male"
"LBBB-4XS",52995379333,"GG1G-YJM","Female"
"LDHS-6S3",52995379334,"9H6Q-VVW","Male"
"LDHS-6S3",52995379335,"932C-Q9B","Female"
"L8TY-B3W",52995379336,"LYX6-GC4","Male"
"L8TY-B3W",52995379337,"L8YB-MPN","Female"
"LDSH-3GG",52995379338,"L811-5PV","Male"
"LDSH-3GG",52995379339,"K8CL-3R6","Female"
"9S9W-MPL",52995379340,"LCDM-9D5","Male"
"9S9W-MPL",52995379341,"MT39-VLW","Female"
"KFX1-BZD",52995379342,"9C72-WGJ","Male"
"KFX1-BZD",52995379343,"9CZV-2KJ","Female"
"9CHW-MJN",52995379344,"9CHW-MVL","Male"
"9CHW-MJN",52995379345,"G8XP-N4Q","Female"
"GST8-ZH8",52995379346,"GDNC-BN3","Male"
"GST8-ZH8",52995379347,"GKGT-7M6","Female"
"GZNQ-R1Z",52995379348,"GDZW-D1G","Male"
"GZNQ-R1Z",52995379349,"GX75-XG9","Female"
"GD2P-T72",52995379352,"GSBT-B2J","Male"
"GD2P-T72",52995379353,"G65Z-HRD","Female"
"LDW2-1TJ",52995379360,"GQP1-CYV","Male"
"LDW2-1TJ",52995379361,"GS8P-Y7X","Female"
"GHRD-YKD",52995379362,"LDS9-5FD","Male"
"GHRD-YKD",52995379363,"GX7W-WQR","Female"
"G2L1-91V",52995379384,"KHNG-6MS","Male"
"G2L1-91V",52995379385,"M2GQ-S3D","Female"
"GN4N-97Q",52995379388,"GXNZ-5SF","Male"
"GN4N-97Q",52995379389,"GHHF-3XS","Female"
"9HRG-JDL",52995379392,"LZDH-NFR","Male"
"9HRG-JDL",52995379393,"LD9C-ZGZ","Female"
"LZ8D-9DK",52995379400,"MW4S-HPZ","Male"
"LZ8D-9DK",52995379401,"GGYL-CGH","Female"
"9QZD-J5R",52995379404,"L1DW-Q5N","Male"
"9QZD-J5R",52995379405,"2781-6PP","Female"
"L18P-6ZG",52995379406,"G36D-72Y","Male"
"L18P-6ZG",52995379407,"L18F-8KW","Female"
"GGB9-4CK",52995379408,"L7N5-6KK","Male"
"GGB9-4CK",52995379409,"L87C-W52","Female"
"9MTF-W16",52995379410,"LZXX-FT2","Male"
"9MTF-W16",52995379411,"GNN8-QJH","Female"
"LZF6-M94",52995379416,"KGSQ-35V","Male"
"LZF6-M94",52995379417,"GKZQ-S2R","Female"
"GWW8-LWR",52995379418,"9ZHZ-89Q","Male"
"GWW8-LWR",52995379419,"G8L4-56J","Female"
"LD97-4RG",52995379424,"LZ1T-YG5","Male"
"LD97-4RG",52995379425,"LZZF-5Z1","Female"
"LDSS-BYY",52995379426,"99PY-ZDF","Male"
"LDSS-BYY",52995379427,"LD97-C7T","Female"
"L8RR-S6X",52995379428,"LYCT-Y9Q","Male"
"L8RR-S6X",52995379429,"L142-WBW","Female"
"L8RR-S6J",52995379430,"K6WN-292","Male"
"L8RR-S6J",52995379431,"2NBQ-VZ5","Female"
"LZ9M-HWG",52995379432,"LZPK-P7H","Male"
"LZ9M-HWG",52995379433,"GN4S-LXY","Female"
"9M85-YGM",52995379434,"L8YY-PH5","Male"
"9M85-YGM",52995379435,"KFX1-BZD","Female"
"21JJ-KNR",52995379436,"GX7F-1V3","Male"
"21JJ-KNR",52995379437,"L179-W5T","Female"
"GZL8-6WN",52995379438,"LZPK-K9R","Male"
"GZL8-6WN",52995379439,"GMNF-CHM","Female"
"LCRR-KM2",52995379440,"9H6Q-VVW","Male"
"LCRR-KM2",52995379441,"9HPT-832","Female"
"LDW5-JN2",52995379442,"9C72-WGJ","Male"
"LDW5-JN2",52995379443,"9CZV-2KJ","Female"
"LD9Y-C7T",52995379444,"9SJP-9TN","Male"
"LD9Y-C7T",52995379445,"LVDV-KPT","Female"
"LD9Y-CW9",52995379446,"LZDH-NFR","Male"
"LD9Y-CW9",52995379447,"LD9C-ZGZ","Female"
"94T6-749",52995379448,"GKZ8-PM1","Male"
"94T6-749",52995379449,"GMXZ-2CC","Female"
"GLLC-968",52995379450,"G8K3-VQ8","Male"
"GLLC-968",52995379451,"G9TH-6YX","Female"
"L1DW-Q5N",52995379452,"LY5W-N6P","Male"
"L1DW-Q5N",52995379453,"LHWS-BFW","Female"
"2781-6PP",52995379454,"GDB8-4V9","Male"
"2781-6PP",52995379455,"GVZM-RKC","Female"
"MW4S-HPZ",52995379776,"LVST-L96","Male"
"MW4S-HPZ",52995379777,"KN8K-7G6","Female"
"GF59-F78",52995380032,"GS35-LG3","Male"
"GF59-F78",52995380033,"GD5L-FFK","Female"
"GLFD-4JJ",52995380034,"G6RN-N7D","Male"
"GLFD-4JJ",52995380035,"GVBV-B6W","Female"
"L62H-Z9T",52995380036,"LDHS-DWJ","Male"
"GVSP-PVV",52995380038,"G2H3-QFZ","Male"
"GVSP-PVV",52995380039,"G2H3-MGK","Female"
"9ZCB-DSC",52995380040,"LZK3-LK2","Male"
"9ZCB-DSC",52995380041,"M185-RW3","Female"
"GG1G-KG2",52995380042,"GGQV-GX5","Male"
"GG1G-KG2",52995380043,"GJ38-RVP","Female"
"LD9R-RYR",52995380044,"LCRR-KM2","Male"
"LD9R-RYR",52995380045,"LDW5-JN2","Female"
"M15L-V4Q",52995380046,"LD9Y-C7T","Male"
"M15L-V4Q",52995380047,"LD9Y-CW9","Female"
"GF59-F78",52995380064,"GS35-LG3","Male"
"GF59-F78",52995380065,"GD5L-FFK","Female"
"GLFD-4JJ",52995380066,"G6RN-N7D","Male"
"GLFD-4JJ",52995380067,"GVBV-B6W","Female"
"L62H-Z9T",52995380068,"LDHS-DWJ","Male"
"GVSP-PVV",52995380070,"G2H3-QFZ","Male"
"GVSP-PVV",52995380071,"G2H3-MGK","Female"
"9ZCB-DSC",52995380072,"LZK3-LK2","Male"
"9ZCB-DSC",52995380073,"M185-RW3","Female"
"GG1G-KG2",52995380074,"GGQV-GX5","Male"
"GG1G-KG2",52995380075,"GJ38-RVP","Female"
"LD9R-RYR",52995380076,"LCRR-KM2","Male"
"LD9R-RYR",52995380077,"LDW5-JN2","Female"
"M15L-V4Q",52995380078,"LD9Y-C7T","Male"
"M15L-V4Q",52995380079,"LD9Y-CW9","Female"
"GG7D-MRS",52995380160,"GGNM-PGR","Male"
"GG7D-MRS",52995380161,"GG78-1G9","Female"
"L134-D1P",52995380176,"L1YH-R4C","Male"
"L134-D1P",52995380177,"GJ1M-N4H","Female"
"L8YY-R1N",52995380178,"G4ZC-SB2","Male"
"L8YY-R1N",52995380179,"GK1J-BTQ","Female"
"LDQ1-RBN",52995380180,"LDQ1-R1D","Male"
"LDQ1-RBN",52995380181,"G2LB-ZX1","Female"
"LCCZ-SSV",52995380416,"G8SY-N9Z","Male"
"LCCZ-SSV",52995380417,"GPM1-X8J","Female"
"GSC5-SBV",52995380418,"G68S-146","Male"
"GSC5-SBV",52995380419,"G683-SRM","Female"
"G9FS-BL2",52995380420,"L2R6-YZF","Male"
"G9FS-BL2",52995380421,"GGJD-YY4","Female"
"GLZW-7GF",52995380424,"LZNY-FF7","Male"
"GLZW-7GF",52995380425,"GPMD-KTY","Female"
"GVSG-X5N",52995380426,"GLZW-7HZ","Male"
"GVSG-X5N",52995380427,"GQFV-K7Q","Female"
"G8GM-R5T",52995380576,"GJ4G-R4G","Male"
"G8GM-R5T",52995380577,"GW3R-HN5","Female"
"G8YH-W8V",52995380578,"G8YH-P6R","Male"
"G8YH-W8V",52995380579,"GN5D-VYL","Female"
"GQSJ-G4F",52995380580,"GWZ2-F8Q","Male"
"GQSJ-G4F",52995380581,"G4VF-KJG","Female"
"991T-WC7",52995380584,"991T-WC6","Male"
"LDHS-DWJ",52995380592,"LDHS-DF1","Male"
"LDHS-DWJ",52995380593,"LD98-69W","Female"
"G2H3-QFZ",52995380596,"GH41-4SM","Male"
"G2H3-QFZ",52995380597,"G2H3-W7J","Female"
"G2RH-TWL",52995380604,"G2R8-QM3","Male"
"9HRG-JDL",52995380608,"LZDH-NFR","Male"
"9HRG-JDL",52995380609,"LD9C-ZGZ","Female"
"LZ1T-YG5",52995380620,"LDHS-DWJ","Male"
"LZZF-5Z1",52995380622,"LBBB-4XS","Male"
"LZZF-5Z1",52995380623,"LDHS-6S3","Female"
"G6TC-GD8",52995380640,"GFF2-JFR","Male"
"G6TC-GD8",52995380641,"GG69-8N9","Female"
"9HTX-2CD",52995380664,"9HRG-JDL","Male"
"9HTX-2CD",52995380665,"LDH1-G9D","Female"
"G39Q-HBK",52995380666,"KX2S-NWF","Male"
"G39Q-HBK",52995380667,"L7GV-KKS","Female"
"GGJD-LJM",52995380672,"GF59-F78","Male"
"GGJD-LJM",52995380673,"GLFD-4JJ","Female"
"9CHR-8ZW",52995380688,"G69T-DN8","Male"
"9CHR-8ZW",52995380689,"L2W2-2TC","Female"
"G2PK-2PB",52995380692,"G9FS-BL2","Male"
"G2PK-2PB",52995380693,"GGXP-5J3","Female"
"GVXD-YLR",52995380694,"GMMD-GH5","Male"
"GVXD-YLR",52995380695,"LBK1-86P","Female"
"GH2M-VGN",52995380992,"9HT1-YR2","Male"
"GH2M-VGN",52995380993,"G64M-9LR","Female"
"L4Q5-T4F",52995383300,"LDHS-DF1","Male"
"L4Q5-T4F",52995383301,"LD98-69W","Female"
"GCMX-ZBY",52995383302,"GCQ5-GNH","Male"
"GCMX-ZBY",52995383303,"GVVW-M29","Female"
"9CXC-BT8",52995383364,"GMSP-9XR","Male"
"9CXC-BT8",52995383365,"KLXB-6QR","Female"
"L8MP-T1Y",52995383366,"LBBB-4XS","Male"
"L8MP-T1Y",52995383367,"LDHS-6S3","Female"
"GG6D-QHP",52995383424,"GG68-Q8K","Male"
"GG6D-QHP",52995383425,"GGJQ-ZBL","Female"
"LDSK-V77",52995383432,"L8RR-S6X","Male"
"LDSK-V77",52995383433,"L8RR-S6J","Female"
"LDSQ-F68",52995383434,"9CCG-XPQ","Male"
"LDSQ-F68",52995383435,"GFQJ-6W3","Female"
"LB27-YWT",52995383436,"GH7M-QSF","Male"
"LB27-YWT",52995383437,"LYTM-8KB","Female"
"GWZB-NNM",52995383438,"L8YY-PH5","Male"
"GWZB-NNM",52995383439,"KFX1-BZD","Female"
"LCRR-KM2",52995383440,"9H6Q-VVW","Male"
"LCRR-KM2",52995383441,"9HPT-832","Female"
"LDW5-JN2",52995383442,"9C72-WGJ","Male"
"LDW5-JN2",52995383443,"9CZV-2KJ","Female"
"LD9Y-C7T",52995383444,"9SJP-9TN","Male"
"LD9Y-C7T",52995383445,"LVDV-KPT","Female"
"LD9Y-CW9",52995383446,"LZDH-NFR","Male"
"LD9Y-CW9",52995383447,"LD9C-ZGZ","Female"
"94T6-749",52995383448,"GKZ8-PM1","Male"
"94T6-749",52995383449,"GMXZ-2CC","Female"
"GLLC-968",52995383450,"G8K3-VQ8","Male"
"GLLC-968",52995383451,"G9TH-6YX","Female"
"L1DW-Q5N",52995383452,"LY5W-N6P","Male"
"L1DW-Q5N",52995383453,"LHWS-BFW","Female"
"2781-6PP",52995383454,"GDB8-4V9","Male"
"2781-6PP",52995383455,"GVZM-RKC","Female"
"G3MC-8XP",52995383456,"GXBF-VJ2","Male"
"G3MC-8XP",52995383457,"GXBF-JD5","Female"
"G4MG-RFM",52995383458,"GKF1-RH7","Male"
"G4MG-RFM",52995383459,"GKF1-YFJ","Female"
"GPSX-XT1",52995383468,"GPSX-RG2","Male"
"GPSX-XT1",52995383469,"GPSF-8QT","Female"
"GPSX-KP8",52995383470,"GPSF-S9W","Male"
"9CXH-CQ8",52995383480,"MBYB-WDW","Male"
"L8YB-MKM",52995383504,"LDW2-1TJ","Male"
"L8YB-MKM",52995383505,"GHRD-YKD","Female"
"9HRG-JDL",52995383552,"LZDH-NFR","Male"
"9HRG-JDL",52995383553,"LD9C-ZGZ","Female"
"LZ8D-9DK",52995383560,"MW4S-HPZ","Male"
"LZ8D-9DK",52995383561,"GGYL-CGH","Female"
"9QZD-J5R",52995383564,"L1DW-Q5N","Male"
"9QZD-J5R",52995383565,"2781-6PP","Female"
"L18P-6ZG",52995383566,"G36D-72Y","Male"
"L18P-6ZG",52995383567,"L18F-8KW","Female"
"GGB9-4CK",52995383568,"L7N5-6KK","Male"
"GGB9-4CK",52995383569,"L87C-W52","Female"
"9MTF-W16",52995383570,"LZXX-FT2","Male"
"9MTF-W16",52995383571,"GNN8-QJH","Female"
"LZF6-M94",52995383576,"KGSQ-35V","Male"
"LZF6-M94",52995383577,"GKZQ-S2R","Female"
"GWW8-LWR",52995383578,"9ZHZ-89Q","Male"
"GWW8-LWR",52995383579,"G8L4-56J","Female"
"LD97-4RG",52995383584,"LZ1T-YG5","Male"
"LD97-4RG",52995383585,"LZZF-5Z1","Female"
"LDSS-BYY",52995383586,"99PY-ZDF","Male"
"LDSS-BYY",52995383587,"LD97-C7T","Female"
"L8RR-S6X",52995383588,"LYCT-Y9Q","Male"
"L8RR-S6X",52995383589,"L142-WBW","Female"
"L8RR-S6J",52995383590,"K6WN-292","Male"
"L8RR-S6J",52995383591,"2NBQ-VZ5","Female"
"LZ9M-HWG",52995383592,"LZPK-P7H","Male"
"LZ9M-HWG",52995383593,"GN4S-LXY","Female"
"9M85-YGM",52995383594,"L8YY-PH5","Male"
"9M85-YGM",52995383595,"KFX1-BZD","Female"
"21JJ-KNR",52995383596,"GX7F-1V3","Male"
"21JJ-KNR",52995383597,"L179-W5T","Female"
"GZL8-6WN",52995383598,"LZPK-K9R","Male"
"GZL8-6WN",52995383599,"GMNF-CHM","Female"
"LCRR-KM2",52995383600,"9H6Q-VVW","Male"
"LCRR-KM2",52995383601,"9HPT-832","Female"
"LDW5-JN2",52995383602,"9C72-WGJ","Male"
"LDW5-JN2",52995383603,"9CZV-2KJ","Female"
"LD9Y-C7T",52995383604,"9SJP-9TN","Male"
"LD9Y-C7T",52995383605,"LVDV-KPT","Female"
"LD9Y-CW9",52995383606,"LZDH-NFR","Male"
"LD9Y-CW9",52995383607,"LD9C-ZGZ","Female"
"94T6-749",52995383608,"GKZ8-PM1","Male"
"94T6-749",52995383609,"GMXZ-2CC","Female"
"GLLC-968",52995383610,"G8K3-VQ8","Male"
"GLLC-968",52995383611,"G9TH-6YX","Female"
"L1DW-Q5N",52995383612,"LY5W-N6P","Male"
"L1DW-Q5N",52995383613,"LHWS-BFW","Female"
"2781-6PP",52995383614,"GDB8-4V9","Male"
"2781-6PP",52995383615,"GVZM-RKC","Female"
"GKCC-66Q",52995383649,"9Z8X-1VF","Female"
"GKCC-G4J",52995383652,"G4S6-2V8","Male"
"GKCC-G4J",52995383653,"G64M-PSP","Female"
"G3QJ-6P9",52995383654,"GJ28-8RC","Male"
"G8W1-CJS",52995383656,"G7D4-7W8","Male"
"G8W1-CJS",52995383657,"GZ58-VPL","Female"
"GKCC-J1G",52995383658,"LZK3-LK2","Male"
"GKCC-J1G",52995383659,"M185-RW3","Female"
"LZLG-V3F",52995383664,"L7NG-DRP","Male"
"LZLG-V3F",52995383665,"LYTH-K3C","Female"
"LH6K-2BP",52995383666,"LTT6-YJQ","Male"
"LH6K-2BP",52995383667,"GV8X-JR1","Female"
"GJYM-TGG",52995383668,"29H4-2Y1","Male"
"GJYM-TGG",52995383669,"GKZ8-Q9M","Female"
"LBPM-PVV",52995383670,"G8W1-CJS","Male"
"LBPM-PVV",52995383671,"GKCC-J1G","Female"
"GQMM-WCR",52995383672,"GH7M-QSF","Male"
"GQMM-WCR",52995383673,"G4SP-ZYT","Female"
"L1JY-KRP",52995383678,"L1DW-Q5N","Male"
"L1JY-KRP",52995383679,"2781-6PP","Female"
"9HTX-2CD",52995383712,"9HRG-JDL","Male"
"9HTX-2CD",52995383713,"LDH1-G9D","Female"
"LZGK-ZV2",52995383718,"LZ1T-YG5","Male"
"LZGK-ZV2",52995383719,"LZZF-5Z1","Female"
"LDHB-RRD",52995383792,"9HTX-2CD","Male"
"LDHB-RRD",52995383793,"L83J-4S6","Female"
"GKVP-QMK",52995383794,"LDHS-Z3V","Male"
"GKVP-QMK",52995383795,"LZGK-ZV2","Female"
"9HTX-2CD",52995383824,"9HRG-JDL","Male"
"9HTX-2CD",52995383825,"LDH1-G9D","Female"
"GGSH-C4B",52995383984,"GKY7-K5H","Male"
"GGSH-C4B",52995383985,"GNBX-W63","Female"
"L8BM-ZN2",52995383986,"L6NQ-1X6","Male"
"L8BM-ZN2",52995383987,"GDX5-HMR","Female"
"GJJP-9P7",52995383994,"MFHW-5JK","Male"
"GJJP-9P7",52995383995,"MFHW-5VS","Female"
"G9TY-VXY",52995383996,"MFHW-5JK","Male"
"G9TY-VXY",52995383997,"MFHW-5VS","Female"
"G4HJ-NJK",52995383998,"LBLT-J4B","Male"
"G4HJ-NJK",52995383999,"LTPD-H8X","Female"
"GJRY-PHG",52995384000,"G61V-DBW","Male"
"GJRY-PHG",52995384001,"GG77-NCL","Female"
"9S7F-8MW",52995384002,"9CWH-Y74","Male"
"9S7F-8MW",52995384003,"LZK5-8HP","Female"
"GKG8-GMM",52995384008,"GMJ6-WLR","Male"
"L2YT-9F8",52995384010,"G6F3-6KQ","Male"
"L2YT-9F8",52995384011,"L2TT-HX5","Female"
"LJ2H-W3S",52995384012,"GD74-RRH","Male"
"LJ2H-W3S",52995384013,"GJ5M-BKM","Female"
"LZ2S-DKM",52995384014,"28YJ-Z4N","Male"
"LZ2S-DKM",52995384015,"GGGT-9MX","Female"
"9HRG-JDL",52995384128,"LZDH-NFR","Male"
"9HRG-JDL",52995384129,"LD9C-ZGZ","Female"
"LZ1T-YG5",52995384140,"LDHS-DWJ","Male"
"LZZF-5Z1",52995384142,"LBBB-4XS","Male"
"LZZF-5Z1",52995384143,"LDHS-6S3","Female"
"9HTX-2CD",52995384288,"9HRG-JDL","Male"
"9HTX-2CD",52995384289,"LDH1-G9D","Female"
"LZGK-ZV2",52995384294,"LZ1T-YG5","Male"
"LZGK-ZV2",52995384295,"LZZF-5Z1","Female"
"GQ6F-W6Y",52995384320,"GNVY-ZK7","Male"
"GQ6F-W6Y",52995384321,"G8FQ-C38","Female"
"G2N1-2HM",52995384322,"G6P9-41P","Male"
"G2N1-2HM",52995384323,"G2N1-V9H","Female"
"L7NG-DRP",52995384328,"9H5N-BFF","Male"
"L7NG-DRP",52995384329,"GKZ8-4FD","Female"
"LYTH-K3C",52995384330,"G6Q3-JX4","Male"
"LTT6-YJQ",52995384332,"GVBH-MTY","Male"
"9HRG-JDL",52995385088,"LZDH-NFR","Male"
"9HRG-JDL",52995385089,"LD9C-ZGZ","Female"
"LZ8D-9DK",52995385096,"MW4S-HPZ","Male"
"LZ8D-9DK",52995385097,"GGYL-CGH","Female"
"9QZD-J5R",52995385100,"L1DW-Q5N","Male"
"9QZD-J5R",52995385101,"2781-6PP","Female"
"L18P-6ZG",52995385102,"G36D-72Y","Male"
"L18P-6ZG",52995385103,"L18F-8KW","Female"
"GGB9-4CK",52995385104,"L7N5-6KK","Male"
"GGB9-4CK",52995385105,"L87C-W52","Female"
"9MTF-W16",52995385106,"LZXX-FT2","Male"
"9MTF-W16",52995385107,"GNN8-QJH","Female"
"LZF6-M94",52995385112,"KGSQ-35V","Male"
"LZF6-M94",52995385113,"GKZQ-S2R","Female"
"GWW8-LWR",52995385114,"9ZHZ-89Q","Male"
"GWW8-LWR",52995385115,"G8L4-56J","Female"
"LD97-4RG",52995385120,"LZ1T-YG5","Male"
"LD97-4RG",52995385121,"LZZF-5Z1","Female"
"LDSS-BYY",52995385122,"99PY-ZDF","Male"
"LDSS-BYY",52995385123,"LD97-C7T","Female"
"L8RR-S6X",52995385124,"LYCT-Y9Q","Male"
"L8RR-S6X",52995385125,"L142-WBW","Female"
"L8RR-S6J",52995385126,"K6WN-292","Male"
"L8RR-S6J",52995385127,"2NBQ-VZ5","Female"
"LZ9M-HWG",52995385128,"LZPK-P7H","Male"
"LZ9M-HWG",52995385129,"GN4S-LXY","Female"
"9M85-YGM",52995385130,"L8YY-PH5","Male"
"9M85-YGM",52995385131,"KFX1-BZD","Female"
"21JJ-KNR",52995385132,"GX7F-1V3","Male"
"21JJ-KNR",52995385133,"L179-W5T","Female"
"GZL8-6WN",52995385134,"LZPK-K9R","Male"
"GZL8-6WN",52995385135,"GMNF-CHM","Female"
"LCRR-KM2",52995385136,"9H6Q-VVW","Male"
"LCRR-KM2",52995385137,"9HPT-832","Female"
"LDW5-JN2",52995385138,"9C72-WGJ","Male"
"LDW5-JN2",52995385139,"9CZV-2KJ","Female"
"LD9Y-C7T",52995385140,"9SJP-9TN","Male"
"LD9Y-C7T",52995385141,"LVDV-KPT","Female"
"LD9Y-CW9",52995385142,"LZDH-NFR","Male"
"LD9Y-CW9",52995385143,"LD9C-ZGZ","Female"
"94T6-749",52995385144,"GKZ8-PM1","Male"
"94T6-749",52995385145,"GMXZ-2CC","Female"
"GLLC-968",52995385146,"G8K3-VQ8","Male"
"GLLC-968",52995385147,"G9TH-6YX","Female"
"L1DW-Q5N",52995385148,"LY5W-N6P","Male"
"L1DW-Q5N",52995385149,"LHWS-BFW","Female"
"2781-6PP",52995385150,"GDB8-4V9","Male"
"2781-6PP",52995385151,"GVZM-RKC","Female"
"GK3C-9VF",52995385152,"GP94-2Y4","Male"
"G8GM-R5T",52995385440,"GJ4G-R4G","Male"
"G8GM-R5T",52995385441,"GW3R-HN5","Female"
"G8YH-W8V",52995385442,"G8YH-P6R","Male"
"G8YH-W8V",52995385443,"GN5D-VYL","Female"
"GQSJ-G4F",52995385444,"GWZ2-F8Q","Male"
"GQSJ-G4F",52995385445,"G4VF-KJG","Female"
"991T-WC7",52995385448,"991T-WC6","Male"
"LDHS-DWJ",52995385456,"LDHS-DF1","Male"
"LDHS-DWJ",52995385457,"LD98-69W","Female"
"G2H3-QFZ",52995385460,"GH41-4SM","Male"
"G2H3-QFZ",52995385461,"G2H3-W7J","Female"
"G2RH-TWL",52995385468,"G2R8-QM3","Male"
"GGZD-RQR",52995385664,"GGTX-L7Y","Male"
"GGZD-RQR",52995385665,"GGTX-Q2J","Female"
"GL9M-YXL",52995385666,"GKZG-KWQ","Male"
"GL9M-YXL",52995385667,"GGTN-692","Female"
"GV4P-VY5",52995385696,"LCCZ-SSV","Male"
"GV4P-VY5",52995385697,"GSC5-SBV","Female"
"GGJD-JSR",52995385698,"G9FS-BL2","Male"
"GGJD-JSR",52995385699,"GGXP-5J3","Female"
"GZRK-SFB",52995385700,"GLZW-7GF","Male"
"GZRK-SFB",52995385701,"GVSG-X5N","Female"
"GVSP-WS2",52995385702,"G6T6-SZ3","Male"
"GVSP-WS2",52995385703,"GZB1-L61","Female"
"LCJD-VX6",52995385728,"9ZCB-DSC","Male"
"LCJD-VX6",52995385729,"GG1G-KG2","Female"
"LD9R-RKH",52995385730,"LD9R-RYR","Male"
"LD9R-RKH",52995385731,"M15L-V4Q","Female"
"9WMP-NNQ",52995385732,"99PT-NTZ","Male"
"9WMP-NNQ",52995385733,"G98Z-6RZ","Female"
"945D-J9Y",52995385734,"LZ9M-HWG","Male"
"945D-J9Y",52995385735,"9M85-YGM","Female"
"GZ8X-GV2",52995385736,"GFK3-MS7","Male"
"GZ8X-GV2",52995385737,"GFPT-WGM","Female"
"G6ZP-B73",52995385738,"LH3L-KQH","Male"
"G6ZP-B73",52995385739,"G692-MWD","Female"
"9HTX-2CD",52995385744,"9HRG-JDL","Male"
"9HTX-2CD",52995385745,"LDH1-G9D","Female"
"G39Q-HBK",52995385746,"KX2S-NWF","Male"
"G39Q-HBK",52995385747,"L7GV-KKS","Female"
"LZGK-GZB",52995385748,"LZ8D-9DK","Male"
"LZGK-GZB",52995385749,"GK9J-9XB","Female"
"MXKR-J9R",52995385750,"9QZD-J5R","Male"
"MXKR-J9R",52995385751,"L18P-6ZG","Female"
"G215-NYD",52995385760,"GG1F-9LB","Male"
"G215-NYD",52995385761,"GG1X-DGM","Female"
"L8WY-72D",52995386576,"GK25-3JB","Male"
"L8WY-72D",52995386577,"GV4D-MFG","Female"
"LDSS-KBB",52995386580,"GKQ6-ZVV","Male"
"LDSS-KBB",52995386581,"GGQN-PGD","Female"
"LDSS-288",52995386592,"GGKJ-Z1T","Male"
"LDSS-288",52995386593,"KL6C-XQV","Female"
"G6PK-MQW",52995386594,"GD5G-QGN","Male"
"G6PK-MQW",52995386595,"GGJ8-YWG","Female"
"9WMP-NNQ",52995386596,"99PT-NTZ","Male"
"9WMP-NNQ",52995386597,"G98Z-6RZ","Female"
"945D-J9Y",52995386598,"LZ9M-HWG","Male"
"945D-J9Y",52995386599,"9M85-YGM","Female"
"LDSS-26H",52995386600,"9W7P-G88","Male"
"LDSS-26H",52995386601,"GLB2-PPV","Female"
"L6SC-CJF",52995386602,"LZVG-MCV","Male"
"L6SC-CJF",52995386603,"LQR5-6N2","Female"
"LZLQ-664",52995386604,"9S9W-MPL","Male"
"LZLQ-664",52995386605,"KFX1-BZD","Female"
"9HTX-2CD",52995386608,"9HRG-JDL","Male"
"9HTX-2CD",52995386609,"LDH1-G9D","Female"
"G39Q-HBK",52995386610,"KX2S-NWF","Male"
"G39Q-HBK",52995386611,"L7GV-KKS","Female"
"LZGK-GZB",52995386612,"LZ8D-9DK","Male"
"LZGK-GZB",52995386613,"GK9J-9XB","Female"
"MXKR-J9R",52995386614,"9QZD-J5R","Male"
"MXKR-J9R",52995386615,"L18P-6ZG","Female"
"949K-PBH",52995386688,"GGY2-N7M","Male"
"949K-PBH",52995386689,"GGYL-VM8","Female"
"L8RR-4KG",52995386728,"L8WY-72D","Male"
"L8RR-4KG",52995386729,"GZBB-BMJ","Female"
"99QT-MCB",52995386730,"LDSS-KBB","Male"
"99QT-MCB",52995386731,"GLZ3-DZS","Female"
"LDSS-KJ6",52995386736,"LDSS-288","Male"
"LDSS-KJ6",52995386737,"G6PK-MQW","Female"
"L28D-TJH",52995386738,"9WMP-NNQ","Male"
"L28D-TJH",52995386739,"945D-J9Y","Female"
"LYCY-PN6",52995386740,"LDSS-26H","Male"
"LYCY-PN6",52995386741,"L6SC-CJF","Female"
"LDSS-KKV",52995386742,"LZLQ-664","Male"
"LDSS-KKV",52995386743,"GK2Y-MJB","Female"
"KDQW-JTJ",52995386744,"9HTX-2CD","Male"
"KDQW-JTJ",52995386745,"G39Q-HBK","Female"
"LDS9-GGV",52995386746,"LZGK-GZB","Male"
"LDS9-GGV",52995386747,"MXKR-J9R","Female"
"9HTX-2CD",52995386776,"9HRG-JDL","Male"
"9HTX-2CD",52995386777,"LDH1-G9D","Female"
"G39Q-HBK",52995386778,"KX2S-NWF","Male"
"G39Q-HBK",52995386779,"L7GV-KKS","Female"
"LC3F-X4D",52995386800,"G7JG-81Y","Male"
"LC3F-X4D",52995386801,"GPMZ-R62","Female"
"M6CX-71W",52995386881,"LVD6-1DN","Female"
"MNGL-KK4",52995386884,"GGSH-C4B","Male"
"MNGL-KK4",52995386885,"L8BM-ZN2","Female"
"GQ6F-W6Y",52995386912,"GNVY-ZK7","Male"
"GQ6F-W6Y",52995386913,"G8FQ-C38","Female"
"G2N1-2HM",52995386914,"G6P9-41P","Male"
"G2N1-2HM",52995386915,"G2N1-V9H","Female"
"L7NG-DRP",52995386920,"9H5N-BFF","Male"
"L7NG-DRP",52995386921,"GKZ8-4FD","Female"
"LYTH-K3C",52995386922,"G6Q3-JX4","Male"
"LTT6-YJQ",52995386924,"GVBH-MTY","Male"
"LCRR-KM2",52995386944,"9H6Q-VVW","Male"
"LCRR-KM2",52995386945,"9HPT-832","Female"
"LDW5-JN2",52995386946,"9C72-WGJ","Male"
"LDW5-JN2",52995386947,"9CZV-2KJ","Female"
"LD9Y-C7T",52995386948,"9SJP-9TN","Male"
"LD9Y-C7T",52995386949,"LVDV-KPT","Female"
"LD9Y-CW9",52995386950,"LZDH-NFR","Male"
"LD9Y-CW9",52995386951,"LD9C-ZGZ","Female"
"94T6-749",52995386952,"GKZ8-PM1","Male"
"94T6-749",52995386953,"GMXZ-2CC","Female"
"GLLC-968",52995386954,"G8K3-VQ8","Male"
"GLLC-968",52995386955,"G9TH-6YX","Female"
"L1DW-Q5N",52995386956,"LY5W-N6P","Male"
"L1DW-Q5N",52995386957,"LHWS-BFW","Female"
"2781-6PP",52995386958,"GDB8-4V9","Male"
"2781-6PP",52995386959,"GVZM-RKC","Female"
"L8YY-PP2",52995386960,"LCN5-99B","Male"
"L8YY-PP2",52995386961,"LYNX-745","Female"
"LT5Z-556",52995386962,"GS83-FSL","Male"
"LT5Z-556",52995386963,"GL79-7R2","Female"
"LBGF-H83",52995386964,"LRQD-FS2","Male"
"LBGF-H83",52995386965,"L5VF-6MD","Female"
"LZ56-WY6",52995386966,"GJSD-GLT","Male"
"LZ56-WY6",52995386967,"GVMD-TBD","Female"
"9CXC-B7Y",52995386968,"L1WS-BMM","Male"
"9CXC-B7Y",52995386969,"9Z8D-P68","Female"
"LZBY-TS8",52995386970,"LDMN-PWB","Male"
"LZBY-TS8",52995386971,"2NBQ-FP2","Female"
"GK9Q-S8F",52995386972,"L81Y-9GD","Male"
"GK9Q-S8F",52995386973,"LB2S-PWM","Female"
"L8YY-PZ9",52995386976,"LBBB-4XS","Male"
"L8YY-PZ9",52995386977,"LDHS-6S3","Female"
"9H65-XXK",52995386978,"L8YY-PH5","Male"
"9H65-XXK",52995386979,"KFX1-BZD","Female"
"GVD8-NJ7",52995386982,"GPSX-XT1","Male"
"GVD8-NJ7",52995386983,"GPSX-KP8","Female"
"GGZQ-BP3",52995386984,"GZ44-VYR","Male"
"GGZQ-BP3",52995386985,"GKZ8-XPF","Female"
"GHNF-BYC",52995386986,"LTCX-SR2","Male"
"GHNF-BYC",52995386987,"GKZ8-XW3","Female"
"GN8V-37D",52995386990,"LB27-YWT","Male"
"GN8V-37D",52995386991,"GWZB-NNM","Female"
"LZLG-V3F",52995386992,"L7NG-DRP","Male"
"LZLG-V3F",52995386993,"LYTH-K3C","Female"
"LH6K-2BP",52995386994,"LTT6-YJQ","Male"
"LH6K-2BP",52995386995,"GV8X-JR1","Female"
"GJYM-TGG",52995386996,"29H4-2Y1","Male"
"GJYM-TGG",52995386997,"GKZ8-Q9M","Female"
"LBPM-PVV",52995386998,"G8W1-CJS","Male"
"LBPM-PVV",52995386999,"GKCC-J1G","Female"
"GQMM-WCR",52995387000,"GH7M-QSF","Male"
"GQMM-WCR",52995387001,"G4SP-ZYT","Female"
"L1JY-KRP",52995387006,"L1DW-Q5N","Male"
"L1JY-KRP",52995387007,"2781-6PP","Female"
"GJMV-L5G",52995387024,"GV4D-MPR","Male"
"GJMV-L5G",52995387025,"LTXK-RJK","Female"
"GV4P-VY5",52995387056,"LCCZ-SSV","Male"
"GV4P-VY5",52995387057,"GSC5-SBV","Female"
"GGJD-JSR",52995387058,"G9FS-BL2","Male"
"GGJD-JSR",52995387059,"GGXP-5J3","Female"
"GZRK-SFB",52995387060,"GLZW-7GF","Male"
"GZRK-SFB",52995387061,"GVSG-X5N","Female"
"GVSP-WS2",52995387062,"G6T6-SZ3","Male"
"GVSP-WS2",52995387063,"GZB1-L61","Female"
"G7T1-72X",52995387264,"GWWB-19S","Male"
"G7T1-72X",52995387265,"GWWB-RZX","Female"
"G7TB-YKK",52995387266,"GDB8-4V9","Male"
"G7TB-YKK",52995387267,"K863-NHG","Female"
"GX7C-LRS",52995387268,"9W7P-G88","Male"
"GX7C-LRS",52995387269,"GLB2-PPV","Female"
"GN1M-ZZK",52995387270,"GSWG-NZ1","Male"
"GN1M-ZZK",52995387271,"GZHK-WCQ","Female"
"L2Y1-PH3",52995387296,"G8FB-NFD","Male"
"L2Y1-PH3",52995387297,"G8FB-JXN","Female"
"GJMD-YMZ",52995387308,"GZ8S-NCB","Male"
"G6YJ-SZ6",52995387310,"LDM1-CGG","Male"
"G6YJ-SZ6",52995387311,"LYSP-1D9","Female"
"G3Y4-FLK",52995387392,"M8RK-75X","Male"
"G3Y4-FLK",52995387393,"GGN2-ZNH","Female"
"L2RQ-6PC",52995387440,"GJ71-1Y4","Male"
"L2RQ-6PC",52995387441,"GPMM-V9L","Female"
"9CZM-R52",52995387442,"L8W6-4HY","Male"
"9CZM-R52",52995387443,"GF3N-C9M","Female"
"LDHS-886",52995387444,"GL33-CPX","Male"
"LDHS-886",52995387445,"L2TM-RH9","Female"
"LDHS-86Y",52995387446,"LY6L-4Q3","Male"
"LDHS-86Y",52995387447,"LCRZ-WLB","Female"
"GGPW-WF1",52995387448,"GGP4-QSW","Male"
"GS35-LG3",52995387536,"GHXC-QCT","Male"
"GS35-LG3",52995387537,"GSQR-X2X","Female"
"GD5L-FFK",52995387538,"GLFH-37J","Male"
"GD5L-FFK",52995387539,"GVQ4-RDZ","Female"
"G6RN-N7D",52995387540,"GLFH-37J","Male"
"G6RN-N7D",52995387541,"GVQ4-RDZ","Female"
"GVBV-B6W",52995387542,"G66M-5XM","Male"
"GVBV-B6W",52995387543,"GN45-FFT","Female"
"LDHS-DWJ",52995387544,"LDHS-DF1","Male"
"LDHS-DWJ",52995387545,"LD98-69W","Female"
"G2H3-QFZ",52995387548,"GH41-4SM","Male"
"G2H3-QFZ",52995387549,"G2H3-W7J","Female"
"LZK3-LK2",52995387648,"GMMD-GH5","Male"
"LZK3-LK2",52995387649,"G2PL-CYW","Female"
"GGQV-GX5",52995387652,"GGQK-TT3","Male"
"GGQV-GX5",52995387653,"G6TP-J4Z","Female"
"LCRR-KM2",52995387656,"9H6Q-VVW","Male"
"LCRR-KM2",52995387657,"9HPT-832","Female"
"LDW5-JN2",52995387658,"9C72-WGJ","Male"
"LDW5-JN2",52995387659,"9CZV-2KJ","Female"
"LD9Y-C7T",52995387660,"9SJP-9TN","Male"
"LD9Y-C7T",52995387661,"LVDV-KPT","Female"
"LD9Y-CW9",52995387662,"LZDH-NFR","Male"
"LD9Y-CW9",52995387663,"LD9C-ZGZ","Female"
"L1PB-VYC",52995387664,"GKZZ-J71","Male"
"L1PB-VYC",52995387665,"GKZZ-D7Q","Female"
"GWQL-BY7",52995387666,"G2CJ-3PD","Male"
"LZ1T-YG5",52995387668,"LDHS-DWJ","Male"
"LZZF-5Z1",52995387670,"LBBB-4XS","Male"
"LZZF-5Z1",52995387671,"LDHS-6S3","Female"
"LZPK-P7H",52995387672,"G84G-L58","Male"
"GN4S-LXY",52995387675,"LHTH-XJT","Female"
"L8YY-PH5",52995387676,"L8YG-8PB","Male"
"L8YY-PH5",52995387677,"G7B5-SX2","Female"
"KFX1-BZD",52995387678,"9C72-WGJ","Male"
"KFX1-BZD",52995387679,"9CZV-2KJ","Female"
"GFPT-FJ7",52995387680,"GFPT-L31","Male"
"GFPT-FJ7",52995387681,"GV2P-67R","Female"
"G27J-PL7",52995387695,"GX7F-YKZ","Female"
"G27J-PL7",52995387694,"GZ49-QNV","Male"
"L4SB-2FB",52995387904,"G4RF-LWV","Male"
"L4SB-2FB",52995387905,"LDHS-8VY","Female"
"LDHS-6CV",52995387906,"9CWV-CP1","Male"
"LDHS-6CV",52995387907,"LHDC-1GX","Female"
"KT4G-S84",52995387908,"LCZN-T6T","Male"
"KT4G-S84",52995387909,"LDR6-HYY","Female"
"L4HF-2RY",52995387912,"LC58-L2Q","Male"
"L4HF-2RY",52995387913,"LC58-LGY","Female"
"L8TG-1DR",52995387914,"LD34-V6D","Male"
"L8TG-1DR",52995387915,"L8MS-M3H","Female"
"9HP6-RVT",52995387920,"LBQB-VWT","Male"
"9HP6-RVT",52995387921,"L2R4-SDF","Female"
"K6WN-292",52995387936,"LD9Y-G1J","Male"
"K6WN-292",52995387937,"LYZB-L4Y","Female"
"2NBQ-VZ5",52995387938,"9H4X-GTQ","Male"
"2NBQ-VZ5",52995387939,"GG28-2WH","Female"
"G231-B8V",52995387940,"GVNP-ZYN","Male"
"G231-B8V",52995387941,"GVNP-XK1","Female"
"LY6V-924",52995387942,"9KZ2-PL4","Male"
"LY6V-924",52995387943,"G8WY-Y15","Female"
"99Y7-Y7P",52995387944,"9KZ2-PL4","Male"
"99Y7-Y7P",52995387945,"G8WY-Y15","Female"
"L8YR-PKK",52995387946,"L5P9-K8Y","Male"
"L8YR-PKK",52995387947,"L5VF-CSX","Female"
"GZRF-9R1",52995387948,"9H4X-GTQ","Male"
"GZRF-9R1",52995387949,"9CZK-LFP","Female"
"G8WY-DDP",52995387950,"LD9Y-G1J","Male"
"G8WY-DDP",52995387951,"LYZB-L4Y","Female"
"LBKG-X1C",52995387952,"94YQ-7HG","Male"
"LBKG-X1C",52995387953,"L1S4-GSS","Female"
"LD9Y-GRR",52995387954,"GG7N-XGN","Male"
"LD9Y-GRR",52995387955,"GLGF-5FJ","Female"
"94JG-Z57",52995387956,"9Z45-SCN","Male"
"94JG-Z57",52995387957,"GKZ8-5FK","Female"
"L6PS-XJK",52995387958,"GN4Q-MN6","Male"
"L6PS-XJK",52995387959,"GXMD-Z45","Female"
"9CNQ-DB2",52995387960,"24RD-YF3","Male"
"9CNQ-DB2",52995387961,"GS9T-JHD","Female"
"GG95-H9P",52995387962,"GG1G-9JT","Male"
"GG95-H9P",52995387963,"GG1P-3XZ","Female"
"G6N5-9YG",52995387964,"LDSQ-N44","Male"
"G6N5-9YG",52995387965,"GL5N-65L","Female"
"9CFL-GCC",52995387966,"GG1G-2P3","Male"
"9CFL-GCC",52995387967,"GG1L-RNH","Female"
"GLZ5-ZL3",52995387968,"G691-VM2","Male"
"GLZ5-ZL3",52995387969,"9CHC-X6L","Female"
"L4SB-2FB",52995388000,"G4RF-LWV","Male"
"L4SB-2FB",52995388001,"LDHS-8VY","Female"
"LDHS-6CV",52995388002,"9CWV-CP1","Male"
"LDHS-6CV",52995388003,"LHDC-1GX","Female"
"KT4G-S84",52995388004,"LCZN-T6T","Male"
"KT4G-S84",52995388005,"LDR6-HYY","Female"
"L4HF-2RY",52995388008,"LC58-L2Q","Male"
"L4HF-2RY",52995388009,"LC58-LGY","Female"
"L8TG-1DR",52995388010,"LD34-V6D","Male"
"L8TG-1DR",52995388011,"L8MS-M3H","Female"
"G9XM-M1L",52995388032,"GP9N-L4X","Male"
"G9XM-M1L",52995388033,"GH91-LH3","Female"
"LTV7-LP4",52995388034,"GSSL-RG5","Male"
"LTV7-LP4",52995388035,"GGJB-XRP","Female"
"GQP5-ZM1",52995388036,"GPMV-4DB","Male"
"GQP5-ZM1",52995388037,"GJD5-5KJ","Female"
"9CHR-2H4",52995388040,"KHRR-ZX7","Male"
"9CHR-2H4",52995388041,"93KV-8B7","Female"
"LY7N-CN2",52995388042,"LTY9-ZM8","Male"
"LY7N-CN2",52995388043,"GJMY-4F7","Female"
"GKZ8-PM1",52995388048,"K6WN-292","Male"
"GKZ8-PM1",52995388049,"2NBQ-VZ5","Female"
"GMXZ-2CC",52995388050,"G231-B8V","Male"
"GMXZ-2CC",52995388051,"LY6V-924","Female"
"G8K3-VQ8",52995388052,"99Y7-Y7P","Male"
"G8K3-VQ8",52995388053,"L8YR-PKK","Female"
"G9TH-6YX",52995388054,"GZRF-9R1","Male"
"G9TH-6YX",52995388055,"G8WY-DDP","Female"
"G3C8-YXC",52995388064,"G2H4-C5T","Male"
"G3C8-YXC",52995388065,"GZFR-391","Female"
"9CHR-2H4",52995388072,"KHRR-ZX7","Male"
"9CHR-2H4",52995388073,"93KV-8B7","Female"
"LY7N-CN2",52995388074,"LTY9-ZM8","Male"
"LY7N-CN2",52995388075,"GJMY-4F7","Female"
"LYDQ-TG6",52995388080,"9HM8-J2G","Male"
"LYDQ-TG6",52995388081,"G2SQ-ZHB","Female"
"9HM8-2GK",52995388082,"LY9N-GDL","Male"
"9HM8-2GK",52995388083,"KLYH-481","Female"
"9CHR-2H4",52995388088,"KHRR-ZX7","Male"
"9CHR-2H4",52995388089,"93KV-8B7","Female"
"LY7N-CN2",52995388090,"LTY9-ZM8","Male"
"LY7N-CN2",52995388091,"GJMY-4F7","Female"
"GP9N-L4X",52995388160,"LRS4-FZM","Male"
"GP9N-L4X",52995388161,"GPQ5-L6L","Female"
"GH91-LH3",52995388162,"GPMT-F4C","Male"
"GH91-LH3",52995388163,"GPMT-QP6","Female"
"GPMV-4DB",52995388168,"GSC5-452","Male"
"GPMV-4DB",52995388169,"GSC5-HZ4","Female"
"GJD5-5KJ",52995388170,"GPMK-WW6","Male"
"GJD5-5KJ",52995388171,"GPMV-TYP","Female"
"KHRR-ZX7",52995388176,"LZV8-SKD","Male"
"KHRR-ZX7",52995388177,"LZVP-HRF","Female"
"93KV-8B7",52995388178,"G2HC-Q7J","Male"
"93KV-8B7",52995388179,"L2QW-FYF","Female"
"LTY9-ZM8",52995388180,"GSSL-RG5","Male"
"LTY9-ZM8",52995388181,"GGJB-XRP","Female"
"K6WN-292",52995388192,"LD9Y-G1J","Male"
"K6WN-292",52995388193,"LYZB-L4Y","Female"
"2NBQ-VZ5",52995388194,"9H4X-GTQ","Male"
"2NBQ-VZ5",52995388195,"GG28-2WH","Female"
"G231-B8V",52995388196,"GVNP-ZYN","Male"
"G231-B8V",52995388197,"GVNP-XK1","Female"
"LY6V-924",52995388198,"9KZ2-PL4","Male"
"LY6V-924",52995388199,"G8WY-Y15","Female"
"99Y7-Y7P",52995388200,"9KZ2-PL4","Male"
"99Y7-Y7P",52995388201,"G8WY-Y15","Female"
"L8YR-PKK",52995388202,"L5P9-K8Y","Male"
"L8YR-PKK",52995388203,"L5VF-CSX","Female"
"GZRF-9R1",52995388204,"9H4X-GTQ","Male"
"GZRF-9R1",52995388205,"9CZK-LFP","Female"
"G8WY-DDP",52995388206,"LD9Y-G1J","Male"
"G8WY-DDP",52995388207,"LYZB-L4Y","Female"
"G2H4-C5T",52995388224,"G85W-MZM","Male"
"G2H4-C5T",52995388225,"GZWY-XLW","Female"
"KHRR-ZX7",52995388240,"LZV8-SKD","Male"
"KHRR-ZX7",52995388241,"LZVP-HRF","Female"
"93KV-8B7",52995388242,"G2HC-Q7J","Male"
"93KV-8B7",52995388243,"L2QW-FYF","Female"
"LTY9-ZM8",52995388244,"GSSL-RG5","Male"
"LTY9-ZM8",52995388245,"GGJB-XRP","Female"
"9HM8-J2G",52995388256,"LYDQ-TG6","Male"
"9HM8-J2G",52995388257,"9HM8-2GK","Female"
"LY9N-GDL",52995388260,"9CHR-2H4","Male"
"LY9N-GDL",52995388261,"LY7N-CN2","Female"
"KHRR-ZX7",52995388272,"LZV8-SKD","Male"
"KHRR-ZX7",52995388273,"LZVP-HRF","Female"
"93KV-8B7",52995388274,"G2HC-Q7J","Male"
"93KV-8B7",52995388275,"L2QW-FYF","Female"
"LTY9-ZM8",52995388276,"GSSL-RG5","Male"
"LTY9-ZM8",52995388277,"GGJB-XRP","Female"
"GK25-3JB",52995389856,"LCPY-NG4","Male"
"GV4D-MFG",52995389858,"GP9Z-KVF","Male"
"GKQ6-ZVV",52995389864,"GKQX-ZWW","Male"
"GKQ6-ZVV",52995389865,"GKQX-HSZ","Female"
"GGKJ-Z1T",52995389888,"L62H-Z9T","Male"
"GGKJ-Z1T",52995389889,"GVSP-PVV","Female"
"KL6C-XQV",52995389890,"GKZ8-HXS","Male"
"KL6C-XQV",52995389891,"GKS3-YPX","Female"
"GD5G-QGN",52995389892,"GQKV-84J","Male"
"GD5G-QGN",52995389893,"L1FK-7PV","Female"
"GGJ8-YWG",52995389894,"GMMD-GH5","Male"
"GGJ8-YWG",52995389895,"G2PL-CYW","Female"
"99PT-NTZ",52995389896,"L1PB-VYC","Male"
"99PT-NTZ",52995389897,"GWQL-BY7","Female"
"G98Z-6RZ",52995389898,"LZ1T-YG5","Male"
"G98Z-6RZ",52995389899,"LZZF-5Z1","Female"
"LZ9M-HWG",52995389900,"LZPK-P7H","Male"
"LZ9M-HWG",52995389901,"GN4S-LXY","Female"
"9M85-YGM",52995389902,"L8YY-PH5","Male"
"9M85-YGM",52995389903,"KFX1-BZD","Female"
"9W7P-G88",52995389904,"L8YG-8PB","Male"
"9W7P-G88",52995389905,"G7B5-SX2","Female"
"GLB2-PPV",52995389906,"9H4X-GTQ","Male"
"GLB2-PPV",52995389907,"9C44-MQP","Female"
"LZVG-MCV",52995389908,"LKGC-DK6","Male"
"LZVG-MCV",52995389909,"93DX-FVV","Female"
"9S9W-MPL",52995389912,"LCDM-9D5","Male"
"9S9W-MPL",52995389913,"MT39-VLW","Female"
"KFX1-BZD",52995389914,"9C72-WGJ","Male"
"KFX1-BZD",52995389915,"9CZV-2KJ","Female"
"9HRG-JDL",52995389920,"LZDH-NFR","Male"
"9HRG-JDL",52995389921,"LD9C-ZGZ","Female"
"LZ8D-9DK",52995389928,"MW4S-HPZ","Male"
"LZ8D-9DK",52995389929,"GGYL-CGH","Female"
"9QZD-J5R",52995389932,"L1DW-Q5N","Male"
"9QZD-J5R",52995389933,"2781-6PP","Female"
"L18P-6ZG",52995389934,"G36D-72Y","Male"
"L18P-6ZG",52995389935,"L18F-8KW","Female"
"L8WY-72D",52995390160,"GK25-3JB","Male"
"L8WY-72D",52995390161,"GV4D-MFG","Female"
"LDSS-KBB",52995390164,"GKQ6-ZVV","Male"
"LDSS-KBB",52995390165,"GGQN-PGD","Female"
"LDSS-288",52995390176,"GGKJ-Z1T","Male"
"LDSS-288",52995390177,"KL6C-XQV","Female"
"G6PK-MQW",52995390178,"GD5G-QGN","Male"
"G6PK-MQW",52995390179,"GGJ8-YWG","Female"
"9WMP-NNQ",52995390180,"99PT-NTZ","Male"
"9WMP-NNQ",52995390181,"G98Z-6RZ","Female"
"945D-J9Y",52995390182,"LZ9M-HWG","Male"
"945D-J9Y",52995390183,"9M85-YGM","Female"
"LDSS-26H",52995390184,"9W7P-G88","Male"
"LDSS-26H",52995390185,"GLB2-PPV","Female"
"L6SC-CJF",52995390186,"LZVG-MCV","Male"
"L6SC-CJF",52995390187,"LQR5-6N2","Female"
"LZLQ-664",52995390188,"9S9W-MPL","Male"
"LZLQ-664",52995390189,"KFX1-BZD","Female"
"9HTX-2CD",52995390192,"9HRG-JDL","Male"
"9HTX-2CD",52995390193,"LDH1-G9D","Female"
"G39Q-HBK",52995390194,"KX2S-NWF","Male"
"G39Q-HBK",52995390195,"L7GV-KKS","Female"
"LZGK-GZB",52995390196,"LZ8D-9DK","Male"
"LZGK-GZB",52995390197,"GK9J-9XB","Female"
"MXKR-J9R",52995390198,"9QZD-J5R","Male"
"MXKR-J9R",52995390199,"L18P-6ZG","Female"
"9HRG-JDL",52995390256,"LZDH-NFR","Male"
"9HRG-JDL",52995390257,"LD9C-ZGZ","Female"
"G7JG-81Y",52995390304,"GX9X-WLG","Male"
"G7JG-81Y",52995390305,"GPM8-73R","Female"
"GGSH-C4B",52995390472,"GKY7-K5H","Male"
"GGSH-C4B",52995390473,"GNBX-W63","Female"
"L8BM-ZN2",52995390474,"L6NQ-1X6","Male"
"L8BM-ZN2",52995390475,"GDX5-HMR","Female"
"G8FQ-C38",52995390530,"GGH2-BTN","Male"
"G8FQ-C38",52995390531,"GGSQ-ZP1","Female"
"G6P9-41P",52995390532,"GLJ3-7PY","Male"
"G6P9-41P",52995390533,"GLYS-L22","Female"
"9H5N-BFF",52995390544,"GGVH-7FW","Male"
"9H5N-BFF",52995390545,"G6TP-J4Z","Female"
"GKZ8-4FD",52995390546,"GVV8-W7R","Male"
"GKZ8-4FD",52995390547,"G2N1-V9H","Female"
"G6Q3-JX4",52995390548,"LBKG-X1C","Male"
"G6Q3-JX4",52995390549,"LD9Y-GRR","Female"
"GVBH-MTY",52995390552,"L61S-GV2","Male"
"9H6Q-VVW",52995390592,"L4SB-2FB","Male"
"9H6Q-VVW",52995390593,"LDHS-6CV","Female"
"9HPT-832",52995390594,"KT4G-S84","Male"
"9HPT-832",52995390595,"GLMZ-NCG","Female"
"9C72-WGJ",52995390596,"L4HF-2RY","Male"
"9C72-WGJ",52995390597,"L8TG-1DR","Female"
"9CZV-2KJ",52995390598,"LB2S-FHY","Male"
"9CZV-2KJ",52995390599,"G88G-V6W","Female"
"9SJP-9TN",52995390600,"9HP6-RVT","Male"
"9SJP-9TN",52995390601,"GG16-DL7","Female"
"GKZ8-PM1",52995390608,"K6WN-292","Male"
"GKZ8-PM1",52995390609,"2NBQ-VZ5","Female"
"GMXZ-2CC",52995390610,"G231-B8V","Male"
"GMXZ-2CC",52995390611,"LY6V-924","Female"
