"fid","ascendancy","parent","gender"
"GJGW-QM6",55842560642,"GGL4-859","Male"
"GJGW-QM6",55842560643,"GGL4-6DG","Female"
"LZ19-924",55842560644,"LZF6-M94","Male"
"LZ19-924",55842560645,"GWW8-LWR","Female"
"GL5F-YH1",55842560646,"GGHH-9CK","Male"
"GL5F-YH1",55842560647,"GGHH-4HZ","Female"
"L8RR-4KG",55842560648,"L8WY-72D","Male"
"L8RR-4KG",55842560649,"GZBB-BMJ","Female"
"99QT-MCB",55842560650,"LDSS-KBB","Male"
"99QT-MCB",55842560651,"GLZ3-DZS","Female"
"G792-Y4T",55842560660,"GZ9Q-17G","Male"
"GK5F-4LY",55842560662,"GK5F-8MJ","Male"
"GK5F-4LY",55842560663,"GQ2G-ZP8","Female"
"G7XJ-1LY",55842560768,"L6NQ-1X6","Male"
"G7XJ-1LY",55842560769,"GDX5-HMR","Female"
"LZF6-M94",55842560776,"KGSQ-35V","Male"
"LZF6-M94",55842560777,"GKZQ-S2R","Female"
"GWW8-LWR",55842560778,"9ZHZ-89Q","Male"
"GWW8-LWR",55842560779,"G8L4-56J","Female"
"938W-39J",55842560800,"LCBD-GVR","Male"
"938W-39J",55842560801,"LCB8-2VX","Female"
"9W89-MK6",55842560802,"L8MB-ZF7","Male"
"9W89-MK6",55842560803,"L83F-5Z6","Female"
"LYXW-BQK",55842560804,"G791-PCN","Male"
"L8YY-PP2",55842560816,"LCN5-99B","Male"
"L8YY-PP2",55842560817,"LYNX-745","Female"
"LT5Z-556",55842560818,"GS83-FSL","Male"
"LT5Z-556",55842560819,"GL79-7R2","Female"
"LBGF-H83",55842560820,"LRQD-FS2","Male"
"LBGF-H83",55842560821,"L5VF-6MD","Female"
"LZ56-WY6",55842560822,"GJSD-GLT","Male"
"LZ56-WY6",55842560823,"GVMD-TBD","Female"
"9CXC-B7Y",55842560824,"L1WS-BMM","Male"
"9CXC-B7Y",55842560825,"9Z8D-P68","Female"
"LZBY-TS8",55842560826,"LDMN-PWB","Male"
"LZBY-TS8",55842560827,"2NBQ-FP2","Female"
"GK9Q-S8F",55842560828,"L81Y-9GD","Male"
"GK9Q-S8F",55842560829,"LB2S-PWM","Female"
"L8WY-72D",55842560848,"GK25-3JB","Male"
"L8WY-72D",55842560849,"GV4D-MFG","Female"
"LDSS-KBB",55842560852,"GKQ6-ZVV","Male"
"LDSS-KBB",55842560853,"GGQN-PGD","Female"
"LDSS-288",55842560864,"GGKJ-Z1T","Male"
"LDSS-288",55842560865,"KL6C-XQV","Female"
"G6PK-MQW",55842560866,"GD5G-QGN","Male"
"G6PK-MQW",55842560867,"GGJ8-YWG","Female"
"9WMP-NNQ",55842560868,"99PT-NTZ","Male"
"9WMP-NNQ",55842560869,"G98Z-6RZ","Female"
"945D-J9Y",55842560870,"LZ9M-HWG","Male"
"945D-J9Y",55842560871,"9M85-YGM","Female"
"LDSS-26H",55842560872,"9W7P-G88","Male"
"LDSS-26H",55842560873,"GLB2-PPV","Female"
"L6SC-CJF",55842560874,"LZVG-MCV","Male"
"L6SC-CJF",55842560875,"LQR5-6N2","Female"
"LZLQ-664",55842560876,"9S9W-MPL","Male"
"LZLQ-664",55842560877,"KFX1-BZD","Female"
"9HTX-2CD",55842560880,"9HRG-JDL","Male"
"9HTX-2CD",55842560881,"LDH1-G9D","Female"
"G39Q-HBK",55842560882,"KX2S-NWF","Male"
"G39Q-HBK",55842560883,"L7GV-KKS","Female"
"LZGK-GZB",55842560884,"LZ8D-9DK","Male"
"LZGK-GZB",55842560885,"GK9J-9XB","Female"
"MXKR-J9R",55842560886,"9QZD-J5R","Male"
"MXKR-J9R",55842560887,"L18P-6ZG","Female"
"GLBB-B7J",55842560896,"GQZM-VZS","Male"
"GKY2-HZS",55842560898,"G2CX-F3P","Male"
"GKY2-HZS",55842560899,"G2CX-M5V","Female"
"GMWX-WW1",55842560904,"GQZM-VZS","Male"
"LCRR-KM2",55842560960,"9H6Q-VVW","Male"
"LCRR-KM2",55842560961,"9HPT-832","Female"
"LDW5-JN2",55842560962,"9C72-WGJ","Male"
"LDW5-JN2",55842560963,"9CZV-2KJ","Female"
"LD9Y-C7T",55842560964,"9SJP-9TN","Male"
"LD9Y-C7T",55842560965,"LVDV-KPT","Female"
"LD9Y-CW9",55842560966,"LZDH-NFR","Male"
"LD9Y-CW9",55842560967,"LD9C-ZGZ","Female"
"94T6-749",55842560968,"GKZ8-PM1","Male"
"94T6-749",55842560969,"GMXZ-2CC","Female"
"GLLC-968",55842560970,"G8K3-VQ8","Male"
"GLLC-968",55842560971,"G9TH-6YX","Female"
"L1DW-Q5N",55842560972,"LY5W-N6P","Male"
"L1DW-Q5N",55842560973,"LHWS-BFW","Female"
"2781-6PP",55842560974,"GDB8-4V9","Male"
"2781-6PP",55842560975,"GVZM-RKC","Female"
"L8YY-PP2",55842560976,"LCN5-99B","Male"
"L8YY-PP2",55842560977,"LYNX-745","Female"
"LT5Z-556",55842560978,"GS83-FSL","Male"
"LT5Z-556",55842560979,"GL79-7R2","Female"
"LBGF-H83",55842560980,"LRQD-FS2","Male"
"LBGF-H83",55842560981,"L5VF-6MD","Female"
"LZ56-WY6",55842560982,"GJSD-GLT","Male"
"LZ56-WY6",55842560983,"GVMD-TBD","Female"
"9CXC-B7Y",55842560984,"L1WS-BMM","Male"
"9CXC-B7Y",55842560985,"9Z8D-P68","Female"
"LZBY-TS8",55842560986,"LDMN-PWB","Male"
"LZBY-TS8",55842560987,"2NBQ-FP2","Female"
"GK9Q-S8F",55842560988,"L81Y-9GD","Male"
"GK9Q-S8F",55842560989,"LB2S-PWM","Female"
"L8YY-PZ9",55842560992,"LBBB-4XS","Male"
"L8YY-PZ9",55842560993,"LDHS-6S3","Female"
"9H65-XXK",55842560994,"L8YY-PH5","Male"
"9H65-XXK",55842560995,"KFX1-BZD","Female"
"GVD8-NJ7",55842560998,"GPSX-XT1","Male"
"GVD8-NJ7",55842560999,"GPSX-KP8","Female"
"GGZQ-BP3",55842561000,"GZ44-VYR","Male"
"GGZQ-BP3",55842561001,"GKZ8-XPF","Female"
"GHNF-BYC",55842561002,"LTCX-SR2","Male"
"GHNF-BYC",55842561003,"GKZ8-XW3","Female"
"GN8V-37D",55842561006,"LB27-YWT","Male"
"GN8V-37D",55842561007,"GWZB-NNM","Female"
"LZLG-V3F",55842561008,"L7NG-DRP","Male"
"LZLG-V3F",55842561009,"LYTH-K3C","Female"
"LH6K-2BP",55842561010,"LTT6-YJQ","Male"
"LH6K-2BP",55842561011,"GV8X-JR1","Female"
"GJYM-TGG",55842561012,"29H4-2Y1","Male"
"GJYM-TGG",55842561013,"GKZ8-Q9M","Female"
"LBPM-PVV",55842561014,"G8W1-CJS","Male"
"LBPM-PVV",55842561015,"GKCC-J1G","Female"
"GQMM-WCR",55842561016,"GH7M-QSF","Male"
"GQMM-WCR",55842561017,"G4SP-ZYT","Female"
"L1JY-KRP",55842561022,"L1DW-Q5N","Male"
"L1JY-KRP",55842561023,"2781-6PP","Female"
"K6SY-4TP",55842561024,"9HD5-2W8","Male"
"GKB5-QNV",55842561056,"GKB5-H1V","Male"
"2Z31-42G",55842561064,"GLB7-PP6","Male"
"2Z31-42G",55842561065,"2TRD-1QJ","Female"
"GXHR-TN1",55842561066,"GLJZ-HYP","Male"
"GXHR-TN1",55842561067,"GLJC-666","Female"
"LZLB-PJY",55842561072,"LZBR-3W6","Male"
"LZLB-PJY",55842561073,"GDT8-G9X","Female"
"KG7N-78T",55842561080,"LZNF-SCQ","Male"
"KG7N-78T",55842561081,"LQ5C-BBR","Female"
"G9WK-ZB3",55842561084,"L1SL-2HR","Male"
"GHS6-1TP",55842561086,"LZF6-M94","Male"
"GHS6-1TP",55842561087,"L5TT-LG3","Female"
"GGWK-PPB",55842561088,"GGW2-C6R","Male"
"GGWK-PPB",55842561089,"GG4S-L5P","Female"
"G7LK-P3T",55842561096,"G7LK-4WM","Male"
"G7LK-P3T",55842561097,"GW4S-SJK","Female"
"GGWK-PPB",55842561280,"GGW2-C6R","Male"
"GGWK-PPB",55842561281,"GG4S-L5P","Female"
"G7LK-P3T",55842561288,"G7LK-4WM","Male"
"G7LK-P3T",55842561289,"GW4S-SJK","Female"
"GH1Y-JYY",55842561344,"LR3T-3QV","Male"
"GH1Y-JYY",55842561345,"LY8X-J9P","Female"
"KFFD-W9R",55842561360,"G2XB-VJQ","Male"
"KFFD-W9R",55842561361,"GHSV-NM4","Female"
"LDSS-LB3",55842561364,"2RY4-9Z9","Male"
"LDSS-LB3",55842561365,"MNTJ-2LR","Female"
"L5JM-54G",55842561366,"GZ5R-Y9N","Male"
"L5JM-54G",55842561367,"GXDS-K6L","Female"
"L8BY-3VJ",55842561368,"L8YY-PP2","Male"
"L8BY-3VJ",55842561369,"LT5Z-556","Female"
"94BP-X4Z",55842561370,"LBGF-H83","Male"
"94BP-X4Z",55842561371,"LZ56-WY6","Female"
"L8YY-5HK",55842561372,"9CXC-B7Y","Male"
"L8YY-5HK",55842561373,"LZBY-TS8","Female"
"L8WB-D2Z",55842561374,"GK9Q-S8F","Male"
"L8WB-D2Z",55842561375,"GK85-LHZ","Female"
"LD3S-HB7",55842561376,"LZN5-Q53","Male"
"LD3S-HB7",55842561377,"G2XB-DKZ","Female"
"LTYC-DNP",55842561378,"LZ19-924","Male"
"LTYC-DNP",55842561379,"GL5F-YH1","Female"
"LVMH-1XQ",55842561380,"LKDQ-9H8","Male"
"LVMH-1XQ",55842561381,"27P5-QDR","Female"
"9CCJ-FTY",55842561382,"G9JM-FD8","Male"
"9CCJ-FTY",55842561383,"L6ZX-V42","Female"
"K2NJ-ZYG",55842561388,"KF5H-44Z","Male"
"K2NJ-ZYG",55842561389,"9CW5-VNG","Female"
"9CCY-2J4",55842561384,"LFTZ-KSX","Male"
"9CCY-2J4",55842561385,"LD29-51J","Female"
"G21Y-C9F",55842561386,"LTFG-ZR8","Male"
"G21Y-C9F",55842561387,"99HN-W8M","Female"
"LR9B-N7S",55842561396,"LRSM-TWG","Male"
"9HYQ-M4G",55842561408,"G7XJ-1LY","Male"
"9HYQ-M4G",55842561409,"GL2J-F24","Female"
"GJGW-QM6",55842561410,"GGL4-859","Male"
"GJGW-QM6",55842561411,"GGL4-6DG","Female"
"LZ19-924",55842561412,"LZF6-M94","Male"
"LZ19-924",55842561413,"GWW8-LWR","Female"
"GL5F-YH1",55842561414,"GGHH-9CK","Male"
"GL5F-YH1",55842561415,"GGHH-4HZ","Female"
"GGW2-C6R",55842561536,"GGWK-6T8","Male"
"GGW2-C6R",55842561537,"GG4S-LH7","Female"
"LR3T-3QV",55842561664,"9VGN-TK6","Male"
"LR3T-3QV",55842561665,"MM54-99C","Female"
"LY8X-J9P",55842561666,"LBWD-HPQ","Male"
"LY8X-J9P",55842561667,"GZYY-H3P","Female"
"G2XB-VJQ",55842561696,"9C9Z-CSF","Male"
"G2XB-VJQ",55842561697,"GG8T-BQ8","Female"
"GHSV-NM4",55842561698,"GG5S-DCJ","Male"
"2RY4-9Z9",55842561704,"GZ5R-1T8","Male"
"2RY4-9Z9",55842561705,"GKZ8-P1Z","Female"
"MNTJ-2LR",55842561706,"GX85-9B7","Male"
"MNTJ-2LR",55842561707,"GKZ8-9CY","Female"
"GZ5R-Y9N",55842561708,"G66Z-NKQ","Male"
"GZ5R-Y9N",55842561709,"GJ6V-K5C","Female"
"GXDS-K6L",55842561710,"GXDG-BZQ","Male"
"GXDS-K6L",55842561711,"GZ6V-343","Female"
"L8YY-PP2",55842561712,"LCN5-99B","Male"
"L8YY-PP2",55842561713,"LYNX-745","Female"
"LT5Z-556",55842561714,"GS83-FSL","Male"
"LT5Z-556",55842561715,"GL79-7R2","Female"
"LBGF-H83",55842561716,"LRQD-FS2","Male"
"LBGF-H83",55842561717,"L5VF-6MD","Female"
"LZ56-WY6",55842561718,"GJSD-GLT","Male"
"LZ56-WY6",55842561719,"GVMD-TBD","Female"
"9CXC-B7Y",55842561720,"L1WS-BMM","Male"
"9CXC-B7Y",55842561721,"9Z8D-P68","Female"
"LZBY-TS8",55842561722,"LDMN-PWB","Male"
"LZBY-TS8",55842561723,"2NBQ-FP2","Female"
"GK9Q-S8F",55842561724,"L81Y-9GD","Male"
"GK9Q-S8F",55842561725,"LB2S-PWM","Female"
"LZN5-Q53",55842561728,"21RP-8TN","Male"
"LZN5-Q53",55842561729,"L8BM-ZN2","Female"
"G2XB-DKZ",55842561730,"GLVC-FM6","Male"
"LZ19-924",55842561732,"LZF6-M94","Male"
"LZ19-924",55842561733,"GWW8-LWR","Female"
"GL5F-YH1",55842561734,"GGHH-9CK","Male"
"GL5F-YH1",55842561735,"GGHH-4HZ","Female"
"LKDQ-9H8",55842561736,"LKKN-F47","Male"
"LKDQ-9H8",55842561737,"GZG9-5WJ","Female"
"27P5-QDR",55842561738,"G2DV-W2D","Male"
"27P5-QDR",55842561739,"L2NY-ZGC","Female"
"G9JM-FD8",55842561740,"KFYT-G84","Male"
"G9JM-FD8",55842561741,"LDSS-LKR","Female"
"L6ZX-V42",55842561742,"GVB1-LW9","Male"
"L6ZX-V42",55842561743,"M8H1-KRN","Female"
"KF5H-44Z",55842561752,"L4NY-WX6","Male"
"KF5H-44Z",55842561753,"LDSS-LKR","Female"
"9CW5-VNG",55842561754,"L8YY-5HK","Male"
"9CW5-VNG",55842561755,"GX26-56G","Female"
"LFTZ-KSX",55842561744,"GG45-5FF","Male"
"LD29-51J",55842561746,"LTFG-ZR8","Male"
"LD29-51J",55842561747,"99HN-W8M","Female"
"LTFG-ZR8",55842561748,"GDFJ-TC8","Male"
"LTFG-ZR8",55842561749,"G2XB-KHW","Female"
"99HN-W8M",55842561750,"MQ6Y-DJR","Male"
"99HN-W8M",55842561751,"LHR1-9SN","Female"
"G7XJ-1LY",55842561792,"L6NQ-1X6","Male"
"G7XJ-1LY",55842561793,"GDX5-HMR","Female"
"LZF6-M94",55842561800,"KGSQ-35V","Male"
"LZF6-M94",55842561801,"GKZQ-S2R","Female"
"GWW8-LWR",55842561802,"9ZHZ-89Q","Male"
"GWW8-LWR",55842561803,"G8L4-56J","Female"
"GJ47-K7B",55842570240,"L1GP-TM6","Male"
"GJ47-K7B",55842570241,"GNNX-6QF","Female"
"G68T-8ZP",55842570242,"GGYS-TXL","Male"
"G68T-8ZP",55842570243,"GGY7-GWX","Female"
"GL7J-6P6",55842570244,"GGYW-48T","Male"
"GL7J-6P6",55842570245,"GGYW-7LG","Female"
"GL7J-VSQ",55842570246,"GGYW-8GK","Male"
"GL7J-VSQ",55842570247,"GGY7-BPV","Female"
"LZXX-FT2",55842570252,"G3TC-Q79","Male"
"LZXX-FT2",55842570253,"L8TJ-56P","Female"
"KLXB-KTC",55842570254,"L7N5-6KK","Male"
"KLXB-KTC",55842570255,"L87C-W52","Female"
"G9FS-BL2",55842570272,"L2R6-YZF","Male"
"G9FS-BL2",55842570273,"GGJD-YY4","Female"
"LTGB-3SJ",55842570276,"GF59-F78","Male"
"LTGB-3SJ",55842570277,"GLFD-4JJ","Female"
"GGNP-Y62",55842570278,"L62H-Z9T","Male"
"GGNP-Y62",55842570279,"GVSP-PVV","Female"
"LTZK-Z7P",55842570304,"G7N3-LWQ","Male"
"LTZK-Z7P",55842570305,"GJ5H-QNY","Female"
"2MRF-VW3",55842570306,"G65L-5F3","Male"
"2MRF-VW3",55842570307,"9MFL-928","Female"
"GCQF-99Z",55842570308,"9Z8K-YB8","Male"
"GCQF-99Z",55842570309,"GFCF-Z9N","Female"
"GJ5H-JTS",55842570310,"9CXH-2GX","Male"
"GJ5H-JTS",55842570311,"G6CW-KB3","Female"
"G6RZ-NN1",55842570312,"GHGN-47Z","Male"
"G6RZ-NN1",55842570313,"GHGN-H58","Female"
"M6BM-GL3",55842570320,"9HPW-TQ9","Male"
"M6BM-GL3",55842570321,"LRSD-74X","Female"
"L228-6GM",55842570322,"G6RT-HRZ","Male"
"L228-6GM",55842570323,"GVNK-YHT","Female"
"G8D1-62Y",55842570336,"M6BM-GL3","Male"
"G8D1-62Y",55842570337,"L228-6GM","Female"
"GCXR-Q7Y",55842570338,"GCQF-99Z","Male"
"GCXR-Q7Y",55842570339,"GJ5H-JTS","Female"
"G7XJ-1LY",55842570368,"L6NQ-1X6","Male"
"G7XJ-1LY",55842570369,"GDX5-HMR","Female"
"LZF6-M94",55842570376,"KGSQ-35V","Male"
"LZF6-M94",55842570377,"GKZQ-S2R","Female"
"GWW8-LWR",55842570378,"9ZHZ-89Q","Male"
"GWW8-LWR",55842570379,"G8L4-56J","Female"
"L8WY-72D",55842570384,"GK25-3JB","Male"
"L8WY-72D",55842570385,"GV4D-MFG","Female"
"LDSS-KBB",55842570388,"GKQ6-ZVV","Male"
"LDSS-KBB",55842570389,"GGQN-PGD","Female"
"GK5F-8MJ",55842570413,"GMVG-Y3G","Female"
"9HYQ-M4G",55842573312,"G7XJ-1LY","Male"
"9HYQ-M4G",55842573313,"GL2J-F24","Female"
"GJGW-QM6",55842573314,"GGL4-859","Male"
"GJGW-QM6",55842573315,"GGL4-6DG","Female"
"LZ19-924",55842573316,"LZF6-M94","Male"
"LZ19-924",55842573317,"GWW8-LWR","Female"
"GL5F-YH1",55842573318,"GGHH-9CK","Male"
"GL5F-YH1",55842573319,"GGHH-4HZ","Female"
"LHPZ-9WQ",55842573328,"938W-39J","Male"
"LHPZ-9WQ",55842573329,"9W89-MK6","Female"
"LCT8-QVQ",55842573330,"LYXW-BQK","Male"
"L8BY-3VJ",55842573336,"L8YY-PP2","Male"
"L8BY-3VJ",55842573337,"LT5Z-556","Female"
"94BP-X4Z",55842573338,"LBGF-H83","Male"
"94BP-X4Z",55842573339,"LZ56-WY6","Female"
"L8YY-5HK",55842573340,"9CXC-B7Y","Male"
"L8YY-5HK",55842573341,"LZBY-TS8","Female"
"L8WB-D2Z",55842573342,"GK9Q-S8F","Male"
"L8WB-D2Z",55842573343,"GK85-LHZ","Female"
"GKB5-QNV",55842573344,"GKB5-H1V","Male"
"2Z31-42G",55842573352,"GLB7-PP6","Male"
"2Z31-42G",55842573353,"2TRD-1QJ","Female"
"GXHR-TN1",55842573354,"GLJZ-HYP","Male"
"GXHR-TN1",55842573355,"GLJC-666","Female"
"LZLB-PJY",55842573360,"LZBR-3W6","Male"
"LZLB-PJY",55842573361,"GDT8-G9X","Female"
"KG7N-78T",55842573368,"LZNF-SCQ","Male"
"KG7N-78T",55842573369,"LQ5C-BBR","Female"
"G9WK-ZB3",55842573372,"L1SL-2HR","Male"
"GHS6-1TP",55842573374,"LZF6-M94","Male"
"GHS6-1TP",55842573375,"L5TT-LG3","Female"
"GLBB-B7J",55842573568,"GQZM-VZS","Male"
"GKY2-HZS",55842573570,"G2CX-F3P","Male"
"GKY2-HZS",55842573571,"G2CX-M5V","Female"
"GMWX-WW1",55842573576,"GQZM-VZS","Male"
"LCRR-KM2",55842573632,"9H6Q-VVW","Male"
"LCRR-KM2",55842573633,"9HPT-832","Female"
"LDW5-JN2",55842573634,"9C72-WGJ","Male"
"LDW5-JN2",55842573635,"9CZV-2KJ","Female"
"LD9Y-C7T",55842573636,"9SJP-9TN","Male"
"LD9Y-C7T",55842573637,"LVDV-KPT","Female"
"LD9Y-CW9",55842573638,"LZDH-NFR","Male"
"LD9Y-CW9",55842573639,"LD9C-ZGZ","Female"
"94T6-749",55842573640,"GKZ8-PM1","Male"
"94T6-749",55842573641,"GMXZ-2CC","Female"
"GLLC-968",55842573642,"G8K3-VQ8","Male"
"GLLC-968",55842573643,"G9TH-6YX","Female"
"L1DW-Q5N",55842573644,"LY5W-N6P","Male"
"L1DW-Q5N",55842573645,"LHWS-BFW","Female"
"2781-6PP",55842573646,"GDB8-4V9","Male"
"2781-6PP",55842573647,"GVZM-RKC","Female"
"L8YY-PP2",55842573648,"LCN5-99B","Male"
"L8YY-PP2",55842573649,"LYNX-745","Female"
"LT5Z-556",55842573650,"GS83-FSL","Male"
"LT5Z-556",55842573651,"GL79-7R2","Female"
"LBGF-H83",55842573652,"LRQD-FS2","Male"
"LBGF-H83",55842573653,"L5VF-6MD","Female"
"LZ56-WY6",55842573654,"GJSD-GLT","Male"
"LZ56-WY6",55842573655,"GVMD-TBD","Female"
"9CXC-B7Y",55842573656,"L1WS-BMM","Male"
"9CXC-B7Y",55842573657,"9Z8D-P68","Female"
"LZBY-TS8",55842573658,"LDMN-PWB","Male"
"LZBY-TS8",55842573659,"2NBQ-FP2","Female"
"GK9Q-S8F",55842573660,"L81Y-9GD","Male"
"GK9Q-S8F",55842573661,"LB2S-PWM","Female"
"L8YY-PZ9",55842573664,"LBBB-4XS","Male"
"L8YY-PZ9",55842573665,"LDHS-6S3","Female"
"9H65-XXK",55842573666,"L8YY-PH5","Male"
"9H65-XXK",55842573667,"KFX1-BZD","Female"
"GVD8-NJ7",55842573670,"GPSX-XT1","Male"
"GVD8-NJ7",55842573671,"GPSX-KP8","Female"
"GGZQ-BP3",55842573672,"GZ44-VYR","Male"
"GGZQ-BP3",55842573673,"GKZ8-XPF","Female"
"GHNF-BYC",55842573674,"LTCX-SR2","Male"
"GHNF-BYC",55842573675,"GKZ8-XW3","Female"
"GN8V-37D",55842573678,"LB27-YWT","Male"
"GN8V-37D",55842573679,"GWZB-NNM","Female"
"LZLG-V3F",55842573680,"L7NG-DRP","Male"
"LZLG-V3F",55842573681,"LYTH-K3C","Female"
"LH6K-2BP",55842573682,"LTT6-YJQ","Male"
"LH6K-2BP",55842573683,"GV8X-JR1","Female"
"GJYM-TGG",55842573684,"29H4-2Y1","Male"
"GJYM-TGG",55842573685,"GKZ8-Q9M","Female"
"LBPM-PVV",55842573686,"G8W1-CJS","Male"
"LBPM-PVV",55842573687,"GKCC-J1G","Female"
"GQMM-WCR",55842573688,"GH7M-QSF","Male"
"GQMM-WCR",55842573689,"G4SP-ZYT","Female"
"L1JY-KRP",55842573694,"L1DW-Q5N","Male"
"L1JY-KRP",55842573695,"2781-6PP","Female"
"GQRQ-K79",55842574208,"GQRQ-F8M","Male"
"GQRQ-K79",55842574209,"GGV5-TJN","Female"
"L6NQ-1X6",55842577664,"GNXF-WG7","Male"
"L6NQ-1X6",55842577665,"GGQ4-41T","Female"
"GDX5-HMR",55842577666,"949D-P6W","Male"
"GDX5-HMR",55842577667,"GDY4-Z39","Female"
"KGSQ-35V",55842577680,"L1H5-9N6","Male"
"KGSQ-35V",55842577681,"G2LB-R53","Female"
"9ZHZ-89Q",55842577684,"9C3G-QBG","Male"
"9ZHZ-89Q",55842577685,"GKZQ-BG1","Female"
"G8L4-56J",55842577686,"L7T5-PSJ","Male"
"G8L4-56J",55842577687,"LHQP-B81","Female"
"L6NQ-1X6",55842577696,"GNXF-WG7","Male"
"L6NQ-1X6",55842577697,"GGQ4-41T","Female"
"GDX5-HMR",55842577698,"949D-P6W","Male"
"GDX5-HMR",55842577699,"GDY4-Z39","Female"
"KGSQ-35V",55842577712,"L1H5-9N6","Male"
"KGSQ-35V",55842577713,"G2LB-R53","Female"
"9ZHZ-89Q",55842577716,"9C3G-QBG","Male"
"9ZHZ-89Q",55842577717,"GKZQ-BG1","Female"
"G8L4-56J",55842577718,"L7T5-PSJ","Male"
"G8L4-56J",55842577719,"LHQP-B81","Female"
"9CS2-F59",55842577728,"G6Z2-MMC","Male"
"9CS2-F59",55842577729,"GLS4-HTS","Female"
"GGM8-4Z7",55842577730,"9C9Z-CSF","Male"
"GGM8-4Z7",55842577731,"KP7K-PV7","Female"
"9W46-QD7",55842577732,"KHKF-JPT","Male"
"9W46-QD7",55842577733,"LDMB-Q59","Female"
"LRBL-B6T",55842577734,"9C9Z-CSF","Male"
"LRBL-B6T",55842577735,"M7WR-8GF","Female"
"MYW1-TBC",55842577736,"G88P-GK4","Male"
"MYW1-TBC",55842577737,"G6JZ-G2D","Female"
"9CS2-F59",55842577740,"G6Z2-MMC","Male"
"9CS2-F59",55842577741,"GLS4-HTS","Female"
"GGM8-4Z7",55842577742,"9C9Z-CSF","Male"
"GGM8-4Z7",55842577743,"KP7K-PV7","Female"
"L6NQ-1X6",55842577792,"GNXF-WG7","Male"
"L6NQ-1X6",55842577793,"GGQ4-41T","Female"
"GDX5-HMR",55842577794,"949D-P6W","Male"
"GDX5-HMR",55842577795,"GDY4-Z39","Female"
"KGSQ-35V",55842577808,"L1H5-9N6","Male"
"KGSQ-35V",55842577809,"G2LB-R53","Female"
"9ZHZ-89Q",55842577812,"9C3G-QBG","Male"
"9ZHZ-89Q",55842577813,"GKZQ-BG1","Female"
"G8L4-56J",55842577814,"L7T5-PSJ","Male"
"G8L4-56J",55842577815,"LHQP-B81","Female"
"9CS2-F59",55842577856,"G6Z2-MMC","Male"
"9CS2-F59",55842577857,"GLS4-HTS","Female"
"GGM8-4Z7",55842577858,"9C9Z-CSF","Male"
"GGM8-4Z7",55842577859,"KP7K-PV7","Female"
"9W46-QD7",55842577860,"KHKF-JPT","Male"
"9W46-QD7",55842577861,"LDMB-Q59","Female"
"LRBL-B6T",55842577862,"9C9Z-CSF","Male"
"LRBL-B6T",55842577863,"M7WR-8GF","Female"
"MYW1-TBC",55842577864,"G88P-GK4","Male"
"MYW1-TBC",55842577865,"G6JZ-G2D","Female"
"9CS2-F59",55842577868,"G6Z2-MMC","Male"
"9CS2-F59",55842577869,"GLS4-HTS","Female"
"GGM8-4Z7",55842577870,"9C9Z-CSF","Male"
"GGM8-4Z7",55842577871,"KP7K-PV7","Female"
"GJP4-M8H",55842578432,"GJG6-FM6","Male"
"GJP4-M8H",55842578433,"GZHN-5ZY","Female"
"GJ44-S71",55842578434,"G2MV-RXJ","Male"
"GJ44-S71",55842578435,"G225-ZT6","Female"
"GX5X-YX2",55842578444,"GX5F-44L","Male"
"GLYZ-81C",55842578464,"GG3N-PZ2","Male"
"GGJK-WWN",55842578468,"G691-HJB","Male"
"GGJK-WWN",55842578469,"GGJK-QKZ","Female"
"GLMK-3FQ",55842578470,"LCDM-9D5","Male"
"GLMK-3FQ",55842578471,"GXVH-RJJ","Female"
"L4Y9-TXB",55842578472,"LZPK-P7H","Male"
"L4Y9-TXB",55842578473,"GN4S-LXY","Female"
"GSX5-T31",55842578474,"9CD1-KW4","Male"
"GSX5-T31",55842578475,"LB2S-623","Female"
"99PY-ZDF",55842578476,"GSXG-5MK","Male"
"99PY-ZDF",55842578477,"GH7C-CVR","Female"
"G8WB-MGZ",55842578496,"G7T1-72X","Male"
"G8WB-MGZ",55842578497,"G7TB-YKK","Female"
"GZ11-7D6",55842578498,"GX7C-LRS","Male"
"GZ11-7D6",55842578499,"GN1M-ZZK","Female"
"GV1G-PNW",55842578500,"GG1P-3D3","Male"
"GV1G-PNW",55842578501,"GG1P-C6R","Female"
"G9BS-LX8",55842578512,"L2Y1-PH3","Male"
"GJM6-MPH",55842578518,"GJMD-YMZ","Male"
"GJM6-MPH",55842578519,"G6YJ-SZ6","Female"
"LDSS-26H",55842580480,"9W7P-G88","Male"
"LDSS-26H",55842580481,"GLB2-PPV","Female"
"L6SC-CJF",55842580482,"LZVG-MCV","Male"
"L6SC-CJF",55842580483,"LQR5-6N2","Female"
"LZLQ-664",55842580484,"9S9W-MPL","Male"
"LZLQ-664",55842580485,"KFX1-BZD","Female"
"94HZ-CG3",55842580488,"L4Y9-TXB","Male"
"94HZ-CG3",55842580489,"GSX5-T31","Female"
"LDSS-BYY",55842580490,"99PY-ZDF","Male"
"LDSS-BYY",55842580491,"LD97-C7T","Female"
"L8RR-S6X",55842580492,"LYCT-Y9Q","Male"
"L8RR-S6X",55842580493,"L142-WBW","Female"
"L8RR-S6J",55842580494,"K6WN-292","Male"
"L8RR-S6J",55842580495,"2NBQ-VZ5","Female"
"GXD6-NBC",55842580512,"LT83-YRW","Male"
"GXD6-NBC",55842580513,"GCSF-88Q","Female"
"G23C-HT1",55842580520,"29H4-2Y1","Male"
"G23C-HT1",55842580521,"GKZ8-Q9M","Female"
"93LP-LVJ",55842580524,"9S8N-BNB","Male"
"93LP-LVJ",55842580525,"GG6X-7XK","Female"
"LBSF-ZFR",55842580526,"KZSM-RXV","Male"
"LBSF-ZFR",55842580527,"LD9R-RBH","Female"
"LCVR-TFD",55842580528,"GVNC-TFT","Male"
"LCVR-TFD",55842580529,"GNFT-19B","Female"
"9Z4P-BQB",55842580530,"LZLQ-664","Male"
"9Z4P-BQB",55842580531,"GK2Y-MJB","Female"
"LDW2-41W",55842580532,"94HZ-CG3","Male"
"LDW2-41W",55842580533,"LDSS-BYY","Female"
"G4NJ-GVF",55842580534,"L8RR-S6X","Male"
"G4NJ-GVF",55842580535,"L8RR-S6J","Female"
"LD97-CH9",55842580536,"99PY-ZDF","Male"
"LD97-CH9",55842580537,"LD97-C7T","Female"
"KH4Q-2SB",55842580538,"LL43-FM6","Male"
"KH4Q-2SB",55842580539,"9CMJ-R5M","Female"
"94YF-JDG",55842580540,"L15Q-4BH","Male"
"94YF-JDG",55842580541,"LT36-BWL","Female"
"G8WY-6L8",55842580542,"21JJ-KNR","Male"
"G8WY-6L8",55842580543,"GZL8-6WN","Female"
"GG3J-2F1",55842580544,"LZZ9-DZP","Male"
"GG3J-2F1",55842580545,"LYXN-DBC","Female"
"LDSV-PC1",55842580546,"LDSV-RVD","Male"
"LDSV-PC1",55842580547,"LDSV-RG8","Female"
"2Z98-QKN",55842580548,"GGD3-D92","Male"
"2Z98-QKN",55842580549,"GX56-KLT","Female"
"GDCF-ZCT",55842580550,"G94Q-8SY","Male"
"GDCF-ZCT",55842580551,"G6RT-9MK","Female"
"GJ4X-C6N",55842580556,"GJS6-D9X","Male"
"GJ4X-C6N",55842580557,"GXJ2-33R","Female"
"G4QS-TSJ",55842580558,"LYSZ-BQC","Male"
"G4QS-TSJ",55842580559,"LH5K-WZX","Female"
"L1WM-ZH9",55842580560,"G36W-N8P","Male"
"L1WM-ZH9",55842580561,"9CXH-ZZ9","Female"
"GJS6-D9X",55842580568,"9QSZ-MDV","Male"
"GJS6-D9X",55842580569,"GGP3-D89","Female"
"GXJ2-33R",55842580570,"LDSH-9W5","Male"
"GXJ2-33R",55842580571,"LVNP-BKR","Female"
"G2S2-7FF",55842580572,"K6M3-JL9","Male"
"G2S2-7FF",55842580573,"GDKR-87L","Female"
"GGP3-D89",55842580578,"LYDW-KW7","Male"
"GGP3-D89",55842580579,"LY67-3N8","Female"
"LDSH-9W5",55842580580,"GX7F-1V3","Male"
"LDSH-9W5",55842580581,"L179-W5T","Female"
"LVNP-BKR",55842580582,"L8WB-M2R","Male"
"LVNP-BKR",55842580583,"LYVQ-999","Female"
"GZRT-XD2",55842580584,"L2TG-G9L","Male"
"GZRT-XD2",55842580585,"9QQJ-672","Female"
"GN3B-CF7",55842580592,"G2CH-MSB","Male"
"GNXV-337",55842580594,"GNXV-7QG","Male"
"GNXV-337",55842580595,"GNXV-WLR","Female"
"94YF-JDG",55842580596,"L15Q-4BH","Male"
"94YF-JDG",55842580597,"LT36-BWL","Female"
"G8WY-6L8",55842580598,"21JJ-KNR","Male"
"G8WY-6L8",55842580599,"GZL8-6WN","Female"
"G648-59V",55842580608,"GZF7-Z24","Male"
"G648-59V",55842580609,"GZF7-6DS","Female"
"GK42-GHG",55842580610,"GVNC-TFT","Male"
"GK42-GHG",55842580611,"GNFT-19B","Female"
"9WMP-NNQ",55842580616,"99PT-NTZ","Male"
"9WMP-NNQ",55842580617,"G98Z-6RZ","Female"
"945D-J9Y",55842580618,"LZ9M-HWG","Male"
"945D-J9Y",55842580619,"9M85-YGM","Female"
"LJB3-5XL",55842580620,"9SBM-4NB","Male"
"LJB3-5XL",55842580621,"GN7R-TH8","Female"
"GNWS-GB4",55842580622,"L8BY-3VJ","Male"
"GNWS-GB4",55842580623,"GDKP-2XC","Female"
"GK9M-7N9",55842580624,"21JJ-KNR","Male"
"GK9M-7N9",55842580625,"GZL8-6WN","Female"
"GV75-LB1",55842580672,"LR1T-XQ7","Male"
"GV75-LB1",55842580673,"GZXX-B8X","Female"
"GCBD-8ZG",55842580674,"94HZ-CG3","Male"
"GCBD-8ZG",55842580675,"LDSS-BYY","Female"
"LT3P-8D6",55842580704,"GG92-32P","Male"
"LT3P-8D6",55842580705,"GG4M-2R7","Female"
"G8L3-3JL",55842580706,"GVXP-S4R","Male"
"G8L3-3JL",55842580707,"LVDF-9DW","Female"
"MBGG-7NP",55842580720,"LZ9M-HWG","Male"
"MBGG-7NP",55842580721,"9M85-YGM","Female"
"LD9R-SHL",55842580722,"21JJ-KNR","Male"
"LD9R-SHL",55842580723,"GZL8-6WN","Female"
"9SVD-TVV",55842580724,"9H6D-XM7","Male"
"9SVD-TVV",55842580725,"GDP2-9HS","Female"
"GGKB-KCP",55842580726,"LDSH-MS8","Male"
"GGKB-KCP",55842580727,"LDSK-W5H","Female"
"LH7S-18K",55842580728,"LDW2-7WW","Male"
"LH7S-18K",55842580729,"LH7S-12Y","Female"
"LDSV-5Q1",55842580730,"LDSQ-XRK","Male"
"LDSV-5Q1",55842580731,"LCFL-9DP","Female"
"L5D4-4M7",55842580736,"LVCW-CJF","Male"
"GH5Y-9HC",55842580768,"GX52-ZZQ","Male"
"GH5Y-9HC",55842580769,"GFW7-86Y","Female"
"G6TX-KJJ",55842580770,"GLBY-DYH","Male"
"LYCG-D4Z",55842580928,"GJT8-PTZ","Male"
"LYCG-QZM",55842580930,"KZRV-GQV","Male"
"9HTX-2CD",55842581008,"9HRG-JDL","Male"
"9HTX-2CD",55842581009,"LDH1-G9D","Female"
"G39Q-HBK",55842581010,"KX2S-NWF","Male"
"G39Q-HBK",55842581011,"L7GV-KKS","Female"
"L7LR-RWX",55842581012,"GVR7-Q43","Male"
"L7LR-RWX",55842581013,"L2DV-WS5","Female"
"LBTR-BTW",55842581042,"LZK3-LK2","Male"
"LBTR-BTW",55842581043,"M185-RW3","Female"
"G6RN-4Y7",55842581044,"G6DZ-JKF","Male"
"G6RN-4Y7",55842581045,"G6D8-388","Female"
"GFPT-S5P",55842581046,"GZ8X-GV2","Male"
"GFPT-S5P",55842581047,"G6ZP-B73","Female"
"LY9D-2F8",55842581048,"LCJD-VX6","Male"
"LY9D-2F8",55842581049,"LD9R-RKH","Female"
"L28D-TJH",55842581050,"9WMP-NNQ","Male"
"L28D-TJH",55842581051,"945D-J9Y","Female"
"GJTS-3TP",55842581052,"GZ8X-GV2","Male"
"GJTS-3TP",55842581053,"G6ZP-B73","Female"
"GGKB-FBC",55842581064,"LZGK-GZB","Male"
"GGKB-FBC",55842581065,"LDSQ-F68","Female"
"GKCC-1KD",55842581088,"GKQX-VM9","Male"
"GKCC-1KD",55842581089,"GVB8-9XY","Female"
"GMF5-BSR",55842581096,"GLFD-7MD","Male"
"GMF5-BSR",55842581097,"GGFH-MVX","Female"
"L1WB-PZW",55842581098,"9HTX-2CD","Male"
"L1WB-PZW",55842581099,"L83J-4S6","Female"
"L1W8-W7S",55842581100,"GLFD-7MD","Male"
"L1W8-W7S",55842581101,"GGFH-MVX","Female"
"GD7W-JS7",55842581104,"G6H3-12T","Male"
"GD7W-NSX",55842581106,"GD7W-BDW","Male"
"9376-JCH",55842581112,"KNW5-CM9","Male"
"9376-JCH",55842581113,"LCRM-5HJ","Female"
"9HVH-9GD",55842581114,"LHW9-VZ4","Male"
"9HVH-9GD",55842581115,"GKKW-24R","Female"
"GG3M-7JP",55842581116,"GGWF-VYW","Male"
"GG3M-7JP",55842581117,"GGXT-3X8","Female"
"GLFD-7MD",55842581120,"GMMD-GH5","Male"
"GLFD-7MD",55842581121,"LBK1-86P","Female"
"GGFH-MVX",55842581122,"LCJD-VX6","Male"
"GGFH-MVX",55842581123,"LD9R-RKH","Female"
"9HTX-2CD",55842581124,"9HRG-JDL","Male"
"9HTX-2CD",55842581125,"LDH1-G9D","Female"
"G6LZ-TWJ",55842581128,"L5LL-BRL","Male"
"G6LZ-TWJ",55842581129,"GZ4M-H94","Female"
"G6R2-BDM",55842581134,"GFZ2-JTZ","Male"
"LDHB-RRD",55842581248,"9HTX-2CD","Male"
"LDHB-RRD",55842581249,"L83J-4S6","Female"
"GKVP-QMK",55842581250,"LDHS-Z3V","Male"
"GKVP-QMK",55842581251,"LZGK-ZV2","Female"
"9SJJ-97N",55842581256,"GGG7-Q5M","Male"
"9SJJ-97N",55842581257,"GZL1-BTV","Female"
"LZJG-K5N",55842581258,"KX2S-NWF","Male"
"LZJG-K5N",55842581259,"L7GV-KKS","Female"
"LJ2H-W3S",55842581260,"GD74-RRH","Male"
"LJ2H-W3S",55842581261,"GJ5M-BKM","Female"
"LZ2S-DKM",55842581262,"28YJ-Z4N","Male"
"LZ2S-DKM",55842581263,"GGGT-9MX","Female"
"GJ2V-WRY",55842581264,"G233-LXN","Male"
"GJ2V-WRY",55842581265,"GGWK-NT3","Female"
"LD9P-MFB",55842581268,"GC7G-R6L","Male"
"LD9P-MFB",55842581269,"GC7P-77S","Female"
"L1WT-FRN",55842581280,"GZRK-SFB","Male"
"L1WT-FRN",55842581281,"GVSP-WS2","Female"
"L1WY-QMZ",55842581282,"GHKB-C3J","Male"
"L1WY-QMZ",55842581283,"L5DR-KL8","Female"
"LB5R-TH8",55842581284,"KDQW-JTJ","Male"
"LB5R-TH8",55842581285,"LDS9-GGV","Female"
"LDHQ-P5F",55842581286,"LD9R-RB7","Male"
"LDHQ-P5F",55842581287,"LDSS-6H5","Female"
"LBJ9-GZ4",55842581288,"9ZH7-GMD","Male"
"LBJ9-GZ4",55842581289,"MBYH-395","Female"
"KZPP-B68",55842581290,"G7ZN-5DF","Male"
"L18B-R3G",55842581292,"G2TZ-96Y","Male"
"L18B-R3G",55842581293,"G2T8-97Z","Female"
"KDQH-DJG",55842581294,"L1DD-JMP","Male"
"KDQH-DJG",55842581295,"9WY9-HRJ","Female"
"GQRQ-G6B",55842581312,"GQRQ-K79","Male"
"GQRQ-G6B",55842581313,"GGVR-MY2","Female"
"KDQW-JTJ",55842581376,"9HTX-2CD","Male"
"KDQW-JTJ",55842581377,"G39Q-HBK","Female"
"LDS9-GGV",55842581378,"LZGK-GZB","Male"
"LDS9-GGV",55842581379,"MXKR-J9R","Female"
"L1DD-JMP",55842581380,"GG5W-TJ1","Male"
"L1DD-JMP",55842581381,"GG54-SDF","Female"
"9WY9-HRJ",55842581382,"LZ19-924","Male"
"LD95-VV6",55842581384,"LD95-VVH","Male"
"LD95-VV6",55842581385,"99SD-Z4Q","Female"
"9H2F-HV5",55842581386,"MBGG-7NP","Male"
"9H2F-HV5",55842581387,"LD9R-SHL","Female"
"LD9R-RB7",55842581388,"LD9R-RYR","Male"
"LD9R-RB7",55842581389,"M15L-V4Q","Female"
"LDSS-6H5",55842581390,"L133-HLP","Male"
"LDSS-6H5",55842581391,"KH8N-T92","Female"
"GGT6-NYC",55842581424,"GW2T-YH6","Male"
"GGT6-NYC",55842581425,"GX5P-L6M","Female"
"GGTD-5CG",55842581426,"GGTX-XJX","Male"
"GGTD-5CG",55842581427,"GGT6-1Q1","Female"
"LH3J-XVF",55842581428,"GGYS-TR5","Male"
"LH3J-XVF",55842581429,"GGYS-R4S","Female"
"LD9R-5PH",55842581432,"L187-NYR","Male"
"LD9R-5PH",55842581433,"9WQY-MZT","Female"
"GXV9-MD5",55842581504,"GLP1-MBL","Male"
"GXV9-MD5",55842581505,"GG1B-CKL","Female"
"G867-7W5",55842581506,"LTMB-K94","Male"
"G867-7W5",55842581507,"LYS8-97T","Female"
"GLTH-SF8",55842581540,"GGKB-FBC","Male"
"GLTH-SF8",55842581541,"GKK9-K98","Female"
"GNBX-9JC",55842581552,"GKCC-1KD","Male"
"GNBX-9JC",55842581553,"G2KS-LP1","Female"
"GFC6-D1X",55842581554,"GGRW-3PW","Male"
"GFC6-D1X",55842581555,"LXSK-QX8","Female"
"GD7G-BVP",55842581556,"GMF5-BSR","Male"
"GD7G-BVP",55842581557,"L1WB-PZW","Female"
"9HG1-CKS",55842581558,"L1W8-W7S","Male"
"9MH5-2Q7",55842581560,"GD7W-JS7","Male"
"9MH5-2Q7",55842581561,"GD7W-NSX","Female"
"M1W5-BFF",55842581564,"9376-JCH","Male"
"M1W5-BFF",55842581565,"9HVH-9GD","Female"
"9CW5-JNL",55842581566,"GG3M-7JP","Male"
"9CW5-JNL",55842581567,"GG3M-7PG","Female"
"LZS9-ZC2",55842581568,"9HYQ-M4G","Male"
"LZS9-ZC2",55842581569,"GJGW-QM6","Female"
"LZ61-F76",55842581570,"LZ19-924","Male"
"LZ61-F76",55842581571,"GL5F-YH1","Female"
"KNXX-WBQ",55842581576,"LHPZ-9WQ","Male"
"KNXX-WBQ",55842581577,"LCT8-QVQ","Female"
"LDMT-HMZ",55842581580,"L8BY-3VJ","Male"
"LDMT-HMZ",55842581581,"94BP-X4Z","Female"
"LD91-ST3",55842581582,"L8YY-5HK","Male"
"LD91-ST3",55842581583,"L8WB-D2Z","Female"
"KZPV-BQM",55842581588,"L8RR-4KG","Male"
"KZPV-BQM",55842581589,"99QT-MCB","Female"
"M1VS-25N",55842581592,"LDSS-KJ6","Male"
"M1VS-25N",55842581593,"L28D-TJH","Female"
"LDSS-KHY",55842581594,"LYCY-PN6","Male"
"LDSS-KHY",55842581595,"LDSS-KKV","Female"
"LZGQ-LJX",55842581596,"KDQW-JTJ","Male"
"LZGQ-LJX",55842581597,"LDS9-GGV","Female"
"LDSS-8LB",55842581600,"LVMF-2JP","Male"
"LDSS-8LB",55842581601,"GW2T-LDK","Female"
"G2RP-CG1",55842581602,"LDSS-D1D","Male"
"G2RP-CG1",55842581603,"GKZ8-SNZ","Female"
"LD9R-RB7",55842581616,"LD9R-RYR","Male"
"LD9R-RB7",55842581617,"M15L-V4Q","Female"
"LDSS-6H5",55842581618,"L133-HLP","Male"
"LDSS-6H5",55842581619,"KH8N-T92","Female"
"LDMT-HMZ",55842581620,"L8BY-3VJ","Male"
"LDMT-HMZ",55842581621,"94BP-X4Z","Female"
"LD91-ST3",55842581622,"L8YY-5HK","Male"
"LD91-ST3",55842581623,"L8WB-D2Z","Female"
"L8MB-ZMK",55842581624,"L8YY-PD5","Male"
"L8MB-ZMK",55842581625,"MBV2-T1M","Female"
"MB1Q-ZWW",55842581626,"GKZZ-K49","Male"
"MB1Q-ZWW",55842581627,"GL6R-9XP","Female"
"LDMT-W6R",55842581628,"KJP2-TBR","Male"
"LDMT-W6R",55842581629,"GFN3-DQ5","Female"
"LT83-H6M",55842581630,"GQ59-8LX","Male"
"LT83-H6M",55842581631,"GSCJ-Z9D","Female"
"G9M5-FF1",55842581632,"LY9D-2F8","Male"
"G9M5-FF1",55842581633,"L28D-TJH","Female"
"GN9F-M6Q",55842581634,"GJTS-3TP","Male"
"GN9F-M6Q",55842581635,"GN15-LRT","Female"
"LZGQ-LJX",55842581636,"KDQW-JTJ","Male"
"LZGQ-LJX",55842581637,"LDS9-GGV","Female"
"GNSH-WMX",55842581640,"G7NH-CM4","Male"
"GNSH-WMX",55842581641,"G215-VM8","Female"
"G2J9-N5G",55842581652,"GLL2-BZV","Male"
"LT6Z-NRQ",55842581654,"GC4V-KPG","Male"
"LT6Z-NRQ",55842581655,"L175-67M","Female"
"M9L6-6YN",55842581656,"K84R-TMS","Male"
"M9L6-6YN",55842581657,"GGGW-RYH","Female"
"2MYM-NS1",55842581658,"LTF2-JTC","Male"
"2MYM-NS1",55842581659,"LKNM-HR3","Female"
"GD4S-KVF",55842581660,"L1QD-DXV","Male"
"GD4S-KVF",55842581661,"LD9P-M8N","Female"
"GVHW-NRT",55842581664,"GVDF-MGZ","Male"
"GVHW-NRT",55842581665,"GVDX-FF4","Female"
"9CHV-B26",55842581672,"GNSH-WMX","Male"
"9CHV-B26",55842581673,"G215-3C9","Female"
"M9L6-6YN",55842581676,"K84R-TMS","Male"
"M9L6-6YN",55842581677,"GGGW-RYH","Female"
"2MYM-NS1",55842581678,"LTF2-JTC","Male"
"2MYM-NS1",55842581679,"LKNM-HR3","Female"
"G2J9-N5G",55842581684,"GLL2-BZV","Male"
"LT6Z-NRQ",55842581686,"GC4V-KPG","Male"
"LT6Z-NRQ",55842581687,"L175-67M","Female"
"M9L6-6YN",55842581688,"K84R-TMS","Male"
"M9L6-6YN",55842581689,"GGGW-RYH","Female"
"2MYM-NS1",55842581690,"LTF2-JTC","Male"
"2MYM-NS1",55842581691,"LKNM-HR3","Female"
"GD4S-KVF",55842581692,"L1QD-DXV","Male"
"GD4S-KVF",55842581693,"LD9P-M8N","Female"
"GHKK-6HQ",55842581696,"G96M-2XD","Male"
"GHKK-6HQ",55842581697,"G6H4-KLQ","Female"
"LY8N-RRL",55842581700,"LDM1-CGG","Male"
"LY8N-RRL",55842581701,"LYSP-1D9","Female"
"9ZC1-9W5",55842581702,"G8C6-8VY","Male"
"9ZC1-9W5",55842581703,"G8C6-KLW","Female"
"M9L6-6YN",55842581704,"K84R-TMS","Male"
"M9L6-6YN",55842581705,"GGGW-RYH","Female"
"2MYM-NS1",55842581706,"LTF2-JTC","Male"
"2MYM-NS1",55842581707,"LKNM-HR3","Female"
"GD4S-KVF",55842581708,"L1QD-DXV","Male"
"GD4S-KVF",55842581709,"LD9P-M8N","Female"
"GVHW-NRT",55842581712,"GVDF-MGZ","Male"
"GVHW-NRT",55842581713,"GVDX-FF4","Female"
"9CHV-B26",55842581720,"GNSH-WMX","Male"
"9CHV-B26",55842581721,"G215-3C9","Female"
"M9L6-6YN",55842581724,"K84R-TMS","Male"
"M9L6-6YN",55842581725,"GGGW-RYH","Female"
"2MYM-NS1",55842581726,"LTF2-JTC","Male"
"2MYM-NS1",55842581727,"LKNM-HR3","Female"
"LTZR-KJS",55842581760,"GDT6-5JL","Male"
"LTZR-KJS",55842581761,"GVMN-L5N","Female"
"GH7W-9HR",55842581762,"9WCZ-LZQ","Male"
"GH7W-9HR",55842581763,"MS3Z-6SV","Female"
"L8R2-SJ9",55842581764,"G21Z-QQG","Male"
"L8R2-SJ9",55842581765,"GZ2N-HCQ","Female"
"LCXP-QW3",55842581766,"99PT-X33","Male"
"LCXP-QW3",55842581767,"G21N-VX4","Female"
"G95X-P39",55842581768,"G6J7-Y68","Male"
"G95X-P39",55842581769,"GZBR-M7C","Female"
"GSBX-MD1",55842581770,"LDSK-NZJ","Male"
"GSBX-MD1",55842581771,"LDSH-S2T","Female"
"L1QG-G8M",55842581772,"LDFZ-8Q1","Male"
"L1QG-G8M",55842581773,"LHPZ-VGH","Female"
"LLC4-F6R",55842581792,"G2R7-DJP","Male"
"LLC4-F6R",55842581793,"G2RT-C1Z","Female"
"KJJC-9WW",55842581794,"KJPC-71V","Male"
"L2RD-92M",55842581796,"G8WB-SV6","Male"
"L2RD-92M",55842581797,"L2RD-9J2","Female"
"9CZC-GSR",55842581800,"GMNM-FXX","Male"
"9CZC-GSR",55842581801,"LZ2B-MCB","Female"
"GJBZ-QGS",55842581802,"LD9R-RB7","Male"
"GJBZ-QGS",55842581803,"LDSS-6H5","Female"
"GG63-7XH",55842581805,"GG64-7QB","Female"
"GG63-7XH",55842581804,"GG6W-LRX","Male"
"GG63-T2S",55842581806,"G9JW-25M","Male"
"GG63-T2S",55842581807,"GG6D-7PX","Female"
"G2R7-DJP",55842581824,"G2RT-T51","Male"
"G2RT-C1Z",55842581826,"G2RT-T4T","Male"
"G2RT-C1Z",55842581827,"G2RY-WL6","Female"
"KJPC-71V",55842581828,"GZ2S-Q8M","Male"
"KJPC-71V",55842581829,"GZ2S-Z29","Female"
"G8WB-SV6",55842581832,"GQVS-C83","Male"
"G8WB-SV6",55842581833,"9HLT-L5G","Female"
"L2RD-9J2",55842581834,"MQKQ-97S","Male"
"L2RD-9J2",55842581835,"M4PR-5V3","Female"
"GMNM-FXX",55842581840,"GG68-KTV","Male"
"GMNM-FXX",55842581841,"GGJQ-6W4","Female"
"LZ2B-MCB",55842581842,"LDSQ-XRK","Male"
"LZ2B-MCB",55842581843,"LCFL-9DP","Female"
"LD9R-RB7",55842581844,"LD9R-RYR","Male"
"LD9R-RB7",55842581845,"M15L-V4Q","Female"
"LDSS-6H5",55842581846,"L133-HLP","Male"
"LDSS-6H5",55842581847,"KH8N-T92","Female"
"GG6W-LRX",55842581848,"GG6W-RWG","Male"
"GG6W-LRX",55842581849,"GG64-4D5","Female"
"G9JW-25M",55842581852,"GG9C-885","Male"
"G9JW-25M",55842581853,"G9XW-DN3","Female"
"GG6D-7PX",55842581854,"G99G-XNM","Male"
"GG6D-7PX",55842581855,"GG6D-6DF","Female"
"KFK5-ZL5",55842581888,"9HTX-2CD","Male"
"KFK5-ZL5",55842581889,"L83J-4S6","Female"
"LBCC-DW3",55842581890,"G9P6-CHT","Male"
"LBCC-DW3",55842581891,"LVC7-ZZX","Female"
"MVJ5-6DP",55842581896,"L2J3-GF4","Male"
"MVJ5-6DP",55842581897,"LBXW-MT3","Female"
"MXLC-JC1",55842581900,"GGC6-B84","Male"
"MXLC-JC1",55842581901,"GQG3-8CV","Female"
"L51Z-XMG",55842581904,"GJ8K-PWG","Male"
"L51Z-XMG",55842581905,"LJYH-M8G","Female"
"KZTY-WSH",55842581906,"LJ4D-ZCK","Male"
"KZTY-WSH",55842581907,"9S1L-ZP2","Female"
"9H17-VTZ",55842581908,"LZGQ-LJX","Male"
"9H17-VTZ",55842581909,"KDQH-DJG","Female"
"LY57-55F",55842581910,"GL9R-YL9","Male"
"LY57-55F",55842581911,"LDHQ-P5F","Female"
"9498-2NS",55842581912,"LY6L-GPG","Male"
"9498-2NS",55842581913,"LBMQ-85F","Female"
"GCV5-W95",55842581916,"GCV5-C6P","Male"
"GCV5-W95",55842581917,"GCV5-7FZ","Female"
"L8T9-YR8",55842581922,"GXDM-3H9","Male"
"L8T9-YR8",55842581923,"LBHG-TXR","Female"
"GMVG-TRT",55842581928,"L8B9-R7W","Male"
"LB23-61T",55842581932,"GQ1N-HXB","Male"
"LB23-61T",55842581933,"GX7F-Z34","Female"
"LH73-BMR",55842581934,"G6T6-9H3","Male"
"LH73-BMR",55842581935,"G6TD-VWL","Female"
"LBX8-DDN",55842581936,"LYCY-PN6","Male"
"LBX8-DDN",55842581937,"LDSS-KKV","Female"
"LDW2-4JB",55842581938,"LDW2-41W","Male"
"LDW2-4JB",55842581939,"G4NJ-GVF","Female"
"G8WY-NB7",55842581944,"GSCC-ZKK","Male"
"G8WY-NB7",55842581945,"GJVC-LD6","Female"
"9Z8H-QFQ",55842581946,"KC9S-MPC","Male"
"9Z8H-QFQ",55842581947,"L7JF-2YC","Female"
"935X-1CT",55842581948,"LH8G-2RH","Male"
"935X-1CT",55842581949,"LDW2-7JJ","Female"
"LZS3-9ZK",55842581950,"KHQ6-TFB","Male"
"LZS3-9ZK",55842581951,"LDSM-H39","Female"
"L7LL-FB1",55842581952,"GGJ6-93F","Male"
"L7LL-FB1",55842581953,"94RZ-9KC","Female"
"LZVR-GMG",55842581954,"L18X-ZNH","Male"
"LZVR-GMG",55842581955,"MVL6-5PR","Female"
"93LF-J1V",55842581956,"L1HZ-WR2","Male"
"93LF-J1V",55842581957,"MDWC-L73","Female"
"931M-DSZ",55842581958,"KFLG-12B","Male"
"931M-DSZ",55842581959,"M5YG-GGX","Female"
"LHYG-XJF",55842581960,"M1TN-H75","Male"
"LHYG-XJF",55842581961,"GHRS-RJY","Female"
"GDGW-LRZ",55842581962,"LJ4D-ZCK","Male"
"GDGW-LRZ",55842581963,"9S1L-ZP2","Female"
"2JFF-BQB",55842581964,"G87Q-Z3W","Male"
"2JFF-BQB",55842581965,"GC32-FML","Female"
"K83K-RFX",55842581967,"G2GZ-4JW","Female"
"KNQ6-9ZF",55842582021,"GGM3-KZW","Female"
"LDS9-GTK",55842582024,"9HTX-2CD","Male"
"LDS9-GTK",55842582025,"G39Q-HBK","Female"
"GMN3-7TX",55842582026,"L7LR-RWX","Male"
"GMN3-7TX",55842582027,"GKGZ-365","Female"
"LT83-QKS",55842582040,"GZ2L-M6L","Male"
"LT83-QKS",55842582041,"LBTR-BTW","Female"
"GDG2-NJC",55842582042,"G6RN-4Y7","Male"
"GDG2-NJC",55842582043,"GFPT-S5P","Female"
"G9M5-FF1",55842582044,"LY9D-2F8","Male"
"G9M5-FF1",55842582045,"L28D-TJH","Female"
"GN9F-M6Q",55842582046,"GJTS-3TP","Male"
"GN9F-M6Q",55842582047,"GN15-LRT","Female"
"GLTH-SF8",55842582052,"GGKB-FBC","Male"
"GLTH-SF8",55842582053,"GKK9-K98","Female"
"GNBX-9JC",55842582064,"GKCC-1KD","Male"
"GNBX-9JC",55842582065,"G2KS-LP1","Female"
"GFC6-D1X",55842582066,"GGRW-3PW","Male"
"GFC6-D1X",55842582067,"LXSK-QX8","Female"
"GD7G-BVP",55842582068,"GMF5-BSR","Male"
"GD7G-BVP",55842582069,"L1WB-PZW","Female"
"9HG1-CKS",55842582070,"L1W8-W7S","Male"
"9MH5-2Q7",55842582072,"GD7W-JS7","Male"
"9MH5-2Q7",55842582073,"GD7W-NSX","Female"
"M1W5-BFF",55842582076,"9376-JCH","Male"
"M1W5-BFF",55842582077,"9HVH-9GD","Female"
"9CW5-JNL",55842582078,"GG3M-7JP","Male"
"9CW5-JNL",55842582079,"GG3M-7PG","Female"
"GMF5-BSR",55842582080,"GLFD-7MD","Male"
"GMF5-BSR",55842582081,"GGFH-MVX","Female"
"L1WB-PZW",55842582082,"9HTX-2CD","Male"
"L1WB-PZW",55842582083,"L83J-4S6","Female"
"9H27-6Y3",55842582084,"G6LZ-TWJ","Male"
"MWBC-XS5",55842582086,"9ZHQ-5GQ","Male"
"MWBC-XS5",55842582087,"G6R2-BDM","Female"
"LDSQ-XRK",55842582368,"LDSK-V77","Male"
"LDSQ-XRK",55842582369,"LDSQ-F68","Female"
"LCFL-9DP",55842582370,"LB27-YWT","Male"
"LCFL-9DP",55842582371,"GWZB-NNM","Female"
"L644-9GY",55842582372,"LT61-JHR","Male"
"L644-9GY",55842582373,"LT6B-L2F","Female"
"KVGF-FPJ",55842582374,"GN4C-HR9","Male"
"KVGF-FPJ",55842582375,"GXGV-HXF","Female"
"LDHB-RRD",55842582400,"9HTX-2CD","Male"
"LDHB-RRD",55842582401,"L83J-4S6","Female"
"GKVP-QMK",55842582402,"LDHS-Z3V","Male"
"GKVP-QMK",55842582403,"LZGK-ZV2","Female"
"9SJJ-97N",55842582408,"GGG7-Q5M","Male"
"9SJJ-97N",55842582409,"GZL1-BTV","Female"
"LZJG-K5N",55842582410,"KX2S-NWF","Male"
"LZJG-K5N",55842582411,"L7GV-KKS","Female"
"LJ2H-W3S",55842582412,"GD74-RRH","Male"
"LJ2H-W3S",55842582413,"GJ5M-BKM","Female"
"LZ2S-DKM",55842582414,"28YJ-Z4N","Male"
"LZ2S-DKM",55842582415,"GGGT-9MX","Female"
"GJ2V-WRY",55842582416,"G233-LXN","Male"
"GJ2V-WRY",55842582417,"GGWK-NT3","Female"
"LD9P-MFB",55842582420,"GC7G-R6L","Male"
"LD9P-MFB",55842582421,"GC7P-77S","Female"
"KN8N-WHW",55842582432,"LBKM-2H9","Male"
"KN8N-WHW",55842582433,"LBDY-3J8","Female"
"9SYL-S5H",55842582434,"KX2S-NWF","Male"
"9SYL-S5H",55842582435,"L7GV-KKS","Female"
"G67W-G57",55842582436,"MKTV-TMC","Male"
"G67W-G57",55842582437,"G67G-YFC","Female"
"LDFZ-8Q1",55842582440,"GJ9M-PR2","Male"
"LDFZ-8Q1",55842582441,"GL14-857","Female"
"LHPZ-VGH",55842582442,"LZLG-V3F","Male"
"LHPZ-VGH",55842582443,"LH6K-2BP","Female"
"LD9R-RB7",55842582448,"LD9R-RYR","Male"
"LD9R-RB7",55842582449,"M15L-V4Q","Female"
"LDSS-6H5",55842582450,"L133-HLP","Male"
"LDSS-6H5",55842582451,"KH8N-T92","Female"
"LDMT-HMZ",55842582452,"L8BY-3VJ","Male"
"LDMT-HMZ",55842582453,"94BP-X4Z","Female"
"LD91-ST3",55842582454,"L8YY-5HK","Male"
"LD91-ST3",55842582455,"L8WB-D2Z","Female"
"L8MB-ZMK",55842582456,"L8YY-PD5","Male"
"L8MB-ZMK",55842582457,"MBV2-T1M","Female"
"MB1Q-ZWW",55842582458,"GKZZ-K49","Male"
"MB1Q-ZWW",55842582459,"GL6R-9XP","Female"
"LDMT-W6R",55842582460,"KJP2-TBR","Male"
"LDMT-W6R",55842582461,"GFN3-DQ5","Female"
"LT83-H6M",55842582462,"GQ59-8LX","Male"
"LT83-H6M",55842582463,"GSCJ-Z9D","Female"
"GNT4-LY5",55842582464,"LZZK-7QX","Male"
"GNT4-LY5",55842582465,"9SR5-6SR","Female"
"GDL9-6NN",55842582466,"G8D1-62Y","Male"
"GDL9-6NN",55842582467,"GCXR-Q7Y","Female"
"LTK3-8VH",55842582468,"LD9P-Q15","Male"
"LTK3-8VH",55842582469,"LKDQ-86Y","Female"
"GHMC-S6W",55842582470,"GNK2-CCY","Male"
"LHTX-J4Y",55842582476,"LH68-32D","Male"
"G34F-HFB",55842582478,"G95P-96W","Male"
"GW1V-6D9",55842582480,"GW1J-L9F","Male"
"9Z8P-D5J",55842582496,"GHXN-VML","Male"
"9Z8P-D5J",55842582497,"MH2M-DJX","Female"
"G2HQ-H3Y",55842582500,"9CCZ-PKB","Male"
"G2HQ-H3Y",55842582501,"L75S-MVR","Female"
"GFDK-XX3",55842582504,"GFDK-41H","Male"
"GFDK-XX3",55842582505,"GVJP-DFN","Female"
"GCQF-WFQ",55842582512,"LBWD-HLB","Male"
"GCQF-WFQ",55842582513,"9Z8K-VF6","Female"
"9CWG-P3Q",55842582520,"GQ61-KWP","Male"
"9CWG-P3Q",55842582521,"G286-7NZ","Female"
"LCZD-G2Y",55842582522,"G242-XCP","Male"
"LCZD-G2Y",55842582523,"G2L3-V7G","Female"
"G8W1-9VC",55842582524,"GQ61-KWP","Male"
"G8W1-9VC",55842582525,"G286-7NZ","Female"
"LCZD-G2Y",55842582526,"G242-XCP","Male"
"LCZD-G2Y",55842582527,"G2L3-V7G","Female"
"9HYQ-M4G",55842582528,"G7XJ-1LY","Male"
"9HYQ-M4G",55842582529,"GL2J-F24","Female"
"GJGW-QM6",55842582530,"GGL4-859","Male"
"GJGW-QM6",55842582531,"GGL4-6DG","Female"
"LZ19-924",55842582532,"LZF6-M94","Male"
"LZ19-924",55842582533,"GWW8-LWR","Female"
"GL5F-YH1",55842582534,"GGHH-9CK","Male"
"GL5F-YH1",55842582535,"GGHH-4HZ","Female"
"L8RR-4KG",55842582536,"L8WY-72D","Male"
"L8RR-4KG",55842582537,"GZBB-BMJ","Female"
"99QT-MCB",55842582538,"LDSS-KBB","Male"
"99QT-MCB",55842582539,"GLZ3-DZS","Female"
"G792-Y4T",55842582548,"GZ9Q-17G","Male"
"GK5F-4LY",55842582550,"GK5F-8MJ","Male"
"GK5F-4LY",55842582551,"GQ2G-ZP8","Female"
"9HYQ-M4G",55842582656,"G7XJ-1LY","Male"
"9HYQ-M4G",55842582657,"GL2J-F24","Female"
"GJGW-QM6",55842582658,"GGL4-859","Male"
"GJGW-QM6",55842582659,"GGL4-6DG","Female"
"LZ19-924",55842582660,"LZF6-M94","Male"
"LZ19-924",55842582661,"GWW8-LWR","Female"
"GL5F-YH1",55842582662,"GGHH-9CK","Male"
"GL5F-YH1",55842582663,"GGHH-4HZ","Female"
"L8RR-4KG",55842582664,"L8WY-72D","Male"
"L8RR-4KG",55842582665,"GZBB-BMJ","Female"
"99QT-MCB",55842582666,"LDSS-KBB","Male"
"99QT-MCB",55842582667,"GLZ3-DZS","Female"
"G792-Y4T",55842582676,"GZ9Q-17G","Male"
"GK5F-4LY",55842582678,"GK5F-8MJ","Male"
"GK5F-4LY",55842582679,"GQ2G-ZP8","Female"
"9HYQ-M4G",55842582784,"G7XJ-1LY","Male"
"9HYQ-M4G",55842582785,"GL2J-F24","Female"
"GJGW-QM6",55842582786,"GGL4-859","Male"
"GJGW-QM6",55842582787,"GGL4-6DG","Female"
"LZ19-924",55842582788,"LZF6-M94","Male"
"LZ19-924",55842582789,"GWW8-LWR","Female"
"GL5F-YH1",55842582790,"GGHH-9CK","Male"
"GL5F-YH1",55842582791,"GGHH-4HZ","Female"
"LHPZ-9WQ",55842582800,"938W-39J","Male"
"LHPZ-9WQ",55842582801,"9W89-MK6","Female"
"LCT8-QVQ",55842582802,"LYXW-BQK","Male"
"L8BY-3VJ",55842582808,"L8YY-PP2","Male"
"L8BY-3VJ",55842582809,"LT5Z-556","Female"
"94BP-X4Z",55842582810,"LBGF-H83","Male"
"94BP-X4Z",55842582811,"LZ56-WY6","Female"
"L8YY-5HK",55842582812,"9CXC-B7Y","Male"
"L8YY-5HK",55842582813,"LZBY-TS8","Female"
"L8WB-D2Z",55842582814,"GK9Q-S8F","Male"
"L8WB-D2Z",55842582815,"GK85-LHZ","Female"
"L8RR-4KG",55842582824,"L8WY-72D","Male"
"L8RR-4KG",55842582825,"GZBB-BMJ","Female"
"99QT-MCB",55842582826,"LDSS-KBB","Male"
"99QT-MCB",55842582827,"GLZ3-DZS","Female"
"LDSS-KJ6",55842582832,"LDSS-288","Male"
"LDSS-KJ6",55842582833,"G6PK-MQW","Female"
"L28D-TJH",55842582834,"9WMP-NNQ","Male"
"L28D-TJH",55842582835,"945D-J9Y","Female"
"LYCY-PN6",55842582836,"LDSS-26H","Male"
"LYCY-PN6",55842582837,"L6SC-CJF","Female"
"LDSS-KKV",55842582838,"LZLQ-664","Male"
"LDSS-KKV",55842582839,"GK2Y-MJB","Female"
"KDQW-JTJ",55842582840,"9HTX-2CD","Male"
"KDQW-JTJ",55842582841,"G39Q-HBK","Female"
"LDS9-GGV",55842582842,"LZGK-GZB","Male"
"LDS9-GGV",55842582843,"MXKR-J9R","Female"
"LVMF-2JP",55842582848,"GLBB-B7J","Male"
"LVMF-2JP",55842582849,"GKY2-HZS","Female"
"LDSS-D1D",55842582852,"GMWX-WW1","Male"
"LD9R-RYR",55842582880,"LCRR-KM2","Male"
"LD9R-RYR",55842582881,"LDW5-JN2","Female"
"M15L-V4Q",55842582882,"LD9Y-C7T","Male"
"M15L-V4Q",55842582883,"LD9Y-CW9","Female"
"L133-HLP",55842582884,"94T6-749","Male"
"L133-HLP",55842582885,"GLLC-968","Female"
"KH8N-T92",55842582886,"L1DW-Q5N","Male"
"KH8N-T92",55842582887,"2781-6PP","Female"
"L8BY-3VJ",55842582888,"L8YY-PP2","Male"
"L8BY-3VJ",55842582889,"LT5Z-556","Female"
"94BP-X4Z",55842582890,"LBGF-H83","Male"
"94BP-X4Z",55842582891,"LZ56-WY6","Female"
"L8YY-5HK",55842582892,"9CXC-B7Y","Male"
"L8YY-5HK",55842582893,"LZBY-TS8","Female"
"L8WB-D2Z",55842582894,"GK9Q-S8F","Male"
"L8WB-D2Z",55842582895,"GK85-LHZ","Female"
"L8YY-PD5",55842582896,"L8YY-PZ9","Male"
"L8YY-PD5",55842582897,"9H65-XXK","Female"
"MBV2-T1M",55842582898,"GVD8-XBR","Male"
"MBV2-T1M",55842582899,"GVD8-NJ7","Female"
"GKZZ-K49",55842582900,"GGZQ-BP3","Male"
"GKZZ-K49",55842582901,"GHNF-BYC","Female"
"GL6R-9XP",55842582902,"GG38-D9W","Male"
"GL6R-9XP",55842582903,"GN8V-37D","Female"
"KJP2-TBR",55842582904,"LZLG-V3F","Male"
"KJP2-TBR",55842582905,"LH6K-2BP","Female"
"GFN3-DQ5",55842582906,"GJYM-TGG","Male"
"GFN3-DQ5",55842582907,"LBPM-PVV","Female"
"GQ59-8LX",55842582908,"GQMM-WCR","Male"
"GQ59-8LX",55842582909,"G29Z-H7W","Female"
"GSCJ-Z9D",55842582910,"LYS6-FRB","Male"
"GSCJ-Z9D",55842582911,"L1JY-KRP","Female"
"G9WK-ZB3",55842583048,"L1SL-2HR","Male"
"GHS6-1TP",55842583050,"LZF6-M94","Male"
"GHS6-1TP",55842583051,"L5TT-LG3","Female"
"L1Q3-L7Z",55842583052,"2RBY-DVZ","Male"
"L1Q3-L7Z",55842583053,"2R66-L8L","Female"
"KNW5-CM9",55842583056,"LVMF-2YH","Male"
"KNW5-CM9",55842583057,"GH4Y-2HC","Female"
"LCRM-5HJ",55842583058,"LCQX-XJS","Male"
"LCRM-5HJ",55842583059,"L78P-85J","Female"
"LHW9-VZ4",55842583060,"L1MT-HC1","Male"
"LHW9-VZ4",55842583061,"GVGZ-DCK","Female"
"KNQ6-9ZF",55842583237,"GGM3-KZW","Female"
"LDS9-GTK",55842583240,"9HTX-2CD","Male"
"LDS9-GTK",55842583241,"G39Q-HBK","Female"
"GMN3-7TX",55842583242,"L7LR-RWX","Male"
"GMN3-7TX",55842583243,"GKGZ-365","Female"
"LT83-QKS",55842583256,"GZ2L-M6L","Male"
"LT83-QKS",55842583257,"LBTR-BTW","Female"
"GDG2-NJC",55842583258,"G6RN-4Y7","Male"
"GDG2-NJC",55842583259,"GFPT-S5P","Female"
"G9M5-FF1",55842583260,"LY9D-2F8","Male"
"G9M5-FF1",55842583261,"L28D-TJH","Female"
"GN9F-M6Q",55842583262,"GJTS-3TP","Male"
"GN9F-M6Q",55842583263,"GN15-LRT","Female"
"LZS9-ZC2",55842583360,"9HYQ-M4G","Male"
"LZS9-ZC2",55842583361,"GJGW-QM6","Female"
"LZ61-F76",55842583362,"LZ19-924","Male"
"LZ61-F76",55842583363,"GL5F-YH1","Female"
"KZPV-BQM",55842583364,"L8RR-4KG","Male"
"KZPV-BQM",55842583365,"99QT-MCB","Female"
"GGTM-B2D",55842583370,"G792-Y4T","Male"
"GGTM-B2D",55842583371,"GK5F-4LY","Female"
"9HYQ-M4G",55842583424,"G7XJ-1LY","Male"
"9HYQ-M4G",55842583425,"GL2J-F24","Female"
"GJGW-QM6",55842583426,"GGL4-859","Male"
"GJGW-QM6",55842583427,"GGL4-6DG","Female"
"LZ19-924",55842583428,"LZF6-M94","Male"
"LZ19-924",55842583429,"GWW8-LWR","Female"
"GL5F-YH1",55842583430,"GGHH-9CK","Male"
"GL5F-YH1",55842583431,"GGHH-4HZ","Female"
"LHPZ-9WQ",55842583440,"938W-39J","Male"
"LHPZ-9WQ",55842583441,"9W89-MK6","Female"
"LCT8-QVQ",55842583442,"LYXW-BQK","Male"
"L8BY-3VJ",55842583448,"L8YY-PP2","Male"
"L8BY-3VJ",55842583449,"LT5Z-556","Female"
"94BP-X4Z",55842583450,"LBGF-H83","Male"
"94BP-X4Z",55842583451,"LZ56-WY6","Female"
"L8YY-5HK",55842583452,"9CXC-B7Y","Male"
"L8YY-5HK",55842583453,"LZBY-TS8","Female"
"L8WB-D2Z",55842583454,"GK9Q-S8F","Male"
"L8WB-D2Z",55842583455,"GK85-LHZ","Female"
"L8RR-4KG",55842583464,"L8WY-72D","Male"
"L8RR-4KG",55842583465,"GZBB-BMJ","Female"
"99QT-MCB",55842583466,"LDSS-KBB","Male"
"99QT-MCB",55842583467,"GLZ3-DZS","Female"
"LDSS-KJ6",55842583472,"LDSS-288","Male"
"LDSS-KJ6",55842583473,"G6PK-MQW","Female"
"L28D-TJH",55842583474,"9WMP-NNQ","Male"
"L28D-TJH",55842583475,"945D-J9Y","Female"
"LYCY-PN6",55842583476,"LDSS-26H","Male"
"LYCY-PN6",55842583477,"L6SC-CJF","Female"
"LDSS-KKV",55842583478,"LZLQ-664","Male"
"LDSS-KKV",55842583479,"GK2Y-MJB","Female"
"KDQW-JTJ",55842583480,"9HTX-2CD","Male"
"KDQW-JTJ",55842583481,"G39Q-HBK","Female"
"LDS9-GGV",55842583482,"LZGK-GZB","Male"
"LDS9-GGV",55842583483,"MXKR-J9R","Female"
"LVMF-2JP",55842583488,"GLBB-B7J","Male"
"LVMF-2JP",55842583489,"GKY2-HZS","Female"
"LDSS-D1D",55842583492,"GMWX-WW1","Male"
"LD9R-RYR",55842583520,"LCRR-KM2","Male"
"LD9R-RYR",55842583521,"LDW5-JN2","Female"
"M15L-V4Q",55842583522,"LD9Y-C7T","Male"
"M15L-V4Q",55842583523,"LD9Y-CW9","Female"
"L133-HLP",55842583524,"94T6-749","Male"
"L133-HLP",55842583525,"GLLC-968","Female"
"KH8N-T92",55842583526,"L1DW-Q5N","Male"
"KH8N-T92",55842583527,"2781-6PP","Female"
"L8BY-3VJ",55842583528,"L8YY-PP2","Male"
"L8BY-3VJ",55842583529,"LT5Z-556","Female"
"94BP-X4Z",55842583530,"LBGF-H83","Male"
"94BP-X4Z",55842583531,"LZ56-WY6","Female"
"L8YY-5HK",55842583532,"9CXC-B7Y","Male"
"L8YY-5HK",55842583533,"LZBY-TS8","Female"
"L8WB-D2Z",55842583534,"GK9Q-S8F","Male"
"L8WB-D2Z",55842583535,"GK85-LHZ","Female"
"L8YY-PD5",55842583536,"L8YY-PZ9","Male"
"L8YY-PD5",55842583537,"9H65-XXK","Female"
"MBV2-T1M",55842583538,"GVD8-XBR","Male"
"MBV2-T1M",55842583539,"GVD8-NJ7","Female"
"GKZZ-K49",55842583540,"GGZQ-BP3","Male"
"GKZZ-K49",55842583541,"GHNF-BYC","Female"
"GL6R-9XP",55842583542,"GG38-D9W","Male"
"GL6R-9XP",55842583543,"GN8V-37D","Female"
"KJP2-TBR",55842583544,"LZLG-V3F","Male"
"KJP2-TBR",55842583545,"LH6K-2BP","Female"
"GFN3-DQ5",55842583546,"GJYM-TGG","Male"
"GFN3-DQ5",55842583547,"LBPM-PVV","Female"
"GQ59-8LX",55842583548,"GQMM-WCR","Male"
"GQ59-8LX",55842583549,"G29Z-H7W","Female"
"GSCJ-Z9D",55842583550,"LYS6-FRB","Male"
"GSCJ-Z9D",55842583551,"L1JY-KRP","Female"
"GGZD-RQR",55842583616,"GGTX-L7Y","Male"
"GGZD-RQR",55842583617,"GGTX-Q2J","Female"
"GL9M-YXL",55842583618,"GKZG-KWQ","Male"
"GL9M-YXL",55842583619,"GGTN-692","Female"
"GV4P-VY5",55842583648,"LCCZ-SSV","Male"
"GV4P-VY5",55842583649,"GSC5-SBV","Female"
"GGJD-JSR",55842583650,"G9FS-BL2","Male"
"GGJD-JSR",55842583651,"GGXP-5J3","Female"
"GZRK-SFB",55842583652,"GLZW-7GF","Male"
"GZRK-SFB",55842583653,"GVSG-X5N","Female"
"GVSP-WS2",55842583654,"G6T6-SZ3","Male"
"GVSP-WS2",55842583655,"GZB1-L61","Female"
"GSZ1-PTQ",55842583728,"G8GM-R5T","Male"
"GSZ1-PTQ",55842583729,"G8YH-W8V","Female"
"GS8M-WYK",55842583730,"GQSJ-G4F","Male"
"GS8M-WYK",55842583731,"GVG7-N47","Female"
"991T-WHY",55842583732,"991T-WC7","Male"
"G3TV-1F5",55842583734,"GLGG-K2D","Male"
"L62H-Z9T",55842583736,"LDHS-DWJ","Male"
"GVSP-PVV",55842583738,"G2H3-QFZ","Male"
"GVSP-PVV",55842583739,"G2H3-MGK","Female"
"GKZ8-HXS",55842583740,"G6K1-794","Male"
"GKS3-YPX",55842583742,"G2RH-TWL","Male"
"GKS3-YPX",55842583743,"KCZY-FCT","Female"
"9HTX-2CD",55842583744,"9HRG-JDL","Male"
"9HTX-2CD",55842583745,"LDH1-G9D","Female"
"LZGK-ZV2",55842583750,"LZ1T-YG5","Male"
"LZGK-ZV2",55842583751,"LZZF-5Z1","Female"
"GGG7-Q5M",55842583760,"G6TC-GD8","Male"
"GGG7-Q5M",55842583761,"GGG3-LR4","Female"
"GZL1-BTV",55842583762,"GZVH-K4C","Male"
"GZL1-BTV",55842583763,"GZVH-NJM","Female"
"28YJ-Z4N",55842583772,"9HTX-2CD","Male"
"28YJ-Z4N",55842583773,"G39Q-HBK","Female"
"GGGT-9MX",55842583774,"MXVC-BK8","Male"
"G233-LXN",55842583776,"GGJD-LJM","Male"
"G233-LXN",55842583777,"G2PL-CYW","Female"
"GC7G-R6L",55842583784,"9CHR-8ZW","Male"
"GC7G-R6L",55842583785,"GVWL-TZN","Female"
"GC7P-77S",55842583786,"G2PK-2PB","Male"
"GC7P-77S",55842583787,"GVXD-YLR","Female"
"GFJ1-LXM",55842583808,"GGB7-56K","Male"
"9HT1-YR2",55842583936,"GH2M-VGN","Male"
"9HT1-YR2",55842583937,"G649-8LB","Female"
"GGL8-Q37",55842584064,"MVTT-BLN","Male"
"LT83-QKS",55842584128,"GZ2L-M6L","Male"
"LT83-QKS",55842584129,"LBTR-BTW","Female"
"GDG2-NJC",55842584130,"G6RN-4Y7","Male"
"GDG2-NJC",55842584131,"GFPT-S5P","Female"
"G9M5-FF1",55842584132,"LY9D-2F8","Male"
"G9M5-FF1",55842584133,"L28D-TJH","Female"
"GN9F-M6Q",55842584134,"GJTS-3TP","Male"
"GN9F-M6Q",55842584135,"GN15-LRT","Female"
"LY9D-2F8",55842584192,"LCJD-VX6","Male"
"LY9D-2F8",55842584193,"LD9R-RKH","Female"
"L28D-TJH",55842584194,"9WMP-NNQ","Male"
"L28D-TJH",55842584195,"945D-J9Y","Female"
"GJTS-3TP",55842584196,"GZ8X-GV2","Male"
"GJTS-3TP",55842584197,"G6ZP-B73","Female"
"KDQW-JTJ",55842584200,"9HTX-2CD","Male"
"KDQW-JTJ",55842584201,"G39Q-HBK","Female"
"LDS9-GGV",55842584202,"LZGK-GZB","Male"
"LDS9-GGV",55842584203,"MXKR-J9R","Female"
"G7NH-CM4",55842584208,"G215-NYD","Male"
"G7NH-CM4",55842584209,"GG1F-HTT","Female"
"GLL2-BZV",55842584233,"G8W1-V4X","Female"
"GC4V-KPG",55842584236,"G891-N1Z","Male"
"GC4V-KPG",55842584237,"G3YQ-19T","Female"
"L175-67M",55842584238,"GGKJ-Z1T","Male"
"L175-67M",55842584239,"KL6C-XQV","Female"
"K84R-TMS",55842584240,"LDHB-RRD","Male"
"K84R-TMS",55842584241,"GKVP-QMK","Female"
"LTF2-JTC",55842584244,"9SJJ-97N","Male"
"LTF2-JTC",55842584245,"LZJG-K5N","Female"
"LKNM-HR3",55842584246,"LJ2H-W3S","Male"
"LKNM-HR3",55842584247,"LZ2S-DKM","Female"
"L1QD-DXV",55842584248,"GJ2V-WRY","Male"
"L1QD-DXV",55842584249,"G2CN-HW6","Female"
"LD9P-M8N",55842584250,"LD9P-MFB","Male"
"LD9P-M8N",55842584251,"LH6C-VKZ","Female"
"GNSH-WMX",55842584272,"G7NH-CM4","Male"
"GNSH-WMX",55842584273,"G215-VM8","Female"
"K84R-TMS",55842584280,"LDHB-RRD","Male"
"K84R-TMS",55842584281,"GKVP-QMK","Female"
"LTF2-JTC",55842584284,"9SJJ-97N","Male"
"LTF2-JTC",55842584285,"LZJG-K5N","Female"
"LKNM-HR3",55842584286,"LJ2H-W3S","Male"
"LKNM-HR3",55842584287,"LZ2S-DKM","Female"
"GLL2-BZV",55842584297,"G8W1-V4X","Female"
"GC4V-KPG",55842584300,"G891-N1Z","Male"
"GC4V-KPG",55842584301,"G3YQ-19T","Female"
"L175-67M",55842584302,"GGKJ-Z1T","Male"
"L175-67M",55842584303,"KL6C-XQV","Female"
"K84R-TMS",55842584304,"LDHB-RRD","Male"
"K84R-TMS",55842584305,"GKVP-QMK","Female"
"LTF2-JTC",55842584308,"9SJJ-97N","Male"
"LTF2-JTC",55842584309,"LZJG-K5N","Female"
"LKNM-HR3",55842584310,"LJ2H-W3S","Male"
"LKNM-HR3",55842584311,"LZ2S-DKM","Female"
"L1QD-DXV",55842584312,"GJ2V-WRY","Male"
"L1QD-DXV",55842584313,"G2CN-HW6","Female"
"LD9P-M8N",55842584314,"LD9P-MFB","Male"
"LD9P-M8N",55842584315,"LH6C-VKZ","Female"
"GLFD-7MD",55842584448,"GMMD-GH5","Male"
"GLFD-7MD",55842584449,"LBK1-86P","Female"
"GGFH-MVX",55842584450,"LCJD-VX6","Male"
"GGFH-MVX",55842584451,"LD9R-RKH","Female"
"9HTX-2CD",55842584452,"9HRG-JDL","Male"
"9HTX-2CD",55842584453,"LDH1-G9D","Female"
"G6LZ-TWJ",55842584456,"L5LL-BRL","Male"
"G6LZ-TWJ",55842584457,"GZ4M-H94","Female"
"G6R2-BDM",55842584462,"GFZ2-JTZ","Male"
"L6NQ-1X6",55842584832,"GNXF-WG7","Male"
"L6NQ-1X6",55842584833,"GGQ4-41T","Female"
"GDX5-HMR",55842584834,"949D-P6W","Male"
"GDX5-HMR",55842584835,"GDY4-Z39","Female"
"KGSQ-35V",55842584848,"L1H5-9N6","Male"
"KGSQ-35V",55842584849,"G2LB-R53","Female"
"9ZHZ-89Q",55842584852,"9C3G-QBG","Male"
"9ZHZ-89Q",55842584853,"GKZQ-BG1","Female"
"G8L4-56J",55842584854,"L7T5-PSJ","Male"
"G8L4-56J",55842584855,"LHQP-B81","Female"
"L6NQ-1X6",55842584864,"GNXF-WG7","Male"
"L6NQ-1X6",55842584865,"GGQ4-41T","Female"
"GDX5-HMR",55842584866,"949D-P6W","Male"
"GDX5-HMR",55842584867,"GDY4-Z39","Female"
"KGSQ-35V",55842584880,"L1H5-9N6","Male"
"KGSQ-35V",55842584881,"G2LB-R53","Female"
"9ZHZ-89Q",55842584884,"9C3G-QBG","Male"
"9ZHZ-89Q",55842584885,"GKZQ-BG1","Female"
"G8L4-56J",55842584886,"L7T5-PSJ","Male"
"G8L4-56J",55842584887,"LHQP-B81","Female"
"9CS2-F59",55842584896,"G6Z2-MMC","Male"
"9CS2-F59",55842584897,"GLS4-HTS","Female"
"GGM8-4Z7",55842584898,"9C9Z-CSF","Male"
"GGM8-4Z7",55842584899,"KP7K-PV7","Female"
"9W46-QD7",55842584900,"KHKF-JPT","Male"
"9W46-QD7",55842584901,"LDMB-Q59","Female"
"LRBL-B6T",55842584902,"9C9Z-CSF","Male"
"LRBL-B6T",55842584903,"M7WR-8GF","Female"
"MYW1-TBC",55842584904,"G88P-GK4","Male"
"MYW1-TBC",55842584905,"G6JZ-G2D","Female"
"9CS2-F59",55842584908,"G6Z2-MMC","Male"
"9CS2-F59",55842584909,"GLS4-HTS","Female"
"GGM8-4Z7",55842584910,"9C9Z-CSF","Male"
"GGM8-4Z7",55842584911,"KP7K-PV7","Female"
"L6NQ-1X6",55842584960,"GNXF-WG7","Male"
"L6NQ-1X6",55842584961,"GGQ4-41T","Female"
"GDX5-HMR",55842584962,"949D-P6W","Male"
"GDX5-HMR",55842584963,"GDY4-Z39","Female"
"KGSQ-35V",55842584976,"L1H5-9N6","Male"
"KGSQ-35V",55842584977,"G2LB-R53","Female"
"9ZHZ-89Q",55842584980,"9C3G-QBG","Male"
"9ZHZ-89Q",55842584981,"GKZQ-BG1","Female"
"G8L4-56J",55842584982,"L7T5-PSJ","Male"
"G8L4-56J",55842584983,"LHQP-B81","Female"
"9CS2-F59",55842585024,"G6Z2-MMC","Male"
"9CS2-F59",55842585025,"GLS4-HTS","Female"
"GGM8-4Z7",55842585026,"9C9Z-CSF","Male"
"GGM8-4Z7",55842585027,"KP7K-PV7","Female"
"9W46-QD7",55842585028,"KHKF-JPT","Male"
"9W46-QD7",55842585029,"LDMB-Q59","Female"
"LRBL-B6T",55842585030,"9C9Z-CSF","Male"
"LRBL-B6T",55842585031,"M7WR-8GF","Female"
"MYW1-TBC",55842585032,"G88P-GK4","Male"
"MYW1-TBC",55842585033,"G6JZ-G2D","Female"
"9CS2-F59",55842585036,"G6Z2-MMC","Male"
"9CS2-F59",55842585037,"GLS4-HTS","Female"
"GGM8-4Z7",55842585038,"9C9Z-CSF","Male"
"GGM8-4Z7",55842585039,"KP7K-PV7","Female"
"949K-PBH",55842585664,"GGY2-N7M","Male"
"949K-PBH",55842585665,"GGYL-VM8","Female"
"L8RR-4KG",55842585704,"L8WY-72D","Male"
"L8RR-4KG",55842585705,"GZBB-BMJ","Female"
"99QT-MCB",55842585706,"LDSS-KBB","Male"
"99QT-MCB",55842585707,"GLZ3-DZS","Female"
"LDSS-KJ6",55842585712,"LDSS-288","Male"
"LDSS-KJ6",55842585713,"G6PK-MQW","Female"
"L28D-TJH",55842585714,"9WMP-NNQ","Male"
"L28D-TJH",55842585715,"945D-J9Y","Female"
"LYCY-PN6",55842585716,"LDSS-26H","Male"
"LYCY-PN6",55842585717,"L6SC-CJF","Female"
"LDSS-KKV",55842585718,"LZLQ-664","Male"
"LDSS-KKV",55842585719,"GK2Y-MJB","Female"
"KDQW-JTJ",55842585720,"9HTX-2CD","Male"
"KDQW-JTJ",55842585721,"G39Q-HBK","Female"
"LDS9-GGV",55842585722,"LZGK-GZB","Male"
"LDS9-GGV",55842585723,"MXKR-J9R","Female"
"949K-5Q2",55842585760,"949K-PBH","Male"
"KZPV-BQM",55842585780,"L8RR-4KG","Male"
"KZPV-BQM",55842585781,"99QT-MCB","Female"
"M1VS-25N",55842585784,"LDSS-KJ6","Male"
"M1VS-25N",55842585785,"L28D-TJH","Female"
"LDSS-KHY",55842585786,"LYCY-PN6","Male"
"LDSS-KHY",55842585787,"LDSS-KKV","Female"
"LZGQ-LJX",55842585788,"KDQW-JTJ","Male"
"LZGQ-LJX",55842585789,"LDS9-GGV","Female"
"28YJ-Z4N",55842585804,"9HTX-2CD","Male"
"28YJ-Z4N",55842585805,"G39Q-HBK","Female"
"GGGT-9MX",55842585806,"MXVC-BK8","Male"
"G6LT-J5Y",55842585816,"LC3F-X4D","Male"
"G6LT-J5Y",55842585817,"GPMZ-2FZ","Female"
"LBKM-2H9",55842585856,"M6CX-71W","Male"
"LBKM-2H9",55842585857,"M6CX-7YW","Female"
"LBDY-3J8",55842585858,"MNGL-KK4","Male"
"LBDY-3J8",55842585859,"94TJ-T3B","Female"
"MKTV-TMC",55842585864,"GG5X-Q83","Male"
"MKTV-TMC",55842585865,"GG5X-X2N","Female"
"GJ9M-PR2",55842585872,"GQ6F-W6Y","Male"
"GJ9M-PR2",55842585873,"G2N1-2HM","Female"
"LZLG-V3F",55842585876,"L7NG-DRP","Male"
"LZLG-V3F",55842585877,"LYTH-K3C","Female"
"LH6K-2BP",55842585878,"LTT6-YJQ","Male"
"LH6K-2BP",55842585879,"GV8X-JR1","Female"
"LD9R-RYR",55842585888,"LCRR-KM2","Male"
"LD9R-RYR",55842585889,"LDW5-JN2","Female"
"M15L-V4Q",55842585890,"LD9Y-C7T","Male"
"M15L-V4Q",55842585891,"LD9Y-CW9","Female"
"L133-HLP",55842585892,"94T6-749","Male"
"L133-HLP",55842585893,"GLLC-968","Female"
"KH8N-T92",55842585894,"L1DW-Q5N","Male"
"KH8N-T92",55842585895,"2781-6PP","Female"
"L8BY-3VJ",55842585896,"L8YY-PP2","Male"
"L8BY-3VJ",55842585897,"LT5Z-556","Female"
"94BP-X4Z",55842585898,"LBGF-H83","Male"
"94BP-X4Z",55842585899,"LZ56-WY6","Female"
"L8YY-5HK",55842585900,"9CXC-B7Y","Male"
"L8YY-5HK",55842585901,"LZBY-TS8","Female"
"L8WB-D2Z",55842585902,"GK9Q-S8F","Male"
"L8WB-D2Z",55842585903,"GK85-LHZ","Female"
"L8YY-PD5",55842585904,"L8YY-PZ9","Male"
"L8YY-PD5",55842585905,"9H65-XXK","Female"
"MBV2-T1M",55842585906,"GVD8-XBR","Male"
"MBV2-T1M",55842585907,"GVD8-NJ7","Female"
"GKZZ-K49",55842585908,"GGZQ-BP3","Male"
"GKZZ-K49",55842585909,"GHNF-BYC","Female"
"GL6R-9XP",55842585910,"GG38-D9W","Male"
"GL6R-9XP",55842585911,"GN8V-37D","Female"
"KJP2-TBR",55842585912,"LZLG-V3F","Male"
"KJP2-TBR",55842585913,"LH6K-2BP","Female"
"GFN3-DQ5",55842585914,"GJYM-TGG","Male"
"GFN3-DQ5",55842585915,"LBPM-PVV","Female"
"GQ59-8LX",55842585916,"GQMM-WCR","Male"
"GQ59-8LX",55842585917,"G29Z-H7W","Female"
"GSCJ-Z9D",55842585918,"LYS6-FRB","Male"
"GSCJ-Z9D",55842585919,"L1JY-KRP","Female"
"GN8G-MT7",55842585928,"GJMV-L5G","Male"
"GN8G-MT7",55842585929,"GSP6-P1B","Female"
"L8TJ-5XS",55842585936,"KX2S-NWF","Male"
"L8TJ-5XS",55842585937,"L7GV-KKS","Female"
"LJG4-5YW",55842585940,"GGKW-M5B","Male"
"LJG4-5YW",55842585941,"LDH1-G9D","Female"
"G7YH-3GJ",55842585944,"GV4P-VY5","Male"
"G7YH-3GJ",55842585945,"GGJD-JSR","Female"
"GC45-DB8",55842585946,"GZRK-SFB","Male"
"GC45-DB8",55842585947,"GVSP-WS2","Female"
"G8WB-MGZ",55842586048,"G7T1-72X","Male"
"G8WB-MGZ",55842586049,"G7TB-YKK","Female"
"GZ11-7D6",55842586050,"GX7C-LRS","Male"
"GZ11-7D6",55842586051,"GN1M-ZZK","Female"
"GV1G-PNW",55842586052,"GG1P-3D3","Male"
"GV1G-PNW",55842586053,"GG1P-C6R","Female"
"G9BS-LX8",55842586064,"L2Y1-PH3","Male"
"GJM6-MPH",55842586070,"GJMD-YMZ","Male"
"GJM6-MPH",55842586071,"G6YJ-SZ6","Female"
"KDQW-JTJ",55842586144,"9HTX-2CD","Male"
"KDQW-JTJ",55842586145,"G39Q-HBK","Female"
"LDS9-GGV",55842586146,"LZGK-GZB","Male"
"LDS9-GGV",55842586147,"MXKR-J9R","Female"
"L1DD-JMP",55842586148,"GG5W-TJ1","Male"
"L1DD-JMP",55842586149,"GG54-SDF","Female"
"9WY9-HRJ",55842586150,"LZ19-924","Male"
"LD95-VV6",55842586152,"LD95-VVH","Male"
"LD95-VV6",55842586153,"99SD-Z4Q","Female"
"9H2F-HV5",55842586154,"MBGG-7NP","Male"
"9H2F-HV5",55842586155,"LD9R-SHL","Female"
"LD9R-RB7",55842586156,"LD9R-RYR","Male"
"LD9R-RB7",55842586157,"M15L-V4Q","Female"
"LDSS-6H5",55842586158,"L133-HLP","Male"
"LDSS-6H5",55842586159,"KH8N-T92","Female"
"9HYQ-M4G",55842586176,"G7XJ-1LY","Male"
"9HYQ-M4G",55842586177,"GL2J-F24","Female"
"GJGW-QM6",55842586178,"GGL4-859","Male"
"GJGW-QM6",55842586179,"GGL4-6DG","Female"
"LZ19-924",55842586180,"LZF6-M94","Male"
"LZ19-924",55842586181,"GWW8-LWR","Female"
"GL5F-YH1",55842586182,"GGHH-9CK","Male"
"GL5F-YH1",55842586183,"GGHH-4HZ","Female"
"L8RR-4KG",55842586184,"L8WY-72D","Male"
"L8RR-4KG",55842586185,"GZBB-BMJ","Female"
"99QT-MCB",55842586186,"LDSS-KBB","Male"
"99QT-MCB",55842586187,"GLZ3-DZS","Female"
"G792-Y4T",55842586196,"GZ9Q-17G","Male"
"GK5F-4LY",55842586198,"GK5F-8MJ","Male"
"GK5F-4LY",55842586199,"GQ2G-ZP8","Female"
"LYKM-77Q",55842586400,"LTX5-SQZ","Male"
"LYKM-77Q",55842586401,"L5K3-3D7","Female"
"G9KN-N8D",55842586402,"G7PX-SZB","Male"
"G9KN-N8D",55842586403,"GNCF-W7M","Female"
"9Z8X-1VX",55842586424,"L2SG-RHC","Male"
"9Z8X-1VX",55842586425,"GX4P-D1J","Female"
"9Z8X-1VF",55842586426,"9Z4Y-476","Male"
"9Z8X-1VF",55842586427,"G396-J2Q","Female"
"LDHB-RRD",55842586496,"9HTX-2CD","Male"
"LDHB-RRD",55842586497,"L83J-4S6","Female"
"GKVP-QMK",55842586498,"LDHS-Z3V","Male"
"GKVP-QMK",55842586499,"LZGK-ZV2","Female"
"9SJJ-97N",55842586504,"GGG7-Q5M","Male"
"9SJJ-97N",55842586505,"GZL1-BTV","Female"
"LZJG-K5N",55842586506,"KX2S-NWF","Male"
"LZJG-K5N",55842586507,"L7GV-KKS","Female"
"LJ2H-W3S",55842586508,"GD74-RRH","Male"
"LJ2H-W3S",55842586509,"GJ5M-BKM","Female"
"LZ2S-DKM",55842586510,"28YJ-Z4N","Male"
"LZ2S-DKM",55842586511,"GGGT-9MX","Female"
"GJ2V-WRY",55842586512,"G233-LXN","Male"
"GJ2V-WRY",55842586513,"GGWK-NT3","Female"
"LD9P-MFB",55842586516,"GC7G-R6L","Male"
"LD9P-MFB",55842586517,"GC7P-77S","Female"
"L1WT-FRN",55842586528,"GZRK-SFB","Male"
"L1WT-FRN",55842586529,"GVSP-WS2","Female"
"L1WY-QMZ",55842586530,"GHKB-C3J","Male"
"L1WY-QMZ",55842586531,"L5DR-KL8","Female"
"LB5R-TH8",55842586532,"KDQW-JTJ","Male"
"LB5R-TH8",55842586533,"LDS9-GGV","Female"
"LDHQ-P5F",55842586534,"LD9R-RB7","Male"
"LDHQ-P5F",55842586535,"LDSS-6H5","Female"
"LBJ9-GZ4",55842586536,"9ZH7-GMD","Male"
"LBJ9-GZ4",55842586537,"MBYH-395","Female"
"KZPP-B68",55842586538,"G7ZN-5DF","Male"
"L18B-R3G",55842586540,"G2TZ-96Y","Male"
"L18B-R3G",55842586541,"G2T8-97Z","Female"
"KDQH-DJG",55842586542,"L1DD-JMP","Male"
"KDQH-DJG",55842586543,"9WY9-HRJ","Female"
"GQRQ-G6B",55842586560,"GQRQ-K79","Male"
"GQRQ-G6B",55842586561,"GGVR-MY2","Female"
"L1SL-2HR",55842594832,"L1ZH-YYR","Male"
"LZF6-M94",55842594836,"KGSQ-35V","Male"
"LZF6-M94",55842594837,"GKZQ-S2R","Female"
"2RBY-DVZ",55842594840,"2RBY-DV6","Male"
"2RBY-DVZ",55842594841,"2R66-L8J","Female"
"LVMF-2YH",55842594848,"GG7D-MRS","Male"
"LVMF-2YH",55842594849,"GG78-1G9","Female"
"GH4Y-2HC",55842594850,"9HT1-TZH","Male"
"GH4Y-2HC",55842594851,"G6ZK-D3J","Female"
"LCQX-XJS",55842594852,"G27L-LWB","Male"
"L1MT-HC1",55842594856,"L134-D1P","Male"
"L1MT-HC1",55842594857,"L8YY-R1N","Female"
"GVGZ-DCK",55842594858,"LDQ1-RBN","Male"
"GVGZ-DCK",55842594859,"GVN6-YQL","Female"
"9HTX-2CD",55842595216,"9HRG-JDL","Male"
"9HTX-2CD",55842595217,"LDH1-G9D","Female"
"G39Q-HBK",55842595218,"KX2S-NWF","Male"
"G39Q-HBK",55842595219,"L7GV-KKS","Female"
"L7LR-RWX",55842595220,"GVR7-Q43","Male"
"L7LR-RWX",55842595221,"L2DV-WS5","Female"
"LBTR-BTW",55842595250,"LZK3-LK2","Male"
"LBTR-BTW",55842595251,"M185-RW3","Female"
"G6RN-4Y7",55842595252,"G6DZ-JKF","Male"
"G6RN-4Y7",55842595253,"G6D8-388","Female"
"GFPT-S5P",55842595254,"GZ8X-GV2","Male"
"GFPT-S5P",55842595255,"G6ZP-B73","Female"
"LY9D-2F8",55842595256,"LCJD-VX6","Male"
"LY9D-2F8",55842595257,"LD9R-RKH","Female"
"L28D-TJH",55842595258,"9WMP-NNQ","Male"
"L28D-TJH",55842595259,"945D-J9Y","Female"
"GJTS-3TP",55842595260,"GZ8X-GV2","Male"
"GJTS-3TP",55842595261,"G6ZP-B73","Female"
"9HYQ-M4G",55842595456,"G7XJ-1LY","Male"
"9HYQ-M4G",55842595457,"GL2J-F24","Female"
"GJGW-QM6",55842595458,"GGL4-859","Male"
"GJGW-QM6",55842595459,"GGL4-6DG","Female"
"LZ19-924",55842595460,"LZF6-M94","Male"
"LZ19-924",55842595461,"GWW8-LWR","Female"
"GL5F-YH1",55842595462,"GGHH-9CK","Male"
"GL5F-YH1",55842595463,"GGHH-4HZ","Female"
"L8RR-4KG",55842595464,"L8WY-72D","Male"
"L8RR-4KG",55842595465,"GZBB-BMJ","Female"
"99QT-MCB",55842595466,"LDSS-KBB","Male"
"99QT-MCB",55842595467,"GLZ3-DZS","Female"
"G792-Y4T",55842595476,"GZ9Q-17G","Male"
"GK5F-4LY",55842595478,"GK5F-8MJ","Male"
"GK5F-4LY",55842595479,"GQ2G-ZP8","Female"
"G7XJ-1LY",55842595584,"L6NQ-1X6","Male"
"G7XJ-1LY",55842595585,"GDX5-HMR","Female"
"LZF6-M94",55842595592,"KGSQ-35V","Male"
"LZF6-M94",55842595593,"GKZQ-S2R","Female"
"GWW8-LWR",55842595594,"9ZHZ-89Q","Male"
"GWW8-LWR",55842595595,"G8L4-56J","Female"
"938W-39J",55842595616,"LCBD-GVR","Male"
"938W-39J",55842595617,"LCB8-2VX","Female"
"9W89-MK6",55842595618,"L8MB-ZF7","Male"
"9W89-MK6",55842595619,"L83F-5Z6","Female"
"LYXW-BQK",55842595620,"G791-PCN","Male"
"L8YY-PP2",55842595632,"LCN5-99B","Male"
"L8YY-PP2",55842595633,"LYNX-745","Female"
"LT5Z-556",55842595634,"GS83-FSL","Male"
"LT5Z-556",55842595635,"GL79-7R2","Female"
"LBGF-H83",55842595636,"LRQD-FS2","Male"
"LBGF-H83",55842595637,"L5VF-6MD","Female"
"LZ56-WY6",55842595638,"GJSD-GLT","Male"
"LZ56-WY6",55842595639,"GVMD-TBD","Female"
"9CXC-B7Y",55842595640,"L1WS-BMM","Male"
"9CXC-B7Y",55842595641,"9Z8D-P68","Female"
"LZBY-TS8",55842595642,"LDMN-PWB","Male"
"LZBY-TS8",55842595643,"2NBQ-FP2","Female"
"GK9Q-S8F",55842595644,"L81Y-9GD","Male"
"GK9Q-S8F",55842595645,"LB2S-PWM","Female"
"L8WY-72D",55842595664,"GK25-3JB","Male"
"L8WY-72D",55842595665,"GV4D-MFG","Female"
"LDSS-KBB",55842595668,"GKQ6-ZVV","Male"
"LDSS-KBB",55842595669,"GGQN-PGD","Female"
"LDSS-288",55842595680,"GGKJ-Z1T","Male"
"LDSS-288",55842595681,"KL6C-XQV","Female"
"G6PK-MQW",55842595682,"GD5G-QGN","Male"
"G6PK-MQW",55842595683,"GGJ8-YWG","Female"
"9WMP-NNQ",55842595684,"99PT-NTZ","Male"
"9WMP-NNQ",55842595685,"G98Z-6RZ","Female"
"945D-J9Y",55842595686,"LZ9M-HWG","Male"
"945D-J9Y",55842595687,"9M85-YGM","Female"
"LDSS-26H",55842595688,"9W7P-G88","Male"
"LDSS-26H",55842595689,"GLB2-PPV","Female"
"L6SC-CJF",55842595690,"LZVG-MCV","Male"
"L6SC-CJF",55842595691,"LQR5-6N2","Female"
"LZLQ-664",55842595692,"9S9W-MPL","Male"
"LZLQ-664",55842595693,"KFX1-BZD","Female"
"9HTX-2CD",55842595696,"9HRG-JDL","Male"
"9HTX-2CD",55842595697,"LDH1-G9D","Female"
"G39Q-HBK",55842595698,"KX2S-NWF","Male"
"G39Q-HBK",55842595699,"L7GV-KKS","Female"
"LZGK-GZB",55842595700,"LZ8D-9DK","Male"
"LZGK-GZB",55842595701,"GK9J-9XB","Female"
"MXKR-J9R",55842595702,"9QZD-J5R","Male"
"MXKR-J9R",55842595703,"L18P-6ZG","Female"
"GLBB-B7J",55842595712,"GQZM-VZS","Male"
"GKY2-HZS",55842595714,"G2CX-F3P","Male"
"GKY2-HZS",55842595715,"G2CX-M5V","Female"
"GMWX-WW1",55842595720,"GQZM-VZS","Male"
"LCRR-KM2",55842595776,"9H6Q-VVW","Male"
"LCRR-KM2",55842595777,"9HPT-832","Female"
"LDW5-JN2",55842595778,"9C72-WGJ","Male"
"LDW5-JN2",55842595779,"9CZV-2KJ","Female"
"LD9Y-C7T",55842595780,"9SJP-9TN","Male"
"LD9Y-C7T",55842595781,"LVDV-KPT","Female"
"LD9Y-CW9",55842595782,"LZDH-NFR","Male"
"LD9Y-CW9",55842595783,"LD9C-ZGZ","Female"
"94T6-749",55842595784,"GKZ8-PM1","Male"
"94T6-749",55842595785,"GMXZ-2CC","Female"
"GLLC-968",55842595786,"G8K3-VQ8","Male"
"GLLC-968",55842595787,"G9TH-6YX","Female"
"L1DW-Q5N",55842595788,"LY5W-N6P","Male"
"L1DW-Q5N",55842595789,"LHWS-BFW","Female"
"2781-6PP",55842595790,"GDB8-4V9","Male"
"2781-6PP",55842595791,"GVZM-RKC","Female"
"L8YY-PP2",55842595792,"LCN5-99B","Male"
"L8YY-PP2",55842595793,"LYNX-745","Female"
"LT5Z-556",55842595794,"GS83-FSL","Male"
"LT5Z-556",55842595795,"GL79-7R2","Female"
"LBGF-H83",55842595796,"LRQD-FS2","Male"
"LBGF-H83",55842595797,"L5VF-6MD","Female"
"LZ56-WY6",55842595798,"GJSD-GLT","Male"
"LZ56-WY6",55842595799,"GVMD-TBD","Female"
"9CXC-B7Y",55842595800,"L1WS-BMM","Male"
"9CXC-B7Y",55842595801,"9Z8D-P68","Female"
"LZBY-TS8",55842595802,"LDMN-PWB","Male"
"LZBY-TS8",55842595803,"2NBQ-FP2","Female"
"GK9Q-S8F",55842595804,"L81Y-9GD","Male"
"GK9Q-S8F",55842595805,"LB2S-PWM","Female"
"L8YY-PZ9",55842595808,"LBBB-4XS","Male"
"L8YY-PZ9",55842595809,"LDHS-6S3","Female"
"9H65-XXK",55842595810,"L8YY-PH5","Male"
"9H65-XXK",55842595811,"KFX1-BZD","Female"
"GVD8-NJ7",55842595814,"GPSX-XT1","Male"
"GVD8-NJ7",55842595815,"GPSX-KP8","Female"
"GGZQ-BP3",55842595816,"GZ44-VYR","Male"
"GGZQ-BP3",55842595817,"GKZ8-XPF","Female"
"GHNF-BYC",55842595818,"LTCX-SR2","Male"
"GHNF-BYC",55842595819,"GKZ8-XW3","Female"
"GN8V-37D",55842595822,"LB27-YWT","Male"
"GN8V-37D",55842595823,"GWZB-NNM","Female"
"LZLG-V3F",55842595824,"L7NG-DRP","Male"
"LZLG-V3F",55842595825,"LYTH-K3C","Female"
"LH6K-2BP",55842595826,"LTT6-YJQ","Male"
"LH6K-2BP",55842595827,"GV8X-JR1","Female"
"GJYM-TGG",55842595828,"29H4-2Y1","Male"
"GJYM-TGG",55842595829,"GKZ8-Q9M","Female"
"LBPM-PVV",55842595830,"G8W1-CJS","Male"
"LBPM-PVV",55842595831,"GKCC-J1G","Female"
"GQMM-WCR",55842595832,"GH7M-QSF","Male"
"GQMM-WCR",55842595833,"G4SP-ZYT","Female"
"L1JY-KRP",55842595838,"L1DW-Q5N","Male"
"L1JY-KRP",55842595839,"2781-6PP","Female"
"K6SY-4TP",55842595840,"9HD5-2W8","Male"
"GKB5-QNV",55842595872,"GKB5-H1V","Male"
"2Z31-42G",55842595880,"GLB7-PP6","Male"
"2Z31-42G",55842595881,"2TRD-1QJ","Female"
"GXHR-TN1",55842595882,"GLJZ-HYP","Male"
"GXHR-TN1",55842595883,"GLJC-666","Female"
"LZLB-PJY",55842595888,"LZBR-3W6","Male"
"LZLB-PJY",55842595889,"GDT8-G9X","Female"
"KG7N-78T",55842595896,"LZNF-SCQ","Male"
"KG7N-78T",55842595897,"LQ5C-BBR","Female"
"G9WK-ZB3",55842595900,"L1SL-2HR","Male"
"GHS6-1TP",55842595902,"LZF6-M94","Male"
"GHS6-1TP",55842595903,"L5TT-LG3","Female"
"GGWK-PPB",55842595904,"GGW2-C6R","Male"
"GGWK-PPB",55842595905,"GG4S-L5P","Female"
"G7LK-P3T",55842595912,"G7LK-4WM","Male"
"G7LK-P3T",55842595913,"GW4S-SJK","Female"
"GGWK-PPB",55842596096,"GGW2-C6R","Male"
"GGWK-PPB",55842596097,"GG4S-L5P","Female"
"G7LK-P3T",55842596104,"G7LK-4WM","Male"
"G7LK-P3T",55842596105,"GW4S-SJK","Female"
"GH1Y-JYY",55842596160,"LR3T-3QV","Male"
"GH1Y-JYY",55842596161,"LY8X-J9P","Female"
"KFFD-W9R",55842596176,"G2XB-VJQ","Male"
"KFFD-W9R",55842596177,"GHSV-NM4","Female"
"LDSS-LB3",55842596180,"2RY4-9Z9","Male"
"LDSS-LB3",55842596181,"MNTJ-2LR","Female"
"L5JM-54G",55842596182,"GZ5R-Y9N","Male"
"L5JM-54G",55842596183,"GXDS-K6L","Female"
"L8BY-3VJ",55842596184,"L8YY-PP2","Male"
"L8BY-3VJ",55842596185,"LT5Z-556","Female"
"94BP-X4Z",55842596186,"LBGF-H83","Male"
"94BP-X4Z",55842596187,"LZ56-WY6","Female"
"L8YY-5HK",55842596188,"9CXC-B7Y","Male"
"L8YY-5HK",55842596189,"LZBY-TS8","Female"
"L8WB-D2Z",55842596190,"GK9Q-S8F","Male"
"L8WB-D2Z",55842596191,"GK85-LHZ","Female"
"LD3S-HB7",55842596192,"LZN5-Q53","Male"
"LD3S-HB7",55842596193,"G2XB-DKZ","Female"
"LTYC-DNP",55842596194,"LZ19-924","Male"
"LTYC-DNP",55842596195,"GL5F-YH1","Female"
"LVMH-1XQ",55842596196,"LKDQ-9H8","Male"
"LVMH-1XQ",55842596197,"27P5-QDR","Female"
"9CCJ-FTY",55842596198,"G9JM-FD8","Male"
"9CCJ-FTY",55842596199,"L6ZX-V42","Female"
"K2NJ-ZYG",55842596204,"KF5H-44Z","Male"
"K2NJ-ZYG",55842596205,"9CW5-VNG","Female"
"9CCY-2J4",55842596200,"LFTZ-KSX","Male"
"9CCY-2J4",55842596201,"LD29-51J","Female"
"G21Y-C9F",55842596202,"LTFG-ZR8","Male"
"G21Y-C9F",55842596203,"99HN-W8M","Female"
"LR9B-N7S",55842596212,"LRSM-TWG","Male"
"9HYQ-M4G",55842596224,"G7XJ-1LY","Male"
"9HYQ-M4G",55842596225,"GL2J-F24","Female"
"GJGW-QM6",55842596226,"GGL4-859","Male"
"GJGW-QM6",55842596227,"GGL4-6DG","Female"
"LZ19-924",55842596228,"LZF6-M94","Male"
"LZ19-924",55842596229,"GWW8-LWR","Female"
"GL5F-YH1",55842596230,"GGHH-9CK","Male"
"GL5F-YH1",55842596231,"GGHH-4HZ","Female"
"GGW2-C6R",55842596352,"GGWK-6T8","Male"
"GGW2-C6R",55842596353,"GG4S-LH7","Female"
"LR3T-3QV",55842596480,"9VGN-TK6","Male"
"LR3T-3QV",55842596481,"MM54-99C","Female"
"LY8X-J9P",55842596482,"LBWD-HPQ","Male"
"LY8X-J9P",55842596483,"GZYY-H3P","Female"
"G2XB-VJQ",55842596512,"9C9Z-CSF","Male"
"G2XB-VJQ",55842596513,"GG8T-BQ8","Female"
"GHSV-NM4",55842596514,"GG5S-DCJ","Male"
"2RY4-9Z9",55842596520,"GZ5R-1T8","Male"
"2RY4-9Z9",55842596521,"GKZ8-P1Z","Female"
"MNTJ-2LR",55842596522,"GX85-9B7","Male"
"MNTJ-2LR",55842596523,"GKZ8-9CY","Female"
"GZ5R-Y9N",55842596524,"G66Z-NKQ","Male"
"GZ5R-Y9N",55842596525,"GJ6V-K5C","Female"
"GXDS-K6L",55842596526,"GXDG-BZQ","Male"
"GXDS-K6L",55842596527,"GZ6V-343","Female"
"L8YY-PP2",55842596528,"LCN5-99B","Male"
"L8YY-PP2",55842596529,"LYNX-745","Female"
"LT5Z-556",55842596530,"GS83-FSL","Male"
"LT5Z-556",55842596531,"GL79-7R2","Female"
"LBGF-H83",55842596532,"LRQD-FS2","Male"
"LBGF-H83",55842596533,"L5VF-6MD","Female"
"LZ56-WY6",55842596534,"GJSD-GLT","Male"
"LZ56-WY6",55842596535,"GVMD-TBD","Female"
"9CXC-B7Y",55842596536,"L1WS-BMM","Male"
"9CXC-B7Y",55842596537,"9Z8D-P68","Female"
"LZBY-TS8",55842596538,"LDMN-PWB","Male"
"LZBY-TS8",55842596539,"2NBQ-FP2","Female"
"GK9Q-S8F",55842596540,"L81Y-9GD","Male"
"GK9Q-S8F",55842596541,"LB2S-PWM","Female"
"LZN5-Q53",55842596544,"21RP-8TN","Male"
"LZN5-Q53",55842596545,"L8BM-ZN2","Female"
"G2XB-DKZ",55842596546,"GLVC-FM6","Male"
"LZ19-924",55842596548,"LZF6-M94","Male"
"LZ19-924",55842596549,"GWW8-LWR","Female"
"GL5F-YH1",55842596550,"GGHH-9CK","Male"
"GL5F-YH1",55842596551,"GGHH-4HZ","Female"
"LKDQ-9H8",55842596552,"LKKN-F47","Male"
"LKDQ-9H8",55842596553,"GZG9-5WJ","Female"
"27P5-QDR",55842596554,"G2DV-W2D","Male"
"27P5-QDR",55842596555,"L2NY-ZGC","Female"
"G9JM-FD8",55842596556,"KFYT-G84","Male"
"G9JM-FD8",55842596557,"LDSS-LKR","Female"
"L6ZX-V42",55842596558,"GVB1-LW9","Male"
"L6ZX-V42",55842596559,"M8H1-KRN","Female"
"KF5H-44Z",55842596568,"L4NY-WX6","Male"
"KF5H-44Z",55842596569,"LDSS-LKR","Female"
"9CW5-VNG",55842596570,"L8YY-5HK","Male"
"9CW5-VNG",55842596571,"GX26-56G","Female"
"LFTZ-KSX",55842596560,"GG45-5FF","Male"
"LD29-51J",55842596562,"LTFG-ZR8","Male"
"LD29-51J",55842596563,"99HN-W8M","Female"
"LTFG-ZR8",55842596564,"GDFJ-TC8","Male"
"LTFG-ZR8",55842596565,"G2XB-KHW","Female"
"99HN-W8M",55842596566,"MQ6Y-DJR","Male"
"99HN-W8M",55842596567,"LHR1-9SN","Female"
"G7XJ-1LY",55842596608,"L6NQ-1X6","Male"
"G7XJ-1LY",55842596609,"GDX5-HMR","Female"
"LZF6-M94",55842596616,"KGSQ-35V","Male"
"LZF6-M94",55842596617,"GKZQ-S2R","Female"
"GWW8-LWR",55842596618,"9ZHZ-89Q","Male"
"GWW8-LWR",55842596619,"G8L4-56J","Female"
"G2TZ-96Y",55842596864,"GLZJ-1J2","Male"
"L1DD-JMP",55842596868,"GG5W-TJ1","Male"
"L1DD-JMP",55842596869,"GG54-SDF","Female"
"9WY9-HRJ",55842596870,"LZ19-924","Male"
"LD9R-RCZ",55842596872,"GGT6-NYC","Male"
"LD9R-RCZ",55842596873,"GGTD-5CG","Female"
"MBWQ-SF3",55842596874,"LH3J-XVF","Male"
"MBWQ-SF3",55842596875,"KN3T-TR3","Female"
"L1R3-QH7",55842596876,"LD9R-5PH","Male"
"L1R3-QH7",55842596877,"LZM1-YM9","Female"
"M33Z-FHV",55842596878,"GGQ2-T6Y","Male"
"M33Z-FHV",55842596879,"GGQ2-FDK","Female"
"LTZK-Z7P",55842597120,"G7N3-LWQ","Male"
"LTZK-Z7P",55842597121,"GJ5H-QNY","Female"
"2MRF-VW3",55842597122,"G65L-5F3","Male"
"2MRF-VW3",55842597123,"9MFL-928","Female"
"GCQF-99Z",55842597124,"9Z8K-YB8","Male"
"GCQF-99Z",55842597125,"GFCF-Z9N","Female"
"GJ5H-JTS",55842597126,"9CXH-2GX","Male"
"GJ5H-JTS",55842597127,"G6CW-KB3","Female"
"G6RZ-NN1",55842597128,"GHGN-47Z","Male"
"G6RZ-NN1",55842597129,"GHGN-H58","Female"
"M6BM-GL3",55842597136,"9HPW-TQ9","Male"
"M6BM-GL3",55842597137,"LRSD-74X","Female"
"L228-6GM",55842597138,"G6RT-HRZ","Male"
"L228-6GM",55842597139,"GVNK-YHT","Female"
"G4BC-NRY",55842597152,"9HVL-8MH","Male"
"G4BC-NRY",55842597153,"LL3T-27G","Female"
"GHG9-Y23",55842597154,"GCWF-XH3","Male"
"G242-XCP",55842597156,"G8D1-62Y","Male"
"G242-XCP",55842597157,"G6TZ-Q2F","Female"
"LHVB-FK7",55842597168,"LHVB-FL4","Male"
"LHVB-FK7",55842597169,"GGVY-Y62","Female"
"LZRW-Z12",55842597184,"G8NP-3GG","Male"
"LZRW-Z12",55842597185,"GZB6-2FP","Female"
"94Y9-R1P",55842597186,"GKFL-KKC","Male"
"9MWT-XX2",55842597188,"936P-ZYL","Male"
"9MWT-XX2",55842597189,"LH68-461","Female"
"GD85-2SN",55842597192,"9HM8-CFD","Male"
"GD85-2SN",55842597193,"GWXW-3FR","Female"
"GG86-CZN",55842597194,"LHKQ-JJ9","Male"
"GG86-CZN",55842597195,"LKLN-73G","Female"
"G6R8-9H9",55842597200,"GLX7-2JN","Male"
"LCDM-N61",55842597204,"L8MB-ZF7","Male"
"LCDM-N61",55842597205,"L83F-5Z6","Female"
"GG86-WMJ",55842597208,"GGRG-Z11","Male"
"GG86-WMJ",55842597209,"GGRD-7PW","Female"
"GG86-CZN",55842597210,"LHKQ-JJ9","Male"
"GG86-CZN",55842597211,"LKLN-73G","Female"
"9CZM-HK2",55842597212,"LHKQ-JJ9","Male"
"9CZM-HK2",55842597213,"LKLN-73G","Female"
"LTVB-BQ6",55842597214,"LTVB-TV3","Male"
"LTVB-BQ6",55842597215,"LCZ2-M23","Female"
"LZZK-7QX",55842597248,"M6BM-GL3","Male"
"LZZK-7QX",55842597249,"L228-6GM","Female"
"G8D1-62Y",55842597252,"M6BM-GL3","Male"
"G8D1-62Y",55842597253,"L228-6GM","Female"
"GCXR-Q7Y",55842597254,"GCQF-99Z","Male"
"GCXR-Q7Y",55842597255,"GJ5H-JTS","Female"
"LD9P-Q15",55842597256,"LTZK-Z7P","Male"
"LD9P-Q15",55842597257,"2MRF-VW3","Female"
"LKDQ-86Y",55842597258,"G24S-49V","Male"
"GNK2-CCY",55842597260,"GFCP-JW5","Male"
"LH68-32D",55842597272,"G6RT-HRZ","Male"
"LH68-32D",55842597273,"GVNK-YHT","Female"
"G95P-96W",55842597276,"G95G-R8Z","Male"
"G95P-96W",55842597277,"G95G-5GR","Female"
"GW1J-L9F",55842597280,"GW1V-8HF","Male"
"9HTX-2CD",55842597568,"9HRG-JDL","Male"
"9HTX-2CD",55842597569,"LDH1-G9D","Female"
"LZGK-ZV2",55842597574,"LZ1T-YG5","Male"
"LZGK-ZV2",55842597575,"LZZF-5Z1","Female"
"GGG7-Q5M",55842597584,"G6TC-GD8","Male"
"GGG7-Q5M",55842597585,"GGG3-LR4","Female"
"GZL1-BTV",55842597586,"GZVH-K4C","Male"
"GZL1-BTV",55842597587,"GZVH-NJM","Female"
"28YJ-Z4N",55842597596,"9HTX-2CD","Male"
"28YJ-Z4N",55842597597,"G39Q-HBK","Female"
"GGGT-9MX",55842597598,"MXVC-BK8","Male"
"G233-LXN",55842597600,"GGJD-LJM","Male"
"G233-LXN",55842597601,"G2PL-CYW","Female"
"GC7G-R6L",55842597608,"9CHR-8ZW","Male"
"GC7G-R6L",55842597609,"GVWL-TZN","Female"
"GC7P-77S",55842597610,"G2PK-2PB","Male"
"GC7P-77S",55842597611,"GVXD-YLR","Female"
"9HTX-2CD",55842597648,"9HRG-JDL","Male"
"9HTX-2CD",55842597649,"LDH1-G9D","Female"
"G39Q-HBK",55842597650,"KX2S-NWF","Male"
"G39Q-HBK",55842597651,"L7GV-KKS","Female"
"L7LR-RWX",55842597652,"GVR7-Q43","Male"
"L7LR-RWX",55842597653,"L2DV-WS5","Female"
"LBTR-BTW",55842597682,"LZK3-LK2","Male"
"LBTR-BTW",55842597683,"M185-RW3","Female"
"G6RN-4Y7",55842597684,"G6DZ-JKF","Male"
"G6RN-4Y7",55842597685,"G6D8-388","Female"
"GFPT-S5P",55842597686,"GZ8X-GV2","Male"
"GFPT-S5P",55842597687,"G6ZP-B73","Female"
"LY9D-2F8",55842597688,"LCJD-VX6","Male"
"LY9D-2F8",55842597689,"LD9R-RKH","Female"
"L28D-TJH",55842597690,"9WMP-NNQ","Male"
"L28D-TJH",55842597691,"945D-J9Y","Female"
"GJTS-3TP",55842597692,"GZ8X-GV2","Male"
"GJTS-3TP",55842597693,"G6ZP-B73","Female"
"GGKB-FBC",55842597704,"LZGK-GZB","Male"
"GGKB-FBC",55842597705,"LDSQ-F68","Female"
"GKCC-1KD",55842597728,"GKQX-VM9","Male"
"GKCC-1KD",55842597729,"GVB8-9XY","Female"
"GMF5-BSR",55842597736,"GLFD-7MD","Male"
"GMF5-BSR",55842597737,"GGFH-MVX","Female"
"L1WB-PZW",55842597738,"9HTX-2CD","Male"
"L1WB-PZW",55842597739,"L83J-4S6","Female"
"L1W8-W7S",55842597740,"GLFD-7MD","Male"
"L1W8-W7S",55842597741,"GGFH-MVX","Female"
"GD7W-JS7",55842597744,"G6H3-12T","Male"
"GD7W-NSX",55842597746,"GD7W-BDW","Male"
"9376-JCH",55842597752,"KNW5-CM9","Male"
"9376-JCH",55842597753,"LCRM-5HJ","Female"
"9HVH-9GD",55842597754,"LHW9-VZ4","Male"
"9HVH-9GD",55842597755,"GKKW-24R","Female"
"GG3M-7JP",55842597756,"GGWF-VYW","Male"
"GG3M-7JP",55842597757,"GGXT-3X8","Female"
"GLFD-7MD",55842597760,"GMMD-GH5","Male"
"GLFD-7MD",55842597761,"LBK1-86P","Female"
"GGFH-MVX",55842597762,"LCJD-VX6","Male"
"GGFH-MVX",55842597763,"LD9R-RKH","Female"
"9HTX-2CD",55842597764,"9HRG-JDL","Male"
"9HTX-2CD",55842597765,"LDH1-G9D","Female"
"G6LZ-TWJ",55842597768,"L5LL-BRL","Male"
"G6LZ-TWJ",55842597769,"GZ4M-H94","Female"
"G6R2-BDM",55842597774,"GFZ2-JTZ","Male"
"LCJD-VX6",55842597888,"9ZCB-DSC","Male"
"LCJD-VX6",55842597889,"GG1G-KG2","Female"
"LD9R-RKH",55842597890,"LD9R-RYR","Male"
"LD9R-RKH",55842597891,"M15L-V4Q","Female"
"9WMP-NNQ",55842597892,"99PT-NTZ","Male"
"9WMP-NNQ",55842597893,"G98Z-6RZ","Female"
"945D-J9Y",55842597894,"LZ9M-HWG","Male"
"945D-J9Y",55842597895,"9M85-YGM","Female"
"GZ8X-GV2",55842597896,"GFK3-MS7","Male"
"GZ8X-GV2",55842597897,"GFPT-WGM","Female"
"G6ZP-B73",55842597898,"LH3L-KQH","Male"
"G6ZP-B73",55842597899,"G692-MWD","Female"
"9HTX-2CD",55842597904,"9HRG-JDL","Male"
"9HTX-2CD",55842597905,"LDH1-G9D","Female"
"G39Q-HBK",55842597906,"KX2S-NWF","Male"
"G39Q-HBK",55842597907,"L7GV-KKS","Female"
"LZGK-GZB",55842597908,"LZ8D-9DK","Male"
"LZGK-GZB",55842597909,"GK9J-9XB","Female"
"MXKR-J9R",55842597910,"9QZD-J5R","Male"
"MXKR-J9R",55842597911,"L18P-6ZG","Female"
"G215-NYD",55842597920,"GG1F-9LB","Male"
"G215-NYD",55842597921,"GG1X-DGM","Female"
"G8W1-V4X",55842597970,"GL9M-YF9","Male"
"G8W1-V4X",55842597971,"GL9M-1QZ","Female"
"G891-N1Z",55842597976,"GSZ1-PTQ","Male"
"G891-N1Z",55842597977,"GS8M-WYK","Female"
"G3YQ-19T",55842597978,"991T-WHY","Male"
"G3YQ-19T",55842597979,"G3TV-1F5","Female"
"GGKJ-Z1T",55842597980,"L62H-Z9T","Male"
"GGKJ-Z1T",55842597981,"GVSP-PVV","Female"
"KL6C-XQV",55842597982,"GKZ8-HXS","Male"
"KL6C-XQV",55842597983,"GKS3-YPX","Female"
"LDHB-RRD",55842597984,"9HTX-2CD","Male"
"LDHB-RRD",55842597985,"L83J-4S6","Female"
"GKVP-QMK",55842597986,"LDHS-Z3V","Male"
"GKVP-QMK",55842597987,"LZGK-ZV2","Female"
"9SJJ-97N",55842597992,"GGG7-Q5M","Male"
"9SJJ-97N",55842597993,"GZL1-BTV","Female"
"LZJG-K5N",55842597994,"KX2S-NWF","Male"
"LZJG-K5N",55842597995,"L7GV-KKS","Female"
"LJ2H-W3S",55842597996,"GD74-RRH","Male"
"LJ2H-W3S",55842597997,"GJ5M-BKM","Female"
"LZ2S-DKM",55842597998,"28YJ-Z4N","Male"
"LZ2S-DKM",55842597999,"GGGT-9MX","Female"
"GJ2V-WRY",55842598000,"G233-LXN","Male"
"GJ2V-WRY",55842598001,"GGWK-NT3","Female"
"LD9P-MFB",55842598004,"GC7G-R6L","Male"
"LD9P-MFB",55842598005,"GC7P-77S","Female"
"G7NH-CM4",55842598048,"G215-NYD","Male"
"G7NH-CM4",55842598049,"GG1F-HTT","Female"
"LDHB-RRD",55842598064,"9HTX-2CD","Male"
"LDHB-RRD",55842598065,"L83J-4S6","Female"
"GKVP-QMK",55842598066,"LDHS-Z3V","Male"
"GKVP-QMK",55842598067,"LZGK-ZV2","Female"
"9SJJ-97N",55842598072,"GGG7-Q5M","Male"
"9SJJ-97N",55842598073,"GZL1-BTV","Female"
"LZJG-K5N",55842598074,"KX2S-NWF","Male"
"LZJG-K5N",55842598075,"L7GV-KKS","Female"
"LJ2H-W3S",55842598076,"GD74-RRH","Male"
"LJ2H-W3S",55842598077,"GJ5M-BKM","Female"
"LZ2S-DKM",55842598078,"28YJ-Z4N","Male"
"LZ2S-DKM",55842598079,"GGGT-9MX","Female"
"G8W1-V4X",55842598098,"GL9M-YF9","Male"
"G8W1-V4X",55842598099,"GL9M-1QZ","Female"
"G891-N1Z",55842598104,"GSZ1-PTQ","Male"
"G891-N1Z",55842598105,"GS8M-WYK","Female"
"G3YQ-19T",55842598106,"991T-WHY","Male"
"G3YQ-19T",55842598107,"G3TV-1F5","Female"
"GGKJ-Z1T",55842598108,"L62H-Z9T","Male"
"GGKJ-Z1T",55842598109,"GVSP-PVV","Female"
"KL6C-XQV",55842598110,"GKZ8-HXS","Male"
"KL6C-XQV",55842598111,"GKS3-YPX","Female"
"LDHB-RRD",55842598112,"9HTX-2CD","Male"
"LDHB-RRD",55842598113,"L83J-4S6","Female"
"GKVP-QMK",55842598114,"LDHS-Z3V","Male"
"GKVP-QMK",55842598115,"LZGK-ZV2","Female"
"9SJJ-97N",55842598120,"GGG7-Q5M","Male"
"9SJJ-97N",55842598121,"GZL1-BTV","Female"
"LZJG-K5N",55842598122,"KX2S-NWF","Male"
"LZJG-K5N",55842598123,"L7GV-KKS","Female"
"LJ2H-W3S",55842598124,"GD74-RRH","Male"
"LJ2H-W3S",55842598125,"GJ5M-BKM","Female"
"LZ2S-DKM",55842598126,"28YJ-Z4N","Male"
"LZ2S-DKM",55842598127,"GGGT-9MX","Female"
"GJ2V-WRY",55842598128,"G233-LXN","Male"
"GJ2V-WRY",55842598129,"GGWK-NT3","Female"
"LD9P-MFB",55842598132,"GC7G-R6L","Male"
"LD9P-MFB",55842598133,"GC7P-77S","Female"
"9HTX-2CD",55842598144,"9HRG-JDL","Male"
"9HTX-2CD",55842598145,"LDH1-G9D","Female"
"LZGK-ZV2",55842598150,"LZ1T-YG5","Male"
"LZGK-ZV2",55842598151,"LZZF-5Z1","Female"
"GGG7-Q5M",55842598160,"G6TC-GD8","Male"
"GGG7-Q5M",55842598161,"GGG3-LR4","Female"
"GZL1-BTV",55842598162,"GZVH-K4C","Male"
"GZL1-BTV",55842598163,"GZVH-NJM","Female"
"28YJ-Z4N",55842598172,"9HTX-2CD","Male"
"28YJ-Z4N",55842598173,"G39Q-HBK","Female"
"GGGT-9MX",55842598174,"MXVC-BK8","Male"
"G233-LXN",55842598176,"GGJD-LJM","Male"
"G233-LXN",55842598177,"G2PL-CYW","Female"
"GC7G-R6L",55842598184,"9CHR-8ZW","Male"
"GC7G-R6L",55842598185,"GVWL-TZN","Female"
"GC7P-77S",55842598186,"G2PK-2PB","Male"
"GC7P-77S",55842598187,"GVXD-YLR","Female"
"GZRK-SFB",55842598208,"GLZW-7GF","Male"
"GZRK-SFB",55842598209,"GVSG-X5N","Female"
"GVSP-WS2",55842598210,"G6T6-SZ3","Male"
"GVSP-WS2",55842598211,"GZB1-L61","Female"
"GHKB-C3J",55842598212,"G2RH-ZJB","Male"
"GHKB-C3J",55842598213,"G2RH-4T1","Female"
"L5DR-KL8",55842598214,"GQRR-BP3","Male"
"L5DR-KL8",55842598215,"LDVY-ZHB","Female"
"KDQW-JTJ",55842598216,"9HTX-2CD","Male"
"KDQW-JTJ",55842598217,"G39Q-HBK","Female"
"LDS9-GGV",55842598218,"LZGK-GZB","Male"
"LDS9-GGV",55842598219,"MXKR-J9R","Female"
"LD9R-RB7",55842598220,"LD9R-RYR","Male"
"LD9R-RB7",55842598221,"M15L-V4Q","Female"
"LDSS-6H5",55842598222,"L133-HLP","Male"
"LDSS-6H5",55842598223,"KH8N-T92","Female"
"9ZH7-GMD",55842598224,"G7RV-VBP","Male"
"9ZH7-GMD",55842598225,"GL9M-YXL","Female"
"G7ZN-5DF",55842598228,"GLJW-CJ4","Male"
"G2TZ-96Y",55842598232,"GLZJ-1J2","Male"
"L1DD-JMP",55842598236,"GG5W-TJ1","Male"
"L1DD-JMP",55842598237,"GG54-SDF","Female"
"9WY9-HRJ",55842598238,"LZ19-924","Male"
"GQRQ-K79",55842598272,"GQRQ-F8M","Male"
"GQRQ-K79",55842598273,"GGV5-TJN","Female"
"GGZD-RQR",55842598400,"GGTX-L7Y","Male"
"GGZD-RQR",55842598401,"GGTX-Q2J","Female"
"GL9M-YXL",55842598402,"GKZG-KWQ","Male"
"GL9M-YXL",55842598403,"GGTN-692","Female"
"GV4P-VY5",55842598432,"LCCZ-SSV","Male"
"GV4P-VY5",55842598433,"GSC5-SBV","Female"
"GGJD-JSR",55842598434,"G9FS-BL2","Male"
"GGJD-JSR",55842598435,"GGXP-5J3","Female"
"GZRK-SFB",55842598436,"GLZW-7GF","Male"
"GZRK-SFB",55842598437,"GVSG-X5N","Female"
"GVSP-WS2",55842598438,"G6T6-SZ3","Male"
"GVSP-WS2",55842598439,"GZB1-L61","Female"
"G8W1-V4X",55842598482,"GL9M-YF9","Male"
"G8W1-V4X",55842598483,"GL9M-1QZ","Female"
"G891-N1Z",55842598488,"GSZ1-PTQ","Male"
"G891-N1Z",55842598489,"GS8M-WYK","Female"
"G3YQ-19T",55842598490,"991T-WHY","Male"
"G3YQ-19T",55842598491,"G3TV-1F5","Female"
"GGKJ-Z1T",55842598492,"L62H-Z9T","Male"
"GGKJ-Z1T",55842598493,"GVSP-PVV","Female"
"KL6C-XQV",55842598494,"GKZ8-HXS","Male"
"KL6C-XQV",55842598495,"GKS3-YPX","Female"
"LDHB-RRD",55842598496,"9HTX-2CD","Male"
"LDHB-RRD",55842598497,"L83J-4S6","Female"
"GKVP-QMK",55842598498,"LDHS-Z3V","Male"
"GKVP-QMK",55842598499,"LZGK-ZV2","Female"
"9SJJ-97N",55842598504,"GGG7-Q5M","Male"
"9SJJ-97N",55842598505,"GZL1-BTV","Female"
"LZJG-K5N",55842598506,"KX2S-NWF","Male"
"LZJG-K5N",55842598507,"L7GV-KKS","Female"
"LJ2H-W3S",55842598508,"GD74-RRH","Male"
"LJ2H-W3S",55842598509,"GJ5M-BKM","Female"
"LZ2S-DKM",55842598510,"28YJ-Z4N","Male"
"LZ2S-DKM",55842598511,"GGGT-9MX","Female"
"GJ2V-WRY",55842598512,"G233-LXN","Male"
"GJ2V-WRY",55842598513,"GGWK-NT3","Female"
"LD9P-MFB",55842598516,"GC7G-R6L","Male"
"LD9P-MFB",55842598517,"GC7P-77S","Female"
"G7YH-3GJ",55842598528,"GV4P-VY5","Male"
"G7YH-3GJ",55842598529,"GGJD-JSR","Female"
"GC45-DB8",55842598530,"GZRK-SFB","Male"
"GC45-DB8",55842598531,"GVSP-WS2","Female"
"L1HZ-WR2",55842598536,"LVTD-MDD","Male"
"L1HZ-WR2",55842598537,"GKYX-DNQ","Female"
"KFLG-12B",55842598540,"28YJ-Z4N","Male"
"KFLG-12B",55842598541,"GGGT-9MX","Female"
"KZPV-BQM",55842598548,"L8RR-4KG","Male"
"KZPV-BQM",55842598549,"99QT-MCB","Female"
"M1VS-25N",55842598552,"LDSS-KJ6","Male"
"M1VS-25N",55842598553,"L28D-TJH","Female"
"LDSS-KHY",55842598554,"LYCY-PN6","Male"
"LDSS-KHY",55842598555,"LDSS-KKV","Female"
"LZGQ-LJX",55842598556,"KDQW-JTJ","Male"
"LZGQ-LJX",55842598557,"LDS9-GGV","Female"
"GL9R-YL9",55842598560,"LD95-VV6","Male"
"GL9R-YL9",55842598561,"9H2F-HV5","Female"
"LDHQ-P5F",55842598562,"LD9R-RB7","Male"
"LDHQ-P5F",55842598563,"LDSS-6H5","Female"
"G2G5-WJR",55842598564,"GX7F-WZP","Male"
"G2G5-WJR",55842598565,"G2GB-R81","Female"
"G2G5-FT5",55842598566,"LT3P-8D6","Male"
"G2G5-FT5",55842598567,"G8L3-3JL","Female"
"LBX8-DDN",55842598568,"LYCY-PN6","Male"
"LBX8-DDN",55842598569,"LDSS-KKV","Female"
"LDW2-4JB",55842598570,"LDW2-41W","Male"
"LDW2-4JB",55842598571,"G4NJ-GVF","Female"
"G6RG-6XQ",55842598576,"GJVC-FKB","Male"
"G6RG-6XQ",55842598577,"GQ21-56Y","Female"
"GKNC-F3X",55842598578,"G2QS-JRV","Male"
"GKNC-F3X",55842598579,"G2QS-6S4","Female"
"LH7S-18K",55842598584,"LDW2-7WW","Male"
"LH7S-18K",55842598585,"LH7S-12Y","Female"
"LDSV-5Q1",55842598586,"LDSQ-XRK","Male"
"LDSV-5Q1",55842598587,"LCFL-9DP","Female"
"KN8N-WHW",55842598592,"LBKM-2H9","Male"
"KN8N-WHW",55842598593,"LBDY-3J8","Female"
"9SYL-S5H",55842598594,"KX2S-NWF","Male"
"9SYL-S5H",55842598595,"L7GV-KKS","Female"
"G67W-G57",55842598596,"MKTV-TMC","Male"
"G67W-G57",55842598597,"G67G-YFC","Female"
"LDFZ-8Q1",55842598600,"GJ9M-PR2","Male"
"LDFZ-8Q1",55842598601,"GL14-857","Female"
"LHPZ-VGH",55842598602,"LZLG-V3F","Male"
"LHPZ-VGH",55842598603,"LH6K-2BP","Female"
"LD9R-RB7",55842598608,"LD9R-RYR","Male"
"LD9R-RB7",55842598609,"M15L-V4Q","Female"
"LDSS-6H5",55842598610,"L133-HLP","Male"
"LDSS-6H5",55842598611,"KH8N-T92","Female"
"LDMT-HMZ",55842598612,"L8BY-3VJ","Male"
"LDMT-HMZ",55842598613,"94BP-X4Z","Female"
"LD91-ST3",55842598614,"L8YY-5HK","Male"
"LD91-ST3",55842598615,"L8WB-D2Z","Female"
"L8MB-ZMK",55842598616,"L8YY-PD5","Male"
"L8MB-ZMK",55842598617,"MBV2-T1M","Female"
"MB1Q-ZWW",55842598618,"GKZZ-K49","Male"
"MB1Q-ZWW",55842598619,"GL6R-9XP","Female"
"LDMT-W6R",55842598620,"KJP2-TBR","Male"
"LDMT-W6R",55842598621,"GFN3-DQ5","Female"
"LT83-H6M",55842598622,"GQ59-8LX","Male"
"LT83-H6M",55842598623,"GSCJ-Z9D","Female"
"GKPX-TG7",55842598628,"GN8G-MT7","Male"
"GKPX-TG7",55842598629,"G6VR-DRK","Female"
"LTTZ-YL8",55842598632,"L8TJ-5XS","Male"
"LYSG-SY9",55842598634,"LJG4-5YW","Male"
"LYSG-SY9",55842598635,"GH91-DSB","Female"
"9C32-7PC",55842598636,"G7YH-3GJ","Male"
"9C32-7PC",55842598637,"GC45-DB8","Female"
"KFK5-ZL5",55842598912,"9HTX-2CD","Male"
"KFK5-ZL5",55842598913,"L83J-4S6","Female"
"LBCC-DW3",55842598914,"G9P6-CHT","Male"
"LBCC-DW3",55842598915,"LVC7-ZZX","Female"
"9HYQ-M4G",55842599360,"G7XJ-1LY","Male"
"9HYQ-M4G",55842599361,"GL2J-F24","Female"
"GJGW-QM6",55842599362,"GGL4-859","Male"
"GJGW-QM6",55842599363,"GGL4-6DG","Female"
"LZ19-924",55842599364,"LZF6-M94","Male"
"LZ19-924",55842599365,"GWW8-LWR","Female"
"GL5F-YH1",55842599366,"GGHH-9CK","Male"
"GL5F-YH1",55842599367,"GGHH-4HZ","Female"
"9HYQ-M4G",55842599368,"G7XJ-1LY","Male"
"9HYQ-M4G",55842599369,"GL2J-F24","Female"
"GJGW-QM6",55842599370,"GGL4-859","Male"
"GJGW-QM6",55842599371,"GGL4-6DG","Female"
"LZ19-924",55842599372,"LZF6-M94","Male"
"LZ19-924",55842599373,"GWW8-LWR","Female"
"GL5F-YH1",55842599374,"GGHH-9CK","Male"
"GL5F-YH1",55842599375,"GGHH-4HZ","Female"
"LTFG-ZR8",55842599376,"GDFJ-TC8","Male"
"LTFG-ZR8",55842599377,"G2XB-KHW","Female"
"99HN-W8M",55842599378,"MQ6Y-DJR","Male"
"99HN-W8M",55842599379,"LHR1-9SN","Female"
"9HYQ-M4G",55842599392,"G7XJ-1LY","Male"
"9HYQ-M4G",55842599393,"GL2J-F24","Female"
"GJGW-QM6",55842599394,"GGL4-859","Male"
"GJGW-QM6",55842599395,"GGL4-6DG","Female"
"LZ19-924",55842599396,"LZF6-M94","Male"
"LZ19-924",55842599397,"GWW8-LWR","Female"
"GL5F-YH1",55842599398,"GGHH-9CK","Male"
"GL5F-YH1",55842599399,"GGHH-4HZ","Female"
"LTFG-ZR8",55842599408,"GDFJ-TC8","Male"
"LTFG-ZR8",55842599409,"G2XB-KHW","Female"
"99HN-W8M",55842599410,"MQ6Y-DJR","Male"
"99HN-W8M",55842599411,"LHR1-9SN","Female"
"G2P3-DZN",55842599680,"KFK5-ZL5","Male"
"G2P3-DZN",55842599681,"LBCC-DW3","Female"
"GQRQ-G6B",55842599872,"GQRQ-K79","Male"
"GQRQ-G6B",55842599873,"GGVR-MY2","Female"
"GQRQ-G6B",55842600128,"GQRQ-K79","Male"
"GQRQ-G6B",55842600129,"GGVR-MY2","Female"
"GJV1-2WG",55842600256,"G897-W73","Male"
"2BH6-ZWG",55842600258,"GMN5-65K","Male"
"2BH6-ZWG",55842600259,"GMNZ-MSP","Female"
"K8D7-F5D",55842600320,"LZS9-ZC2","Male"
"K8D7-F5D",55842600321,"LZ61-F76","Female"
"LDZ2-8G7",55842600324,"KNXX-WBQ","Male"
"LDZ2-8G7",55842600325,"LDZ2-8LP","Female"
"LY6V-8G3",55842600326,"LDMT-HMZ","Male"
"LY6V-8G3",55842600327,"LD91-ST3","Female"
"L4S5-G86",55842600328,"GKBP-PCS","Male"
"L4S5-G86",55842600329,"GKB5-VTP","Female"
"9HYH-BLK",55842600330,"MTDX-9RL","Male"
"9HYH-BLK",55842600331,"MKK9-C8B","Female"
"GDG8-GMK",55842600332,"GX2C-ZLS","Male"
"GDG8-GMK",55842600333,"GX2C-W84","Female"
"GXT8-RQB",55842600334,"LRSD-3X2","Male"
"GXT8-RQB",55842600335,"KLXB-633","Female"
"LDSS-8LB",55842600384,"LVMF-2JP","Male"
"LDSS-8LB",55842600385,"GW2T-LDK","Female"
"G2RP-CG1",55842600386,"LDSS-D1D","Male"
"G2RP-CG1",55842600387,"GKZ8-SNZ","Female"
"LD9R-RB7",55842600400,"LD9R-RYR","Male"
"LD9R-RB7",55842600401,"M15L-V4Q","Female"
"LDSS-6H5",55842600402,"L133-HLP","Male"
"LDSS-6H5",55842600403,"KH8N-T92","Female"
"LDMT-HMZ",55842600404,"L8BY-3VJ","Male"
"LDMT-HMZ",55842600405,"94BP-X4Z","Female"
"LD91-ST3",55842600406,"L8YY-5HK","Male"
"LD91-ST3",55842600407,"L8WB-D2Z","Female"
"L8MB-ZMK",55842600408,"L8YY-PD5","Male"
"L8MB-ZMK",55842600409,"MBV2-T1M","Female"
"MB1Q-ZWW",55842600410,"GKZZ-K49","Male"
"MB1Q-ZWW",55842600411,"GL6R-9XP","Female"
"LDMT-W6R",55842600412,"KJP2-TBR","Male"
"LDMT-W6R",55842600413,"GFN3-DQ5","Female"
"LT83-H6M",55842600414,"GQ59-8LX","Male"
"LT83-H6M",55842600415,"GSCJ-Z9D","Female"
"KCGK-GCQ",55842600448,"9CCB-373","Male"
"L119-JCF",55842600450,"G6GX-W7B","Male"
"L119-JCF",55842600451,"G6G6-YKX","Female"
"GGW2-BY7",55842603008,"GGW2-PJ4","Male"
"GGW2-BY7",55842603009,"GG4S-J9G","Female"
"G6R8-9H9",55842603520,"GLX7-2JN","Male"
"LCDM-N61",55842603524,"L8MB-ZF7","Male"
"LCDM-N61",55842603525,"L83F-5Z6","Female"
"9H8J-5KM",55842603528,"GZRK-T7X","Male"
"LRSM-RGQ",55842603530,"GWJZ-MJL","Male"
"LRSM-RGQ",55842603531,"GWJC-KKX","Female"
"99ZG-BB8",55842603648,"LDMK-VLV","Male"
"99ZG-BB8",55842603649,"L8RV-Z5Z","Female"
"9ZCB-R9Q",55842603650,"M3N9-BYF","Male"
"9ZCB-R9Q",55842603651,"GFVJ-51T","Female"
"GKZ8-85S",55842603680,"GX8G-RB6","Male"
"GKZ8-85S",55842603681,"GX8P-B3G","Female"
"G6GS-QC2",55842603692,"GXD9-1BR","Male"
"G6GS-QC2",55842603693,"GVS4-XTY","Female"
"935Z-J1R",55842603712,"GGMQ-BTV","Male"
"935Z-J1R",55842603713,"LVZK-533","Female"
"GWS8-4DQ",55842603714,"GFPV-QXJ","Male"
"GWS8-4DQ",55842603715,"GNZW-T9L","Female"
"LTZX-XK7",55842603716,"935Z-J1R","Male"
"LTZX-XK7",55842603717,"GWS8-4DQ","Female"
"GNWQ-J48",55842603718,"LTXV-1JH","Male"
"GNWQ-J48",55842603719,"LB2S-LKH","Female"
"L5YX-LDH",55842603720,"G4BC-QYF","Male"
"L5YX-LDH",55842603721,"9CX4-24R","Female"
"L5P9-K8Y",55842603728,"L1YD-94L","Male"
"L5P9-K8Y",55842603729,"9CZC-YR4","Female"
"L5VF-CSX",55842603730,"9Q9X-42Z","Male"
"L5VF-CSX",55842603731,"L5VM-TTF","Female"
"9HSR-ZJB",55842603732,"GL5F-GX8","Male"
"9HSR-ZJB",55842603733,"GL5F-R2G","Female"
"9Z8D-595",55842603744,"9H6G-ZVW","Male"
"9Z8D-595",55842603745,"GL6T-81P","Female"
"LHY9-RBR",55842603752,"GL99-N7Y","Male"
"LHY9-RBR",55842603753,"GL4G-7Q8","Female"
"946P-N11",55842603754,"GKTQ-4DD","Male"
"946P-N11",55842603755,"L6KK-PN2","Female"
"LDMN-5Y4",55842603756,"L8BY-B3Y","Male"
"LDMN-5Y4",55842603757,"LD34-6S6","Female"
"GX7F-XSZ",55842603758,"GFNY-D2T","Male"
"GX7F-XSZ",55842603759,"GV3R-Z97","Female"
"G2DJ-RBG",55842603760,"M1HV-66X","Male"
"G2DJ-RBG",55842603761,"GV4L-S2D","Female"
"LB72-FTT",55842603764,"GZH2-42J","Male"
"LB72-FTT",55842603765,"GDP4-LTK","Female"
"LCRK-52L",55842603766,"L2YZ-WYM","Male"
"LCRK-52L",55842603767,"GKPW-R89","Female"
"LWXR-413",55842603776,"LHXT-LR1","Male"
"LWXR-413",55842603777,"G95S-ZSP","Female"
"GGFT-YPT",55842603779,"GGFT-RS1","Female"
"L6NQ-1X6",55842603780,"GNXF-WG7","Male"
"L6NQ-1X6",55842603781,"GGQ4-41T","Female"
"GDX5-HMR",55842603782,"949D-P6W","Male"
"GDX5-HMR",55842603783,"GDY4-Z39","Female"
"KGSQ-35V",55842603792,"L1H5-9N6","Male"
"KGSQ-35V",55842603793,"G2LB-R53","Female"
"9ZHZ-89Q",55842603796,"9C3G-QBG","Male"
"9ZHZ-89Q",55842603797,"GKZQ-BG1","Female"
"G8L4-56J",55842603798,"L7T5-PSJ","Male"
"G8L4-56J",55842603799,"LHQP-B81","Female"
"G39W-RKF",55842603808,"GGL8-GWD","Male"
"G39W-RKF",55842603809,"GGL8-1CK","Female"
"GMCF-Y2H",55842603810,"G6Z4-XFP","Male"
"GMCF-Y2H",55842603811,"G6Z4-L31","Female"
"MGJH-2F3",55842603816,"LHWD-QQJ","Male"
"MGJH-2F3",55842603817,"M213-4TK","Female"
"KFFD-W9R",55842603824,"G2XB-VJQ","Male"
"KFFD-W9R",55842603825,"GHSV-NM4","Female"
"LDSS-LB3",55842603828,"2RY4-9Z9","Male"
"LDSS-LB3",55842603829,"MNTJ-2LR","Female"
"L5JM-54G",55842603830,"GZ5R-Y9N","Male"
"L5JM-54G",55842603831,"GXDS-K6L","Female"
"G8ZS-FNR",55842603832,"LHKZ-6V4","Male"
"G8ZS-FNR",55842603833,"G8ZC-LFL","Female"
"LTFG-ZR8",55842603836,"GDFJ-TC8","Male"
"LTFG-ZR8",55842603837,"G2XB-KHW","Female"
"99HN-W8M",55842603838,"MQ6Y-DJR","Male"
"99HN-W8M",55842603839,"LHR1-9SN","Female"
"99PS-B45",55842603872,"GZBR-WFF","Male"
"99PS-B45",55842603873,"GF1M-CS2","Female"
"LDSS-LB3",55842603876,"2RY4-9Z9","Male"
"LDSS-LB3",55842603877,"MNTJ-2LR","Female"
"L5JM-54G",55842603878,"GZ5R-Y9N","Male"
"L5JM-54G",55842603879,"GXDS-K6L","Female"
"9CXC-B7Y",55842603880,"L1WS-BMM","Male"
"9CXC-B7Y",55842603881,"9Z8D-P68","Female"
"LZBY-TS8",55842603882,"LDMN-PWB","Male"
"LZBY-TS8",55842603883,"2NBQ-FP2","Female"
"GKZZ-P2W",55842603886,"G2YH-SDS","Male"
"GKZZ-P2W",55842603887,"G2BX-HGY","Female"
"GDFJ-TC8",55842603848,"9CS2-F59","Male"
"GDFJ-TC8",55842603849,"GGM8-4Z7","Female"
"G2XB-KHW",55842603850,"9W46-QD7","Male"
"G2XB-KHW",55842603851,"LRBL-B6T","Female"
"MQ6Y-DJR",55842603852,"MYW1-TBC","Male"
"MQ6Y-DJR",55842603853,"G6J8-FMV","Female"
"LHR1-9SN",55842603854,"9CS2-F59","Male"
"LHR1-9SN",55842603855,"GGM8-4Z7","Female"
"9CS2-F59",55842603856,"G6Z2-MMC","Male"
"9CS2-F59",55842603857,"GLS4-HTS","Female"
"GGM8-4Z7",55842603858,"9C9Z-CSF","Male"
"GGM8-4Z7",55842603859,"KP7K-PV7","Female"
"9W46-QD7",55842603860,"KHKF-JPT","Male"
"9W46-QD7",55842603861,"LDMB-Q59","Female"
"LRBL-B6T",55842603862,"9C9Z-CSF","Male"
"LRBL-B6T",55842603863,"M7WR-8GF","Female"
"MYW1-TBC",55842603864,"G88P-GK4","Male"
"MYW1-TBC",55842603865,"G6JZ-G2D","Female"
"9CS2-F59",55842603868,"G6Z2-MMC","Male"
"9CS2-F59",55842603869,"GLS4-HTS","Female"
"GGM8-4Z7",55842603870,"9C9Z-CSF","Male"
"GGM8-4Z7",55842603871,"KP7K-PV7","Female"
"GNXF-WG7",55842604032,"GG86-WMJ","Male"
"GNXF-WG7",55842604033,"GG3P-4PH","Female"
"949D-P6W",55842604036,"LV89-MQW","Male"
"949D-P6W",55842604037,"GGR4-SRR","Female"
"GDY4-Z39",55842604038,"GGBQ-FNL","Male"
"GDY4-Z39",55842604039,"GLRK-1QZ","Female"
"L1H5-9N6",55842604064,"99QT-S75","Male"
"L1H5-9N6",55842604065,"G9D2-KQK","Female"
"9C3G-QBG",55842604072,"L71K-WNF","Male"
"9C3G-QBG",55842604073,"GVZ3-JK4","Female"
"GKZQ-BG1",55842604074,"LZRW-Z12","Male"
"GKZQ-BG1",55842604075,"94Y9-R1P","Female"
"L1ZH-YYR",55842605088,"L1M4-17R","Male"
"L1ZH-YYR",55842605089,"L1ZC-MM6","Female"
"KGSQ-35V",55842605096,"L1H5-9N6","Male"
"KGSQ-35V",55842605097,"G2LB-R53","Female"
"2RBY-DV6",55842605104,"L1M4-17R","Male"
"2RBY-DV6",55842605105,"L1ZC-MM6","Female"
"GG7D-MRS",55842605120,"GGNM-PGR","Male"
"GG7D-MRS",55842605121,"GG78-1G9","Female"
"L134-D1P",55842605136,"L1YH-R4C","Male"
"L134-D1P",55842605137,"GJ1M-N4H","Female"
"L8YY-R1N",55842605138,"G4ZC-SB2","Male"
"L8YY-R1N",55842605139,"GK1J-BTQ","Female"
"LDQ1-RBN",55842605140,"LDQ1-R1D","Male"
"LDQ1-RBN",55842605141,"G2LB-ZX1","Female"
"9HRG-JDL",55842605856,"LZDH-NFR","Male"
"9HRG-JDL",55842605857,"LD9C-ZGZ","Female"
"GVR7-Q43",55842605864,"G64V-C8T","Male"
"GVR7-Q43",55842605865,"GZ6F-QDM","Female"
"L2DV-WS5",55842605866,"KH35-NFB","Male"
"L2DV-WS5",55842605867,"H4ND-8VF","Female"
"LZK3-LK2",55842605924,"GMMD-GH5","Male"
"LZK3-LK2",55842605925,"G2PL-CYW","Female"
"G6DZ-JKF",55842605928,"GZRV-Z69","Male"
"G6DZ-JKF",55842605929,"G6DZ-KHR","Female"
"GZ8X-GV2",55842605932,"GFK3-MS7","Male"
"GZ8X-GV2",55842605933,"GFPT-WGM","Female"
"G6ZP-B73",55842605934,"LH3L-KQH","Male"
"G6ZP-B73",55842605935,"G692-MWD","Female"
"LCJD-VX6",55842605936,"9ZCB-DSC","Male"
"LCJD-VX6",55842605937,"GG1G-KG2","Female"
"LD9R-RKH",55842605938,"LD9R-RYR","Male"
"LD9R-RKH",55842605939,"M15L-V4Q","Female"
"9WMP-NNQ",55842605940,"99PT-NTZ","Male"
"9WMP-NNQ",55842605941,"G98Z-6RZ","Female"
"945D-J9Y",55842605942,"LZ9M-HWG","Male"
"945D-J9Y",55842605943,"9M85-YGM","Female"
"GZ8X-GV2",55842605944,"GFK3-MS7","Male"
"GZ8X-GV2",55842605945,"GFPT-WGM","Female"
"G6ZP-B73",55842605946,"LH3L-KQH","Male"
"G6ZP-B73",55842605947,"G692-MWD","Female"
"G7XJ-1LY",55842606336,"L6NQ-1X6","Male"
"G7XJ-1LY",55842606337,"GDX5-HMR","Female"
"LZF6-M94",55842606344,"KGSQ-35V","Male"
"LZF6-M94",55842606345,"GKZQ-S2R","Female"
"GWW8-LWR",55842606346,"9ZHZ-89Q","Male"
"GWW8-LWR",55842606347,"G8L4-56J","Female"
"L8WY-72D",55842606352,"GK25-3JB","Male"
"L8WY-72D",55842606353,"GV4D-MFG","Female"
"LDSS-KBB",55842606356,"GKQ6-ZVV","Male"
"LDSS-KBB",55842606357,"GGQN-PGD","Female"
"GK5F-8MJ",55842606381,"GMVG-Y3G","Female"
"L6NQ-1X6",55842606592,"GNXF-WG7","Male"
"L6NQ-1X6",55842606593,"GGQ4-41T","Female"
"GDX5-HMR",55842606594,"949D-P6W","Male"
"GDX5-HMR",55842606595,"GDY4-Z39","Female"
"KGSQ-35V",55842606608,"L1H5-9N6","Male"
"KGSQ-35V",55842606609,"G2LB-R53","Female"
"9ZHZ-89Q",55842606612,"9C3G-QBG","Male"
"9ZHZ-89Q",55842606613,"GKZQ-BG1","Female"
"G8L4-56J",55842606614,"L7T5-PSJ","Male"
"G8L4-56J",55842606615,"LHQP-B81","Female"
"LCBD-GVR",55842606656,"LCDM-N61","Male"
"LCBD-GVR",55842606657,"GK2P-4KF","Female"
"LCB8-2VX",55842606658,"GL1F-4WB","Male"
"LCB8-2VX",55842606659,"GLWQ-FHZ","Female"
"L8MB-ZF7",55842606660,"L8WB-NGX","Male"
"L8MB-ZF7",55842606661,"L8WB-MKY","Female"
"L83F-5Z6",55842606662,"M8X5-64Z","Male"
"L83F-5Z6",55842606663,"LH2D-YSM","Female"
"LCN5-99B",55842606688,"935Z-J1R","Male"
"LCN5-99B",55842606689,"GWS8-4DQ","Female"
"LYNX-745",55842606690,"LTZX-XK7","Male"
"LYNX-745",55842606691,"GNWQ-J48","Female"
"GS83-FSL",55842606692,"L5YX-LDH","Male"
"GS83-FSL",55842606693,"9CXC-BF5","Female"
"LRQD-FS2",55842606696,"L5P9-K8Y","Male"
"LRQD-FS2",55842606697,"L5VF-CSX","Female"
"L5VF-6MD",55842606698,"9HSR-ZJB","Male"
"L5VF-6MD",55842606699,"LX7M-45D","Female"
"L1WS-BMM",55842606704,"9Z8D-595","Male"
"L1WS-BMM",55842606705,"LDMS-21W","Female"
"LDMN-PWB",55842606708,"LHY9-RBR","Male"
"LDMN-PWB",55842606709,"946P-N11","Female"
"2NBQ-FP2",55842606710,"LDMN-5Y4","Male"
"2NBQ-FP2",55842606711,"GX7F-XSZ","Female"
"L81Y-9GD",55842606712,"G2DJ-RBG","Male"
"L81Y-9GD",55842606713,"LT6L-TT2","Female"
"LB2S-PWM",55842606714,"LB72-FTT","Male"
"LB2S-PWM",55842606715,"LCRK-52L","Female"
"GK25-3JB",55842606752,"LCPY-NG4","Male"
"GV4D-MFG",55842606754,"GP9Z-KVF","Male"
"GKQ6-ZVV",55842606760,"GKQX-ZWW","Male"
"GKQ6-ZVV",55842606761,"GKQX-HSZ","Female"
"GGKJ-Z1T",55842606784,"L62H-Z9T","Male"
"GGKJ-Z1T",55842606785,"GVSP-PVV","Female"
"KL6C-XQV",55842606786,"GKZ8-HXS","Male"
"KL6C-XQV",55842606787,"GKS3-YPX","Female"
"GD5G-QGN",55842606788,"GQKV-84J","Male"
"GD5G-QGN",55842606789,"L1FK-7PV","Female"
"GGJ8-YWG",55842606790,"GMMD-GH5","Male"
"GGJ8-YWG",55842606791,"G2PL-CYW","Female"
"99PT-NTZ",55842606792,"L1PB-VYC","Male"
"99PT-NTZ",55842606793,"GWQL-BY7","Female"
"G98Z-6RZ",55842606794,"LZ1T-YG5","Male"
"G98Z-6RZ",55842606795,"LZZF-5Z1","Female"
"LZ9M-HWG",55842606796,"LZPK-P7H","Male"
"LZ9M-HWG",55842606797,"GN4S-LXY","Female"
"9M85-YGM",55842606798,"L8YY-PH5","Male"
"9M85-YGM",55842606799,"KFX1-BZD","Female"
"9W7P-G88",55842606800,"L8YG-8PB","Male"
"9W7P-G88",55842606801,"G7B5-SX2","Female"
"GLB2-PPV",55842606802,"9H4X-GTQ","Male"
"GLB2-PPV",55842606803,"9C44-MQP","Female"
"LZVG-MCV",55842606804,"LKGC-DK6","Male"
"LZVG-MCV",55842606805,"93DX-FVV","Female"
"9S9W-MPL",55842606808,"LCDM-9D5","Male"
"9S9W-MPL",55842606809,"MT39-VLW","Female"
"KFX1-BZD",55842606810,"9C72-WGJ","Male"
"KFX1-BZD",55842606811,"9CZV-2KJ","Female"
"9HRG-JDL",55842606816,"LZDH-NFR","Male"
"9HRG-JDL",55842606817,"LD9C-ZGZ","Female"
"LZ8D-9DK",55842606824,"MW4S-HPZ","Male"
"LZ8D-9DK",55842606825,"GGYL-CGH","Female"
"9QZD-J5R",55842606828,"L1DW-Q5N","Male"
"9QZD-J5R",55842606829,"2781-6PP","Female"
"L18P-6ZG",55842606830,"G36D-72Y","Male"
"L18P-6ZG",55842606831,"L18F-8KW","Female"
"G2CX-F3P",55842606852,"GPMW-R2F","Male"
"G2CX-F3P",55842606853,"GPMW-2YN","Female"
"9H6Q-VVW",55842606976,"L4SB-2FB","Male"
"9H6Q-VVW",55842606977,"LDHS-6CV","Female"
"9HPT-832",55842606978,"KT4G-S84","Male"
"9HPT-832",55842606979,"GLMZ-NCG","Female"
"9C72-WGJ",55842606980,"L4HF-2RY","Male"
"9C72-WGJ",55842606981,"L8TG-1DR","Female"
"9CZV-2KJ",55842606982,"LB2S-FHY","Male"
"9CZV-2KJ",55842606983,"G88G-V6W","Female"
"9SJP-9TN",55842606984,"9HP6-RVT","Male"
"9SJP-9TN",55842606985,"GG16-DL7","Female"
"GKZ8-PM1",55842606992,"K6WN-292","Male"
"GKZ8-PM1",55842606993,"2NBQ-VZ5","Female"
"GMXZ-2CC",55842606994,"G231-B8V","Male"
"GMXZ-2CC",55842606995,"LY6V-924","Female"
"G8K3-VQ8",55842606996,"99Y7-Y7P","Male"
"G8K3-VQ8",55842606997,"L8YR-PKK","Female"
"G9TH-6YX",55842606998,"GZRF-9R1","Male"
"G9TH-6YX",55842606999,"G8WY-DDP","Female"
"LY5W-N6P",55842607000,"LBKG-X1C","Male"
"LY5W-N6P",55842607001,"LD9Y-GRR","Female"
"LHWS-BFW",55842607002,"94JG-Z57","Male"
"LHWS-BFW",55842607003,"L6PS-XJK","Female"
"GDB8-4V9",55842607004,"9CNQ-DB2","Male"
"GDB8-4V9",55842607005,"GG95-H9P","Female"
"GVZM-RKC",55842607006,"G6N5-9YG","Male"
"GVZM-RKC",55842607007,"9CFL-GCC","Female"
"LCN5-99B",55842607008,"935Z-J1R","Male"
"LCN5-99B",55842607009,"GWS8-4DQ","Female"
"LYNX-745",55842607010,"LTZX-XK7","Male"
"LYNX-745",55842607011,"GNWQ-J48","Female"
"GS83-FSL",55842607012,"L5YX-LDH","Male"
"GS83-FSL",55842607013,"9CXC-BF5","Female"
"LRQD-FS2",55842607016,"L5P9-K8Y","Male"
"LRQD-FS2",55842607017,"L5VF-CSX","Female"
"L5VF-6MD",55842607018,"9HSR-ZJB","Male"
"L5VF-6MD",55842607019,"LX7M-45D","Female"
"L1WS-BMM",55842607024,"9Z8D-595","Male"
"L1WS-BMM",55842607025,"LDMS-21W","Female"
"LDMN-PWB",55842607028,"LHY9-RBR","Male"
"LDMN-PWB",55842607029,"946P-N11","Female"
"2NBQ-FP2",55842607030,"LDMN-5Y4","Male"
"2NBQ-FP2",55842607031,"GX7F-XSZ","Female"
"L81Y-9GD",55842607032,"G2DJ-RBG","Male"
"L81Y-9GD",55842607033,"LT6L-TT2","Female"
"LB2S-PWM",55842607034,"LB72-FTT","Male"
"LB2S-PWM",55842607035,"LCRK-52L","Female"
"LBBB-4XS",55842607040,"KT4G-S84","Male"
"LBBB-4XS",55842607041,"GG1G-YJM","Female"
"LDHS-6S3",55842607042,"9H6Q-VVW","Male"
"LDHS-6S3",55842607043,"932C-Q9B","Female"
"L8YY-PH5",55842607044,"L8YG-8PB","Male"
"L8YY-PH5",55842607045,"G7B5-SX2","Female"
"KFX1-BZD",55842607046,"9C72-WGJ","Male"
"KFX1-BZD",55842607047,"9CZV-2KJ","Female"
"GPSX-XT1",55842607052,"GPSX-RG2","Male"
"GPSX-XT1",55842607053,"GPSF-8QT","Female"
"GPSX-KP8",55842607054,"GPSF-S9W","Male"
"GZ44-VYR",55842607056,"GS35-LG3","Male"
"GZ44-VYR",55842607057,"GD5L-FFK","Female"
"GKZ8-XPF",55842607058,"G6KF-2P6","Male"
"GKZ8-XPF",55842607059,"G6KF-R2F","Female"
"GKZ8-XW3",55842607062,"GGZ7-CSQ","Male"
"GKZ8-XW3",55842607063,"GGZ7-8LZ","Female"
"LB27-YWT",55842607068,"GH7M-QSF","Male"
"LB27-YWT",55842607069,"LYTM-8KB","Female"
"GWZB-NNM",55842607070,"L8YY-PH5","Male"
"GWZB-NNM",55842607071,"KFX1-BZD","Female"
"L7NG-DRP",55842607072,"9H5N-BFF","Male"
"L7NG-DRP",55842607073,"GKZ8-4FD","Female"
"LYTH-K3C",55842607074,"G6Q3-JX4","Male"
"LTT6-YJQ",55842607076,"GVBH-MTY","Male"
"29H4-2Y1",55842607080,"GV1M-FDM","Male"
"29H4-2Y1",55842607081,"GKZ8-Q9M","Female"
"GKZ8-Q9M",55842607082,"G2DP-9XR","Male"
"G8W1-CJS",55842607084,"G7D4-7W8","Male"
"G8W1-CJS",55842607085,"GZ58-VPL","Female"
"GKCC-J1G",55842607086,"LZK3-LK2","Male"
"GKCC-J1G",55842607087,"M185-RW3","Female"
"GH7M-QSF",55842607088,"LHXT-LR1","Male"
"GH7M-QSF",55842607089,"GLTD-CTG","Female"
"G4SP-ZYT",55842607090,"GGBP-P1C","Male"
"G4SP-ZYT",55842607091,"GGBP-Y4C","Female"
"L1DW-Q5N",55842607100,"LY5W-N6P","Male"
"L1DW-Q5N",55842607101,"LHWS-BFW","Female"
"2781-6PP",55842607102,"GDB8-4V9","Male"
"2781-6PP",55842607103,"GVZM-RKC","Female"
"GMNQ-S53",55842607104,"GMNV-XDS","Male"
"GMNQ-S53",55842607105,"GMNF-P4W","Female"
"KJH3-QW1",55842607108,"GK5S-F7N","Male"
"KJH3-QW1",55842607109,"GK5S-69H","Female"
"GQQL-CMR",55842607232,"GVF1-RZ4","Male"
"GQQL-CMR",55842607233,"GVMQ-FWP","Female"
"GDQ3-QW3",55842607236,"GHP3-7RV","Male"
"GDQ3-QW3",55842607237,"LH6R-TBN","Female"
"GQM8-HZJ",55842607238,"GHP3-T7R","Male"
"GQM8-HZJ",55842607239,"GJRV-6LH","Female"
"GH76-6N5",55842607248,"G46N-7VS","Male"
"GH76-6N5",55842607249,"GF6M-JQR","Female"
"GLSR-TNY",55842607252,"GLW6-NSZ","Male"
"GLSR-TNY",55842607253,"GLXZ-TFK","Female"
"G3ST-F4C",55842607254,"GLM6-DMM","Male"
"G3ST-F4C",55842607255,"GLM6-G13","Female"
"9HTX-2CD",55842608704,"9HRG-JDL","Male"
"9HTX-2CD",55842608705,"LDH1-G9D","Female"
"G39Q-HBK",55842608706,"KX2S-NWF","Male"
"G39Q-HBK",55842608707,"L7GV-KKS","Female"
"LZGK-GZB",55842608708,"LZ8D-9DK","Male"
"LZGK-GZB",55842608709,"GK9J-9XB","Female"
"MXKR-J9R",55842608710,"9QZD-J5R","Male"
"MXKR-J9R",55842608711,"L18P-6ZG","Female"
"GG5W-TJ1",55842608712,"GGB9-4CK","Male"
"GG5W-TJ1",55842608713,"9MTF-W16","Female"
"LZ19-924",55842608716,"LZF6-M94","Male"
"LZ19-924",55842608717,"GWW8-LWR","Female"
"LD95-VVH",55842608720,"LD97-4RG","Male"
"LD95-VVH",55842608721,"LDSS-BYY","Female"
"99SD-Z4Q",55842608722,"L8RR-S6X","Male"
"99SD-Z4Q",55842608723,"L8RR-S6J","Female"
"MBGG-7NP",55842608724,"LZ9M-HWG","Male"
"MBGG-7NP",55842608725,"9M85-YGM","Female"
"LD9R-SHL",55842608726,"21JJ-KNR","Male"
"LD9R-SHL",55842608727,"GZL8-6WN","Female"
"LD9R-RYR",55842608728,"LCRR-KM2","Male"
"LD9R-RYR",55842608729,"LDW5-JN2","Female"
"M15L-V4Q",55842608730,"LD9Y-C7T","Male"
"M15L-V4Q",55842608731,"LD9Y-CW9","Female"
"L133-HLP",55842608732,"94T6-749","Male"
"L133-HLP",55842608733,"GLLC-968","Female"
"KH8N-T92",55842608734,"L1DW-Q5N","Male"
"KH8N-T92",55842608735,"2781-6PP","Female"
"G9WK-ZB3",55842608904,"L1SL-2HR","Male"
"GHS6-1TP",55842608906,"LZF6-M94","Male"
"GHS6-1TP",55842608907,"L5TT-LG3","Female"
"L1Q3-L7Z",55842608908,"2RBY-DVZ","Male"
"L1Q3-L7Z",55842608909,"2R66-L8L","Female"
"KNW5-CM9",55842608912,"LVMF-2YH","Male"
"KNW5-CM9",55842608913,"GH4Y-2HC","Female"
"LCRM-5HJ",55842608914,"LCQX-XJS","Male"
"LCRM-5HJ",55842608915,"L78P-85J","Female"
"LHW9-VZ4",55842608916,"L1MT-HC1","Male"
"LHW9-VZ4",55842608917,"GVGZ-DCK","Female"
"KNQ6-9ZF",55842609093,"GGM3-KZW","Female"
"LDS9-GTK",55842609096,"9HTX-2CD","Male"
"LDS9-GTK",55842609097,"G39Q-HBK","Female"
"GMN3-7TX",55842609098,"L7LR-RWX","Male"
"GMN3-7TX",55842609099,"GKGZ-365","Female"
"LT83-QKS",55842609112,"GZ2L-M6L","Male"
"LT83-QKS",55842609113,"LBTR-BTW","Female"
"GDG2-NJC",55842609114,"G6RN-4Y7","Male"
"GDG2-NJC",55842609115,"GFPT-S5P","Female"
"G9M5-FF1",55842609116,"LY9D-2F8","Male"
"G9M5-FF1",55842609117,"L28D-TJH","Female"
"GN9F-M6Q",55842609118,"GJTS-3TP","Male"
"GN9F-M6Q",55842609119,"GN15-LRT","Female"
"LZD4-NWV",55842608128,"GX54-56D","Male"
"LZD4-NWV",55842608129,"GCWX-7T5","Female"
"GDV1-VJN",55842608130,"GH7K-SVT","Male"
"GDV1-VJN",55842608131,"GCVB-B2T","Female"
"G2LB-P5D",55842608132,"GNDR-792","Male"
"G2LB-P5D",55842608133,"GND5-16W","Female"
"LBSS-X9T",55842608138,"G2LB-P5D","Male"
"LBSS-X9T",55842608139,"G2L1-C3V","Female"
"GG8W-8LL",55842608140,"GG8W-CVN","Male"
"GG8W-8LL",55842608141,"GG84-ZTF","Female"
"G3TS-NYJ",55842608192,"GNWV-X1F","Male"
"G3TS-NYJ",55842608193,"GN4C-8ND","Female"
"GXDF-964",55842608201,"MM8Q-BHY","Female"
"GXDX-T97",55842608203,"GXDF-SLW","Female"
"GLYX-DD7",55842608204,"GLTR-YDK","Male"
"GLYX-DD7",55842608205,"GLB1-8LR","Female"
"G3TS-NYJ",55842608224,"GNWV-X1F","Male"
"G3TS-NYJ",55842608225,"GN4C-8ND","Female"
"GXDF-964",55842608233,"MM8Q-BHY","Female"
"GXDX-T97",55842608235,"GXDF-SLW","Female"
"GLYX-DD7",55842608236,"GLTR-YDK","Male"
"GLYX-DD7",55842608237,"GLB1-8LR","Female"
"9HRG-JDL",55842609152,"LZDH-NFR","Male"
"9HRG-JDL",55842609153,"LD9C-ZGZ","Female"
"GVR7-Q43",55842609160,"G64V-C8T","Male"
"GVR7-Q43",55842609161,"GZ6F-QDM","Female"
"L2DV-WS5",55842609162,"KH35-NFB","Male"
"L2DV-WS5",55842609163,"H4ND-8VF","Female"
"GLJB-JVH",55842611200,"LL4W-HCS","Male"
"GLJB-JVH",55842611201,"KLXD-HYB","Female"
"L1SL-2HR",55842619408,"L1ZH-YYR","Male"
"LZF6-M94",55842619412,"KGSQ-35V","Male"
"LZF6-M94",55842619413,"GKZQ-S2R","Female"
"2RBY-DVZ",55842619416,"2RBY-DV6","Male"
"2RBY-DVZ",55842619417,"2R66-L8J","Female"
"LVMF-2YH",55842619424,"GG7D-MRS","Male"
"LVMF-2YH",55842619425,"GG78-1G9","Female"
"GH4Y-2HC",55842619426,"9HT1-TZH","Male"
"GH4Y-2HC",55842619427,"G6ZK-D3J","Female"
"LCQX-XJS",55842619428,"G27L-LWB","Male"
"L1MT-HC1",55842619432,"L134-D1P","Male"
"L1MT-HC1",55842619433,"L8YY-R1N","Female"
"GVGZ-DCK",55842619434,"LDQ1-RBN","Male"
"GVGZ-DCK",55842619435,"GVN6-YQL","Female"
"9HTX-2CD",55842619792,"9HRG-JDL","Male"
"9HTX-2CD",55842619793,"LDH1-G9D","Female"
"G39Q-HBK",55842619794,"KX2S-NWF","Male"
"G39Q-HBK",55842619795,"L7GV-KKS","Female"
"L7LR-RWX",55842619796,"GVR7-Q43","Male"
"L7LR-RWX",55842619797,"L2DV-WS5","Female"
"LBTR-BTW",55842619826,"LZK3-LK2","Male"
"LBTR-BTW",55842619827,"M185-RW3","Female"
"G6RN-4Y7",55842619828,"G6DZ-JKF","Male"
"G6RN-4Y7",55842619829,"G6D8-388","Female"
"GFPT-S5P",55842619830,"GZ8X-GV2","Male"
"GFPT-S5P",55842619831,"G6ZP-B73","Female"
"LY9D-2F8",55842619832,"LCJD-VX6","Male"
"LY9D-2F8",55842619833,"LD9R-RKH","Female"
"L28D-TJH",55842619834,"9WMP-NNQ","Male"
"L28D-TJH",55842619835,"945D-J9Y","Female"
"GJTS-3TP",55842619836,"GZ8X-GV2","Male"
"GJTS-3TP",55842619837,"G6ZP-B73","Female"
"9HYQ-M4G",55842620032,"G7XJ-1LY","Male"
"9HYQ-M4G",55842620033,"GL2J-F24","Female"
"GJGW-QM6",55842620034,"GGL4-859","Male"
"GJGW-QM6",55842620035,"GGL4-6DG","Female"
"LZ19-924",55842620036,"LZF6-M94","Male"
"LZ19-924",55842620037,"GWW8-LWR","Female"
"GL5F-YH1",55842620038,"GGHH-9CK","Male"
"GL5F-YH1",55842620039,"GGHH-4HZ","Female"
"L8RR-4KG",55842620040,"L8WY-72D","Male"
"L8RR-4KG",55842620041,"GZBB-BMJ","Female"
"99QT-MCB",55842620042,"LDSS-KBB","Male"
"99QT-MCB",55842620043,"GLZ3-DZS","Female"
"G792-Y4T",55842620052,"GZ9Q-17G","Male"
"GK5F-4LY",55842620054,"GK5F-8MJ","Male"
"GK5F-4LY",55842620055,"GQ2G-ZP8","Female"
"G7XJ-1LY",55842620160,"L6NQ-1X6","Male"
"G7XJ-1LY",55842620161,"GDX5-HMR","Female"
"LZF6-M94",55842620168,"KGSQ-35V","Male"
"LZF6-M94",55842620169,"GKZQ-S2R","Female"
"GWW8-LWR",55842620170,"9ZHZ-89Q","Male"
"GWW8-LWR",55842620171,"G8L4-56J","Female"
"938W-39J",55842620192,"LCBD-GVR","Male"
"938W-39J",55842620193,"LCB8-2VX","Female"
"9W89-MK6",55842620194,"L8MB-ZF7","Male"
"9W89-MK6",55842620195,"L83F-5Z6","Female"
"LYXW-BQK",55842620196,"G791-PCN","Male"
"L8YY-PP2",55842620208,"LCN5-99B","Male"
"L8YY-PP2",55842620209,"LYNX-745","Female"
"LT5Z-556",55842620210,"GS83-FSL","Male"
"LT5Z-556",55842620211,"GL79-7R2","Female"
"LBGF-H83",55842620212,"LRQD-FS2","Male"
"LBGF-H83",55842620213,"L5VF-6MD","Female"
"LZ56-WY6",55842620214,"GJSD-GLT","Male"
"LZ56-WY6",55842620215,"GVMD-TBD","Female"
"9CXC-B7Y",55842620216,"L1WS-BMM","Male"
"9CXC-B7Y",55842620217,"9Z8D-P68","Female"
"LZBY-TS8",55842620218,"LDMN-PWB","Male"
"LZBY-TS8",55842620219,"2NBQ-FP2","Female"
"GK9Q-S8F",55842620220,"L81Y-9GD","Male"
"GK9Q-S8F",55842620221,"LB2S-PWM","Female"
"L8WY-72D",55842620240,"GK25-3JB","Male"
"L8WY-72D",55842620241,"GV4D-MFG","Female"
"LDSS-KBB",55842620244,"GKQ6-ZVV","Male"
"LDSS-KBB",55842620245,"GGQN-PGD","Female"
"LDSS-288",55842620256,"GGKJ-Z1T","Male"
"LDSS-288",55842620257,"KL6C-XQV","Female"
"G6PK-MQW",55842620258,"GD5G-QGN","Male"
"G6PK-MQW",55842620259,"GGJ8-YWG","Female"
"9WMP-NNQ",55842620260,"99PT-NTZ","Male"
"9WMP-NNQ",55842620261,"G98Z-6RZ","Female"
"945D-J9Y",55842620262,"LZ9M-HWG","Male"
"945D-J9Y",55842620263,"9M85-YGM","Female"
"LDSS-26H",55842620264,"9W7P-G88","Male"
"LDSS-26H",55842620265,"GLB2-PPV","Female"
"L6SC-CJF",55842620266,"LZVG-MCV","Male"
"L6SC-CJF",55842620267,"LQR5-6N2","Female"
"LZLQ-664",55842620268,"9S9W-MPL","Male"
"LZLQ-664",55842620269,"KFX1-BZD","Female"
"9HTX-2CD",55842620272,"9HRG-JDL","Male"
"9HTX-2CD",55842620273,"LDH1-G9D","Female"
"G39Q-HBK",55842620274,"KX2S-NWF","Male"
"G39Q-HBK",55842620275,"L7GV-KKS","Female"
"LZGK-GZB",55842620276,"LZ8D-9DK","Male"
"LZGK-GZB",55842620277,"GK9J-9XB","Female"
"MXKR-J9R",55842620278,"9QZD-J5R","Male"
"MXKR-J9R",55842620279,"L18P-6ZG","Female"
"GLBB-B7J",55842620288,"GQZM-VZS","Male"
"GKY2-HZS",55842620290,"G2CX-F3P","Male"
"GKY2-HZS",55842620291,"G2CX-M5V","Female"
"GMWX-WW1",55842620296,"GQZM-VZS","Male"
"LCRR-KM2",55842620352,"9H6Q-VVW","Male"
"LCRR-KM2",55842620353,"9HPT-832","Female"
"LDW5-JN2",55842620354,"9C72-WGJ","Male"
"LDW5-JN2",55842620355,"9CZV-2KJ","Female"
"LD9Y-C7T",55842620356,"9SJP-9TN","Male"
"LD9Y-C7T",55842620357,"LVDV-KPT","Female"
"LD9Y-CW9",55842620358,"LZDH-NFR","Male"
"LD9Y-CW9",55842620359,"LD9C-ZGZ","Female"
"94T6-749",55842620360,"GKZ8-PM1","Male"
"94T6-749",55842620361,"GMXZ-2CC","Female"
"GLLC-968",55842620362,"G8K3-VQ8","Male"
"GLLC-968",55842620363,"G9TH-6YX","Female"
"L1DW-Q5N",55842620364,"LY5W-N6P","Male"
"L1DW-Q5N",55842620365,"LHWS-BFW","Female"
"2781-6PP",55842620366,"GDB8-4V9","Male"
"2781-6PP",55842620367,"GVZM-RKC","Female"
"L8YY-PP2",55842620368,"LCN5-99B","Male"
"L8YY-PP2",55842620369,"LYNX-745","Female"
"LT5Z-556",55842620370,"GS83-FSL","Male"
"LT5Z-556",55842620371,"GL79-7R2","Female"
"LBGF-H83",55842620372,"LRQD-FS2","Male"
"LBGF-H83",55842620373,"L5VF-6MD","Female"
"LZ56-WY6",55842620374,"GJSD-GLT","Male"
"LZ56-WY6",55842620375,"GVMD-TBD","Female"
"9CXC-B7Y",55842620376,"L1WS-BMM","Male"
"9CXC-B7Y",55842620377,"9Z8D-P68","Female"
"LZBY-TS8",55842620378,"LDMN-PWB","Male"
"LZBY-TS8",55842620379,"2NBQ-FP2","Female"
"GK9Q-S8F",55842620380,"L81Y-9GD","Male"
"GK9Q-S8F",55842620381,"LB2S-PWM","Female"
"L8YY-PZ9",55842620384,"LBBB-4XS","Male"
"L8YY-PZ9",55842620385,"LDHS-6S3","Female"
"9H65-XXK",55842620386,"L8YY-PH5","Male"
"9H65-XXK",55842620387,"KFX1-BZD","Female"
"GVD8-NJ7",55842620390,"GPSX-XT1","Male"
"GVD8-NJ7",55842620391,"GPSX-KP8","Female"
"GGZQ-BP3",55842620392,"GZ44-VYR","Male"
"GGZQ-BP3",55842620393,"GKZ8-XPF","Female"
"GHNF-BYC",55842620394,"LTCX-SR2","Male"
"GHNF-BYC",55842620395,"GKZ8-XW3","Female"
"GN8V-37D",55842620398,"LB27-YWT","Male"
"GN8V-37D",55842620399,"GWZB-NNM","Female"
"LZLG-V3F",55842620400,"L7NG-DRP","Male"
"LZLG-V3F",55842620401,"LYTH-K3C","Female"
"LH6K-2BP",55842620402,"LTT6-YJQ","Male"
"LH6K-2BP",55842620403,"GV8X-JR1","Female"
"GJYM-TGG",55842620404,"29H4-2Y1","Male"
"GJYM-TGG",55842620405,"GKZ8-Q9M","Female"
"LBPM-PVV",55842620406,"G8W1-CJS","Male"
"LBPM-PVV",55842620407,"GKCC-J1G","Female"
"GQMM-WCR",55842620408,"GH7M-QSF","Male"
"GQMM-WCR",55842620409,"G4SP-ZYT","Female"
"L1JY-KRP",55842620414,"L1DW-Q5N","Male"
"L1JY-KRP",55842620415,"2781-6PP","Female"
"K6SY-4TP",55842620416,"9HD5-2W8","Male"
"GKB5-QNV",55842620448,"GKB5-H1V","Male"
"2Z31-42G",55842620456,"GLB7-PP6","Male"
"2Z31-42G",55842620457,"2TRD-1QJ","Female"
"GXHR-TN1",55842620458,"GLJZ-HYP","Male"
"GXHR-TN1",55842620459,"GLJC-666","Female"
"LZLB-PJY",55842620464,"LZBR-3W6","Male"
"LZLB-PJY",55842620465,"GDT8-G9X","Female"
"KG7N-78T",55842620472,"LZNF-SCQ","Male"
"KG7N-78T",55842620473,"LQ5C-BBR","Female"
"G9WK-ZB3",55842620476,"L1SL-2HR","Male"
"GHS6-1TP",55842620478,"LZF6-M94","Male"
"GHS6-1TP",55842620479,"L5TT-LG3","Female"
"GGWK-PPB",55842620480,"GGW2-C6R","Male"
"GGWK-PPB",55842620481,"GG4S-L5P","Female"
"G7LK-P3T",55842620488,"G7LK-4WM","Male"
"G7LK-P3T",55842620489,"GW4S-SJK","Female"
"GGWK-PPB",55842620672,"GGW2-C6R","Male"
"GGWK-PPB",55842620673,"GG4S-L5P","Female"
"G7LK-P3T",55842620680,"G7LK-4WM","Male"
"G7LK-P3T",55842620681,"GW4S-SJK","Female"
"GH1Y-JYY",55842620736,"LR3T-3QV","Male"
"GH1Y-JYY",55842620737,"LY8X-J9P","Female"
"KFFD-W9R",55842620752,"G2XB-VJQ","Male"
"KFFD-W9R",55842620753,"GHSV-NM4","Female"
"LDSS-LB3",55842620756,"2RY4-9Z9","Male"
"LDSS-LB3",55842620757,"MNTJ-2LR","Female"
"L5JM-54G",55842620758,"GZ5R-Y9N","Male"
"L5JM-54G",55842620759,"GXDS-K6L","Female"
"L8BY-3VJ",55842620760,"L8YY-PP2","Male"
"L8BY-3VJ",55842620761,"LT5Z-556","Female"
"94BP-X4Z",55842620762,"LBGF-H83","Male"
"94BP-X4Z",55842620763,"LZ56-WY6","Female"
"L8YY-5HK",55842620764,"9CXC-B7Y","Male"
"L8YY-5HK",55842620765,"LZBY-TS8","Female"
"L8WB-D2Z",55842620766,"GK9Q-S8F","Male"
"L8WB-D2Z",55842620767,"GK85-LHZ","Female"
"LD3S-HB7",55842620768,"LZN5-Q53","Male"
"LD3S-HB7",55842620769,"G2XB-DKZ","Female"
"LTYC-DNP",55842620770,"LZ19-924","Male"
"LTYC-DNP",55842620771,"GL5F-YH1","Female"
"LVMH-1XQ",55842620772,"LKDQ-9H8","Male"
"LVMH-1XQ",55842620773,"27P5-QDR","Female"
"9CCJ-FTY",55842620774,"G9JM-FD8","Male"
"9CCJ-FTY",55842620775,"L6ZX-V42","Female"
"K2NJ-ZYG",55842620780,"KF5H-44Z","Male"
"K2NJ-ZYG",55842620781,"9CW5-VNG","Female"
"9CCY-2J4",55842620776,"LFTZ-KSX","Male"
"9CCY-2J4",55842620777,"LD29-51J","Female"
"G21Y-C9F",55842620778,"LTFG-ZR8","Male"
"G21Y-C9F",55842620779,"99HN-W8M","Female"
"LR9B-N7S",55842620788,"LRSM-TWG","Male"
"9HYQ-M4G",55842620800,"G7XJ-1LY","Male"
"9HYQ-M4G",55842620801,"GL2J-F24","Female"
"GJGW-QM6",55842620802,"GGL4-859","Male"
"GJGW-QM6",55842620803,"GGL4-6DG","Female"
"LZ19-924",55842620804,"LZF6-M94","Male"
"LZ19-924",55842620805,"GWW8-LWR","Female"
"GL5F-YH1",55842620806,"GGHH-9CK","Male"
"GL5F-YH1",55842620807,"GGHH-4HZ","Female"
"GGW2-C6R",55842620928,"GGWK-6T8","Male"
"GGW2-C6R",55842620929,"GG4S-LH7","Female"
"LR3T-3QV",55842621056,"9VGN-TK6","Male"
"LR3T-3QV",55842621057,"MM54-99C","Female"
"LY8X-J9P",55842621058,"LBWD-HPQ","Male"
"LY8X-J9P",55842621059,"GZYY-H3P","Female"
"G2XB-VJQ",55842621088,"9C9Z-CSF","Male"
"G2XB-VJQ",55842621089,"GG8T-BQ8","Female"
"GHSV-NM4",55842621090,"GG5S-DCJ","Male"
"2RY4-9Z9",55842621096,"GZ5R-1T8","Male"
"2RY4-9Z9",55842621097,"GKZ8-P1Z","Female"
"MNTJ-2LR",55842621098,"GX85-9B7","Male"
"MNTJ-2LR",55842621099,"GKZ8-9CY","Female"
"GZ5R-Y9N",55842621100,"G66Z-NKQ","Male"
"GZ5R-Y9N",55842621101,"GJ6V-K5C","Female"
"GXDS-K6L",55842621102,"GXDG-BZQ","Male"
"GXDS-K6L",55842621103,"GZ6V-343","Female"
"L8YY-PP2",55842621104,"LCN5-99B","Male"
"L8YY-PP2",55842621105,"LYNX-745","Female"
"LT5Z-556",55842621106,"GS83-FSL","Male"
"LT5Z-556",55842621107,"GL79-7R2","Female"
"LBGF-H83",55842621108,"LRQD-FS2","Male"
"LBGF-H83",55842621109,"L5VF-6MD","Female"
"LZ56-WY6",55842621110,"GJSD-GLT","Male"
"LZ56-WY6",55842621111,"GVMD-TBD","Female"
"9CXC-B7Y",55842621112,"L1WS-BMM","Male"
"9CXC-B7Y",55842621113,"9Z8D-P68","Female"
"LZBY-TS8",55842621114,"LDMN-PWB","Male"
"LZBY-TS8",55842621115,"2NBQ-FP2","Female"
"GK9Q-S8F",55842621116,"L81Y-9GD","Male"
"GK9Q-S8F",55842621117,"LB2S-PWM","Female"
"LZN5-Q53",55842621120,"21RP-8TN","Male"
"LZN5-Q53",55842621121,"L8BM-ZN2","Female"
"G2XB-DKZ",55842621122,"GLVC-FM6","Male"
"LZ19-924",55842621124,"LZF6-M94","Male"
"LZ19-924",55842621125,"GWW8-LWR","Female"
"GL5F-YH1",55842621126,"GGHH-9CK","Male"
"GL5F-YH1",55842621127,"GGHH-4HZ","Female"
"LKDQ-9H8",55842621128,"LKKN-F47","Male"
"LKDQ-9H8",55842621129,"GZG9-5WJ","Female"
"27P5-QDR",55842621130,"G2DV-W2D","Male"
"27P5-QDR",55842621131,"L2NY-ZGC","Female"
"G9JM-FD8",55842621132,"KFYT-G84","Male"
"G9JM-FD8",55842621133,"LDSS-LKR","Female"
"L6ZX-V42",55842621134,"GVB1-LW9","Male"
"L6ZX-V42",55842621135,"M8H1-KRN","Female"
"KF5H-44Z",55842621144,"L4NY-WX6","Male"
"KF5H-44Z",55842621145,"LDSS-LKR","Female"
"9CW5-VNG",55842621146,"L8YY-5HK","Male"
"9CW5-VNG",55842621147,"GX26-56G","Female"
"LFTZ-KSX",55842621136,"GG45-5FF","Male"
"LD29-51J",55842621138,"LTFG-ZR8","Male"
"LD29-51J",55842621139,"99HN-W8M","Female"
"LTFG-ZR8",55842621140,"GDFJ-TC8","Male"
"LTFG-ZR8",55842621141,"G2XB-KHW","Female"
"99HN-W8M",55842621142,"MQ6Y-DJR","Male"
"99HN-W8M",55842621143,"LHR1-9SN","Female"
"G7XJ-1LY",55842621184,"L6NQ-1X6","Male"
"G7XJ-1LY",55842621185,"GDX5-HMR","Female"
"LZF6-M94",55842621192,"KGSQ-35V","Male"
"LZF6-M94",55842621193,"GKZQ-S2R","Female"
"GWW8-LWR",55842621194,"9ZHZ-89Q","Male"
"GWW8-LWR",55842621195,"G8L4-56J","Female"
"G2TZ-96Y",55842621440,"GLZJ-1J2","Male"
"L1DD-JMP",55842621444,"GG5W-TJ1","Male"
"L1DD-JMP",55842621445,"GG54-SDF","Female"
"9WY9-HRJ",55842621446,"LZ19-924","Male"
"LD9R-RCZ",55842621448,"GGT6-NYC","Male"
"LD9R-RCZ",55842621449,"GGTD-5CG","Female"
"MBWQ-SF3",55842621450,"LH3J-XVF","Male"
"MBWQ-SF3",55842621451,"KN3T-TR3","Female"
"L1R3-QH7",55842621452,"LD9R-5PH","Male"
"L1R3-QH7",55842621453,"LZM1-YM9","Female"
"M33Z-FHV",55842621454,"GGQ2-T6Y","Male"
"M33Z-FHV",55842621455,"GGQ2-FDK","Female"
"LTZK-Z7P",55842621696,"G7N3-LWQ","Male"
"LTZK-Z7P",55842621697,"GJ5H-QNY","Female"
"2MRF-VW3",55842621698,"G65L-5F3","Male"
"2MRF-VW3",55842621699,"9MFL-928","Female"
"GCQF-99Z",55842621700,"9Z8K-YB8","Male"
"GCQF-99Z",55842621701,"GFCF-Z9N","Female"
"GJ5H-JTS",55842621702,"9CXH-2GX","Male"
"GJ5H-JTS",55842621703,"G6CW-KB3","Female"
"G6RZ-NN1",55842621704,"GHGN-47Z","Male"
"G6RZ-NN1",55842621705,"GHGN-H58","Female"
"M6BM-GL3",55842621712,"9HPW-TQ9","Male"
"M6BM-GL3",55842621713,"LRSD-74X","Female"
"L228-6GM",55842621714,"G6RT-HRZ","Male"
"L228-6GM",55842621715,"GVNK-YHT","Female"
"G4BC-NRY",55842621728,"9HVL-8MH","Male"
"G4BC-NRY",55842621729,"LL3T-27G","Female"
"GHG9-Y23",55842621730,"GCWF-XH3","Male"
"G242-XCP",55842621732,"G8D1-62Y","Male"
"G242-XCP",55842621733,"G6TZ-Q2F","Female"
"LHVB-FK7",55842621744,"LHVB-FL4","Male"
"LHVB-FK7",55842621745,"GGVY-Y62","Female"
"LZRW-Z12",55842621760,"G8NP-3GG","Male"
"LZRW-Z12",55842621761,"GZB6-2FP","Female"
"94Y9-R1P",55842621762,"GKFL-KKC","Male"
"9MWT-XX2",55842621764,"936P-ZYL","Male"
"9MWT-XX2",55842621765,"LH68-461","Female"
"GD85-2SN",55842621768,"9HM8-CFD","Male"
"GD85-2SN",55842621769,"GWXW-3FR","Female"
"GG86-CZN",55842621770,"LHKQ-JJ9","Male"
"GG86-CZN",55842621771,"LKLN-73G","Female"
"G6R8-9H9",55842621776,"GLX7-2JN","Male"
"LCDM-N61",55842621780,"L8MB-ZF7","Male"
"LCDM-N61",55842621781,"L83F-5Z6","Female"
"GG86-WMJ",55842621784,"GGRG-Z11","Male"
"GG86-WMJ",55842621785,"GGRD-7PW","Female"
"GG86-CZN",55842621786,"LHKQ-JJ9","Male"
"GG86-CZN",55842621787,"LKLN-73G","Female"
"9CZM-HK2",55842621788,"LHKQ-JJ9","Male"
"9CZM-HK2",55842621789,"LKLN-73G","Female"
"LTVB-BQ6",55842621790,"LTVB-TV3","Male"
"LTVB-BQ6",55842621791,"LCZ2-M23","Female"
"LZZK-7QX",55842621824,"M6BM-GL3","Male"
"LZZK-7QX",55842621825,"L228-6GM","Female"
"G8D1-62Y",55842621828,"M6BM-GL3","Male"
"G8D1-62Y",55842621829,"L228-6GM","Female"
"GCXR-Q7Y",55842621830,"GCQF-99Z","Male"
"GCXR-Q7Y",55842621831,"GJ5H-JTS","Female"
"LD9P-Q15",55842621832,"LTZK-Z7P","Male"
"LD9P-Q15",55842621833,"2MRF-VW3","Female"
"LKDQ-86Y",55842621834,"G24S-49V","Male"
"GNK2-CCY",55842621836,"GFCP-JW5","Male"
"LH68-32D",55842621848,"G6RT-HRZ","Male"
"LH68-32D",55842621849,"GVNK-YHT","Female"
"G95P-96W",55842621852,"G95G-R8Z","Male"
"G95P-96W",55842621853,"G95G-5GR","Female"
"GW1J-L9F",55842621856,"GW1V-8HF","Male"
"9HTX-2CD",55842622144,"9HRG-JDL","Male"
"9HTX-2CD",55842622145,"LDH1-G9D","Female"
"LZGK-ZV2",55842622150,"LZ1T-YG5","Male"
"LZGK-ZV2",55842622151,"LZZF-5Z1","Female"
"GGG7-Q5M",55842622160,"G6TC-GD8","Male"
"GGG7-Q5M",55842622161,"GGG3-LR4","Female"
"GZL1-BTV",55842622162,"GZVH-K4C","Male"
"GZL1-BTV",55842622163,"GZVH-NJM","Female"
"28YJ-Z4N",55842622172,"9HTX-2CD","Male"
"28YJ-Z4N",55842622173,"G39Q-HBK","Female"
"GGGT-9MX",55842622174,"MXVC-BK8","Male"
"G233-LXN",55842622176,"GGJD-LJM","Male"
"G233-LXN",55842622177,"G2PL-CYW","Female"
"GC7G-R6L",55842622184,"9CHR-8ZW","Male"
"GC7G-R6L",55842622185,"GVWL-TZN","Female"
"GC7P-77S",55842622186,"G2PK-2PB","Male"
"GC7P-77S",55842622187,"GVXD-YLR","Female"
"9HTX-2CD",55842622224,"9HRG-JDL","Male"
"9HTX-2CD",55842622225,"LDH1-G9D","Female"
"G39Q-HBK",55842622226,"KX2S-NWF","Male"
"G39Q-HBK",55842622227,"L7GV-KKS","Female"
"L7LR-RWX",55842622228,"GVR7-Q43","Male"
"L7LR-RWX",55842622229,"L2DV-WS5","Female"
"LBTR-BTW",55842622258,"LZK3-LK2","Male"
"LBTR-BTW",55842622259,"M185-RW3","Female"
"G6RN-4Y7",55842622260,"G6DZ-JKF","Male"
"G6RN-4Y7",55842622261,"G6D8-388","Female"
"GFPT-S5P",55842622262,"GZ8X-GV2","Male"
"GFPT-S5P",55842622263,"G6ZP-B73","Female"
"LY9D-2F8",55842622264,"LCJD-VX6","Male"
"LY9D-2F8",55842622265,"LD9R-RKH","Female"
"L28D-TJH",55842622266,"9WMP-NNQ","Male"
"L28D-TJH",55842622267,"945D-J9Y","Female"
"GJTS-3TP",55842622268,"GZ8X-GV2","Male"
"GJTS-3TP",55842622269,"G6ZP-B73","Female"
"GGKB-FBC",55842622280,"LZGK-GZB","Male"
"GGKB-FBC",55842622281,"LDSQ-F68","Female"
"GKCC-1KD",55842622304,"GKQX-VM9","Male"
"GKCC-1KD",55842622305,"GVB8-9XY","Female"
"GMF5-BSR",55842622312,"GLFD-7MD","Male"
"GMF5-BSR",55842622313,"GGFH-MVX","Female"
"L1WB-PZW",55842622314,"9HTX-2CD","Male"
"L1WB-PZW",55842622315,"L83J-4S6","Female"
"L1W8-W7S",55842622316,"GLFD-7MD","Male"
"L1W8-W7S",55842622317,"GGFH-MVX","Female"
"GD7W-JS7",55842622320,"G6H3-12T","Male"
"GD7W-NSX",55842622322,"GD7W-BDW","Male"
"9376-JCH",55842622328,"KNW5-CM9","Male"
"9376-JCH",55842622329,"LCRM-5HJ","Female"
"9HVH-9GD",55842622330,"LHW9-VZ4","Male"
"9HVH-9GD",55842622331,"GKKW-24R","Female"
"GG3M-7JP",55842622332,"GGWF-VYW","Male"
"GG3M-7JP",55842622333,"GGXT-3X8","Female"
"GLFD-7MD",55842622336,"GMMD-GH5","Male"
"GLFD-7MD",55842622337,"LBK1-86P","Female"
"GGFH-MVX",55842622338,"LCJD-VX6","Male"
"GGFH-MVX",55842622339,"LD9R-RKH","Female"
"9HTX-2CD",55842622340,"9HRG-JDL","Male"
"9HTX-2CD",55842622341,"LDH1-G9D","Female"
"G6LZ-TWJ",55842622344,"L5LL-BRL","Male"
"G6LZ-TWJ",55842622345,"GZ4M-H94","Female"
"G6R2-BDM",55842622350,"GFZ2-JTZ","Male"
"LCJD-VX6",55842622464,"9ZCB-DSC","Male"
"LCJD-VX6",55842622465,"GG1G-KG2","Female"
"LD9R-RKH",55842622466,"LD9R-RYR","Male"
"LD9R-RKH",55842622467,"M15L-V4Q","Female"
"9WMP-NNQ",55842622468,"99PT-NTZ","Male"
"9WMP-NNQ",55842622469,"G98Z-6RZ","Female"
"945D-J9Y",55842622470,"LZ9M-HWG","Male"
"945D-J9Y",55842622471,"9M85-YGM","Female"
"GZ8X-GV2",55842622472,"GFK3-MS7","Male"
"GZ8X-GV2",55842622473,"GFPT-WGM","Female"
"G6ZP-B73",55842622474,"LH3L-KQH","Male"
"G6ZP-B73",55842622475,"G692-MWD","Female"
"9HTX-2CD",55842622480,"9HRG-JDL","Male"
"9HTX-2CD",55842622481,"LDH1-G9D","Female"
"G39Q-HBK",55842622482,"KX2S-NWF","Male"
"G39Q-HBK",55842622483,"L7GV-KKS","Female"
"LZGK-GZB",55842622484,"LZ8D-9DK","Male"
"LZGK-GZB",55842622485,"GK9J-9XB","Female"
"MXKR-J9R",55842622486,"9QZD-J5R","Male"
"MXKR-J9R",55842622487,"L18P-6ZG","Female"
"G215-NYD",55842622496,"GG1F-9LB","Male"
"G215-NYD",55842622497,"GG1X-DGM","Female"
"G8W1-V4X",55842622546,"GL9M-YF9","Male"
"G8W1-V4X",55842622547,"GL9M-1QZ","Female"
"G891-N1Z",55842622552,"GSZ1-PTQ","Male"
"G891-N1Z",55842622553,"GS8M-WYK","Female"
"G3YQ-19T",55842622554,"991T-WHY","Male"
"G3YQ-19T",55842622555,"G3TV-1F5","Female"
"GGKJ-Z1T",55842622556,"L62H-Z9T","Male"
"GGKJ-Z1T",55842622557,"GVSP-PVV","Female"
"KL6C-XQV",55842622558,"GKZ8-HXS","Male"
"KL6C-XQV",55842622559,"GKS3-YPX","Female"
"LDHB-RRD",55842622560,"9HTX-2CD","Male"
"LDHB-RRD",55842622561,"L83J-4S6","Female"
"GKVP-QMK",55842622562,"LDHS-Z3V","Male"
"GKVP-QMK",55842622563,"LZGK-ZV2","Female"
"9SJJ-97N",55842622568,"GGG7-Q5M","Male"
"9SJJ-97N",55842622569,"GZL1-BTV","Female"
"LZJG-K5N",55842622570,"KX2S-NWF","Male"
"LZJG-K5N",55842622571,"L7GV-KKS","Female"
"LJ2H-W3S",55842622572,"GD74-RRH","Male"
"LJ2H-W3S",55842622573,"GJ5M-BKM","Female"
"LZ2S-DKM",55842622574,"28YJ-Z4N","Male"
"LZ2S-DKM",55842622575,"GGGT-9MX","Female"
"GJ2V-WRY",55842622576,"G233-LXN","Male"
"GJ2V-WRY",55842622577,"GGWK-NT3","Female"
"LD9P-MFB",55842622580,"GC7G-R6L","Male"
"LD9P-MFB",55842622581,"GC7P-77S","Female"
"G7NH-CM4",55842622624,"G215-NYD","Male"
"G7NH-CM4",55842622625,"GG1F-HTT","Female"
"LDHB-RRD",55842622640,"9HTX-2CD","Male"
"LDHB-RRD",55842622641,"L83J-4S6","Female"
"GKVP-QMK",55842622642,"LDHS-Z3V","Male"
"GKVP-QMK",55842622643,"LZGK-ZV2","Female"
"9SJJ-97N",55842622648,"GGG7-Q5M","Male"
"9SJJ-97N",55842622649,"GZL1-BTV","Female"
"LZJG-K5N",55842622650,"KX2S-NWF","Male"
"LZJG-K5N",55842622651,"L7GV-KKS","Female"
"LJ2H-W3S",55842622652,"GD74-RRH","Male"
"LJ2H-W3S",55842622653,"GJ5M-BKM","Female"
"LZ2S-DKM",55842622654,"28YJ-Z4N","Male"
"LZ2S-DKM",55842622655,"GGGT-9MX","Female"
"G8W1-V4X",55842622674,"GL9M-YF9","Male"
"G8W1-V4X",55842622675,"GL9M-1QZ","Female"
"G891-N1Z",55842622680,"GSZ1-PTQ","Male"
"G891-N1Z",55842622681,"GS8M-WYK","Female"
"G3YQ-19T",55842622682,"991T-WHY","Male"
"G3YQ-19T",55842622683,"G3TV-1F5","Female"
"GGKJ-Z1T",55842622684,"L62H-Z9T","Male"
"GGKJ-Z1T",55842622685,"GVSP-PVV","Female"
"KL6C-XQV",55842622686,"GKZ8-HXS","Male"
"KL6C-XQV",55842622687,"GKS3-YPX","Female"
"LDHB-RRD",55842622688,"9HTX-2CD","Male"
"LDHB-RRD",55842622689,"L83J-4S6","Female"
"GKVP-QMK",55842622690,"LDHS-Z3V","Male"
"GKVP-QMK",55842622691,"LZGK-ZV2","Female"
"9SJJ-97N",55842622696,"GGG7-Q5M","Male"
"9SJJ-97N",55842622697,"GZL1-BTV","Female"
"LZJG-K5N",55842622698,"KX2S-NWF","Male"
"LZJG-K5N",55842622699,"L7GV-KKS","Female"
"LJ2H-W3S",55842622700,"GD74-RRH","Male"
"LJ2H-W3S",55842622701,"GJ5M-BKM","Female"
"LZ2S-DKM",55842622702,"28YJ-Z4N","Male"
"LZ2S-DKM",55842622703,"GGGT-9MX","Female"
"GJ2V-WRY",55842622704,"G233-LXN","Male"
"GJ2V-WRY",55842622705,"GGWK-NT3","Female"
"LD9P-MFB",55842622708,"GC7G-R6L","Male"
"LD9P-MFB",55842622709,"GC7P-77S","Female"
"9HTX-2CD",55842622720,"9HRG-JDL","Male"
"9HTX-2CD",55842622721,"LDH1-G9D","Female"
"LZGK-ZV2",55842622726,"LZ1T-YG5","Male"
"LZGK-ZV2",55842622727,"LZZF-5Z1","Female"
"GGG7-Q5M",55842622736,"G6TC-GD8","Male"
"GGG7-Q5M",55842622737,"GGG3-LR4","Female"
"GZL1-BTV",55842622738,"GZVH-K4C","Male"
"GZL1-BTV",55842622739,"GZVH-NJM","Female"
"28YJ-Z4N",55842622748,"9HTX-2CD","Male"
"28YJ-Z4N",55842622749,"G39Q-HBK","Female"
"GGGT-9MX",55842622750,"MXVC-BK8","Male"
"G233-LXN",55842622752,"GGJD-LJM","Male"
"G233-LXN",55842622753,"G2PL-CYW","Female"
"GC7G-R6L",55842622760,"9CHR-8ZW","Male"
"GC7G-R6L",55842622761,"GVWL-TZN","Female"
"GC7P-77S",55842622762,"G2PK-2PB","Male"
"GC7P-77S",55842622763,"GVXD-YLR","Female"
"GZRK-SFB",55842622784,"GLZW-7GF","Male"
"GZRK-SFB",55842622785,"GVSG-X5N","Female"
"GVSP-WS2",55842622786,"G6T6-SZ3","Male"
"GVSP-WS2",55842622787,"GZB1-L61","Female"
"GHKB-C3J",55842622788,"G2RH-ZJB","Male"
"GHKB-C3J",55842622789,"G2RH-4T1","Female"
"L5DR-KL8",55842622790,"GQRR-BP3","Male"
"L5DR-KL8",55842622791,"LDVY-ZHB","Female"
"KDQW-JTJ",55842622792,"9HTX-2CD","Male"
"KDQW-JTJ",55842622793,"G39Q-HBK","Female"
"LDS9-GGV",55842622794,"LZGK-GZB","Male"
"LDS9-GGV",55842622795,"MXKR-J9R","Female"
"LD9R-RB7",55842622796,"LD9R-RYR","Male"
"LD9R-RB7",55842622797,"M15L-V4Q","Female"
"LDSS-6H5",55842622798,"L133-HLP","Male"
"LDSS-6H5",55842622799,"KH8N-T92","Female"
"9ZH7-GMD",55842622800,"G7RV-VBP","Male"
"9ZH7-GMD",55842622801,"GL9M-YXL","Female"
"G7ZN-5DF",55842622804,"GLJW-CJ4","Male"
"G2TZ-96Y",55842622808,"GLZJ-1J2","Male"
"L1DD-JMP",55842622812,"GG5W-TJ1","Male"
"L1DD-JMP",55842622813,"GG54-SDF","Female"
"9WY9-HRJ",55842622814,"LZ19-924","Male"
"GQRQ-K79",55842622848,"GQRQ-F8M","Male"
"GQRQ-K79",55842622849,"GGV5-TJN","Female"
"GGZD-RQR",55842622976,"GGTX-L7Y","Male"
"GGZD-RQR",55842622977,"GGTX-Q2J","Female"
"GL9M-YXL",55842622978,"GKZG-KWQ","Male"
"GL9M-YXL",55842622979,"GGTN-692","Female"
"GV4P-VY5",55842623008,"LCCZ-SSV","Male"
"GV4P-VY5",55842623009,"GSC5-SBV","Female"
"GGJD-JSR",55842623010,"G9FS-BL2","Male"
"GGJD-JSR",55842623011,"GGXP-5J3","Female"
"GZRK-SFB",55842623012,"GLZW-7GF","Male"
"GZRK-SFB",55842623013,"GVSG-X5N","Female"
"GVSP-WS2",55842623014,"G6T6-SZ3","Male"
"GVSP-WS2",55842623015,"GZB1-L61","Female"
"G8W1-V4X",55842623058,"GL9M-YF9","Male"
"G8W1-V4X",55842623059,"GL9M-1QZ","Female"
"G891-N1Z",55842623064,"GSZ1-PTQ","Male"
"G891-N1Z",55842623065,"GS8M-WYK","Female"
"G3YQ-19T",55842623066,"991T-WHY","Male"
"G3YQ-19T",55842623067,"G3TV-1F5","Female"
"GGKJ-Z1T",55842623068,"L62H-Z9T","Male"
"GGKJ-Z1T",55842623069,"GVSP-PVV","Female"
"KL6C-XQV",55842623070,"GKZ8-HXS","Male"
"KL6C-XQV",55842623071,"GKS3-YPX","Female"
"LDHB-RRD",55842623072,"9HTX-2CD","Male"
"LDHB-RRD",55842623073,"L83J-4S6","Female"
"GKVP-QMK",55842623074,"LDHS-Z3V","Male"
"GKVP-QMK",55842623075,"LZGK-ZV2","Female"
"9SJJ-97N",55842623080,"GGG7-Q5M","Male"
"9SJJ-97N",55842623081,"GZL1-BTV","Female"
"LZJG-K5N",55842623082,"KX2S-NWF","Male"
"LZJG-K5N",55842623083,"L7GV-KKS","Female"
"LJ2H-W3S",55842623084,"GD74-RRH","Male"
"LJ2H-W3S",55842623085,"GJ5M-BKM","Female"
"LZ2S-DKM",55842623086,"28YJ-Z4N","Male"
"LZ2S-DKM",55842623087,"GGGT-9MX","Female"
"GJ2V-WRY",55842623088,"G233-LXN","Male"
"GJ2V-WRY",55842623089,"GGWK-NT3","Female"
"LD9P-MFB",55842623092,"GC7G-R6L","Male"
"LD9P-MFB",55842623093,"GC7P-77S","Female"
"G7YH-3GJ",55842623104,"GV4P-VY5","Male"
"G7YH-3GJ",55842623105,"GGJD-JSR","Female"
"GC45-DB8",55842623106,"GZRK-SFB","Male"
"GC45-DB8",55842623107,"GVSP-WS2","Female"
"L1HZ-WR2",55842623112,"LVTD-MDD","Male"
"L1HZ-WR2",55842623113,"GKYX-DNQ","Female"
"KFLG-12B",55842623116,"28YJ-Z4N","Male"
"KFLG-12B",55842623117,"GGGT-9MX","Female"
"KZPV-BQM",55842623124,"L8RR-4KG","Male"
"KZPV-BQM",55842623125,"99QT-MCB","Female"
"M1VS-25N",55842623128,"LDSS-KJ6","Male"
"M1VS-25N",55842623129,"L28D-TJH","Female"
"LDSS-KHY",55842623130,"LYCY-PN6","Male"
"LDSS-KHY",55842623131,"LDSS-KKV","Female"
"LZGQ-LJX",55842623132,"KDQW-JTJ","Male"
"LZGQ-LJX",55842623133,"LDS9-GGV","Female"
"GL9R-YL9",55842623136,"LD95-VV6","Male"
"GL9R-YL9",55842623137,"9H2F-HV5","Female"
"LDHQ-P5F",55842623138,"LD9R-RB7","Male"
"LDHQ-P5F",55842623139,"LDSS-6H5","Female"
"G2G5-WJR",55842623140,"GX7F-WZP","Male"
"G2G5-WJR",55842623141,"G2GB-R81","Female"
"G2G5-FT5",55842623142,"LT3P-8D6","Male"
"G2G5-FT5",55842623143,"G8L3-3JL","Female"
"LBX8-DDN",55842623144,"LYCY-PN6","Male"
"LBX8-DDN",55842623145,"LDSS-KKV","Female"
"LDW2-4JB",55842623146,"LDW2-41W","Male"
"LDW2-4JB",55842623147,"G4NJ-GVF","Female"
"G6RG-6XQ",55842623152,"GJVC-FKB","Male"
"G6RG-6XQ",55842623153,"GQ21-56Y","Female"
"GKNC-F3X",55842623154,"G2QS-JRV","Male"
"GKNC-F3X",55842623155,"G2QS-6S4","Female"
"LH7S-18K",55842623160,"LDW2-7WW","Male"
"LH7S-18K",55842623161,"LH7S-12Y","Female"
"LDSV-5Q1",55842623162,"LDSQ-XRK","Male"
"LDSV-5Q1",55842623163,"LCFL-9DP","Female"
"KN8N-WHW",55842623168,"LBKM-2H9","Male"
"KN8N-WHW",55842623169,"LBDY-3J8","Female"
"9SYL-S5H",55842623170,"KX2S-NWF","Male"
"9SYL-S5H",55842623171,"L7GV-KKS","Female"
"G67W-G57",55842623172,"MKTV-TMC","Male"
"G67W-G57",55842623173,"G67G-YFC","Female"
"LDFZ-8Q1",55842623176,"GJ9M-PR2","Male"
"LDFZ-8Q1",55842623177,"GL14-857","Female"
"LHPZ-VGH",55842623178,"LZLG-V3F","Male"
"LHPZ-VGH",55842623179,"LH6K-2BP","Female"
"LD9R-RB7",55842623184,"LD9R-RYR","Male"
"LD9R-RB7",55842623185,"M15L-V4Q","Female"
"LDSS-6H5",55842623186,"L133-HLP","Male"
"LDSS-6H5",55842623187,"KH8N-T92","Female"
"LDMT-HMZ",55842623188,"L8BY-3VJ","Male"
"LDMT-HMZ",55842623189,"94BP-X4Z","Female"
"LD91-ST3",55842623190,"L8YY-5HK","Male"
"LD91-ST3",55842623191,"L8WB-D2Z","Female"
"L8MB-ZMK",55842623192,"L8YY-PD5","Male"
"L8MB-ZMK",55842623193,"MBV2-T1M","Female"
"MB1Q-ZWW",55842623194,"GKZZ-K49","Male"
"MB1Q-ZWW",55842623195,"GL6R-9XP","Female"
"LDMT-W6R",55842623196,"KJP2-TBR","Male"
"LDMT-W6R",55842623197,"GFN3-DQ5","Female"
"LT83-H6M",55842623198,"GQ59-8LX","Male"
"LT83-H6M",55842623199,"GSCJ-Z9D","Female"
"GKPX-TG7",55842623204,"GN8G-MT7","Male"
"GKPX-TG7",55842623205,"G6VR-DRK","Female"
"LTTZ-YL8",55842623208,"L8TJ-5XS","Male"
"LYSG-SY9",55842623210,"LJG4-5YW","Male"
"LYSG-SY9",55842623211,"GH91-DSB","Female"
"9C32-7PC",55842623212,"G7YH-3GJ","Male"
"9C32-7PC",55842623213,"GC45-DB8","Female"
"GG63-CZC",55842623488,"GG6Q-BJ7","Male"
"GG63-CZC",55842623489,"GG6Q-GJ5","Female"
"GG63-F22",55842623490,"GGBK-ZSM","Male"
"GG63-F22",55842623491,"GGBV-L5T","Female"
"9HYQ-M4G",55842623744,"G7XJ-1LY","Male"
"9HYQ-M4G",55842623745,"GL2J-F24","Female"
"GJGW-QM6",55842623746,"GGL4-859","Male"
"GJGW-QM6",55842623747,"GGL4-6DG","Female"
"LZ19-924",55842623748,"LZF6-M94","Male"
"LZ19-924",55842623749,"GWW8-LWR","Female"
"GL5F-YH1",55842623750,"GGHH-9CK","Male"
"GL5F-YH1",55842623751,"GGHH-4HZ","Female"
"LHPZ-9WQ",55842623760,"938W-39J","Male"
"LHPZ-9WQ",55842623761,"9W89-MK6","Female"
"LCT8-QVQ",55842623762,"LYXW-BQK","Male"
"L8BY-3VJ",55842623768,"L8YY-PP2","Male"
"L8BY-3VJ",55842623769,"LT5Z-556","Female"
"94BP-X4Z",55842623770,"LBGF-H83","Male"
"94BP-X4Z",55842623771,"LZ56-WY6","Female"
"L8YY-5HK",55842623772,"9CXC-B7Y","Male"
"L8YY-5HK",55842623773,"LZBY-TS8","Female"
"L8WB-D2Z",55842623774,"GK9Q-S8F","Male"
"L8WB-D2Z",55842623775,"GK85-LHZ","Female"
"L8RR-4KG",55842623784,"L8WY-72D","Male"
"L8RR-4KG",55842623785,"GZBB-BMJ","Female"
"99QT-MCB",55842623786,"LDSS-KBB","Male"
"99QT-MCB",55842623787,"GLZ3-DZS","Female"
"LDSS-KJ6",55842623792,"LDSS-288","Male"
"LDSS-KJ6",55842623793,"G6PK-MQW","Female"
"L28D-TJH",55842623794,"9WMP-NNQ","Male"
"L28D-TJH",55842623795,"945D-J9Y","Female"
"LYCY-PN6",55842623796,"LDSS-26H","Male"
"LYCY-PN6",55842623797,"L6SC-CJF","Female"
"LDSS-KKV",55842623798,"LZLQ-664","Male"
"LDSS-KKV",55842623799,"GK2Y-MJB","Female"
"KDQW-JTJ",55842623800,"9HTX-2CD","Male"
"KDQW-JTJ",55842623801,"G39Q-HBK","Female"
"LDS9-GGV",55842623802,"LZGK-GZB","Male"
"LDS9-GGV",55842623803,"MXKR-J9R","Female"
"LVMF-2JP",55842623808,"GLBB-B7J","Male"
"LVMF-2JP",55842623809,"GKY2-HZS","Female"
"LDSS-D1D",55842623812,"GMWX-WW1","Male"
"LD9R-RYR",55842623840,"LCRR-KM2","Male"
"LD9R-RYR",55842623841,"LDW5-JN2","Female"
"M15L-V4Q",55842623842,"LD9Y-C7T","Male"
"M15L-V4Q",55842623843,"LD9Y-CW9","Female"
"L133-HLP",55842623844,"94T6-749","Male"
"L133-HLP",55842623845,"GLLC-968","Female"
"KH8N-T92",55842623846,"L1DW-Q5N","Male"
"KH8N-T92",55842623847,"2781-6PP","Female"
"L8BY-3VJ",55842623848,"L8YY-PP2","Male"
"L8BY-3VJ",55842623849,"LT5Z-556","Female"
"94BP-X4Z",55842623850,"LBGF-H83","Male"
"94BP-X4Z",55842623851,"LZ56-WY6","Female"
"L8YY-5HK",55842623852,"9CXC-B7Y","Male"
"L8YY-5HK",55842623853,"LZBY-TS8","Female"
"L8WB-D2Z",55842623854,"GK9Q-S8F","Male"
"L8WB-D2Z",55842623855,"GK85-LHZ","Female"
"L8YY-PD5",55842623856,"L8YY-PZ9","Male"
"L8YY-PD5",55842623857,"9H65-XXK","Female"
"MBV2-T1M",55842623858,"GVD8-XBR","Male"
"MBV2-T1M",55842623859,"GVD8-NJ7","Female"
"GKZZ-K49",55842623860,"GGZQ-BP3","Male"
"GKZZ-K49",55842623861,"GHNF-BYC","Female"
"GL6R-9XP",55842623862,"GG38-D9W","Male"
"GL6R-9XP",55842623863,"GN8V-37D","Female"
"KJP2-TBR",55842623864,"LZLG-V3F","Male"
"KJP2-TBR",55842623865,"LH6K-2BP","Female"
"GFN3-DQ5",55842623866,"GJYM-TGG","Male"
"GFN3-DQ5",55842623867,"LBPM-PVV","Female"
"GQ59-8LX",55842623868,"GQMM-WCR","Male"
"GQ59-8LX",55842623869,"G29Z-H7W","Female"
"GSCJ-Z9D",55842623870,"LYS6-FRB","Male"
"GSCJ-Z9D",55842623871,"L1JY-KRP","Female"
"L1WT-FRN",55842623872,"GZRK-SFB","Male"
"L1WT-FRN",55842623873,"GVSP-WS2","Female"
"L1WY-QMZ",55842623874,"GHKB-C3J","Male"
"L1WY-QMZ",55842623875,"L5DR-KL8","Female"
"LB5R-TH8",55842623876,"KDQW-JTJ","Male"
"LB5R-TH8",55842623877,"LDS9-GGV","Female"
"LDHQ-P5F",55842623878,"LD9R-RB7","Male"
"LDHQ-P5F",55842623879,"LDSS-6H5","Female"
"LBJ9-GZ4",55842623880,"9ZH7-GMD","Male"
"LBJ9-GZ4",55842623881,"MBYH-395","Female"
"KZPP-B68",55842623882,"G7ZN-5DF","Male"
"L18B-R3G",55842623884,"G2TZ-96Y","Male"
"L18B-R3G",55842623885,"G2T8-97Z","Female"
"KDQH-DJG",55842623886,"L1DD-JMP","Male"
"KDQH-DJG",55842623887,"9WY9-HRJ","Female"
"LZGQ-LJX",55842623904,"KDQW-JTJ","Male"
"LZGQ-LJX",55842623905,"LDS9-GGV","Female"
"KDQH-DJG",55842623906,"L1DD-JMP","Male"
"KDQH-DJG",55842623907,"9WY9-HRJ","Female"
"GL9R-YL9",55842623908,"LD95-VV6","Male"
"GL9R-YL9",55842623909,"9H2F-HV5","Female"
"LDHQ-P5F",55842623910,"LD9R-RB7","Male"
"LDHQ-P5F",55842623911,"LDSS-6H5","Female"
"LD9R-RCZ",55842623928,"GGT6-NYC","Male"
"LD9R-RCZ",55842623929,"GGTD-5CG","Female"
"MBWQ-SF3",55842623930,"LH3J-XVF","Male"
"MBWQ-SF3",55842623931,"KN3T-TR3","Female"
"L1R3-QH7",55842623932,"LD9R-5PH","Male"
"L1R3-QH7",55842623933,"LZM1-YM9","Female"
"M33Z-FHV",55842623934,"GGQ2-T6Y","Male"
"M33Z-FHV",55842623935,"GGQ2-FDK","Female"
"LVTD-MDD",55842623936,"GX7C-LRS","Male"
"LVTD-MDD",55842623937,"GN1M-ZZK","Female"
"GKYX-DNQ",55842623938,"LB2S-1BB","Male"
"GKYX-DNQ",55842623939,"LTG4-ZZ5","Female"
"28YJ-Z4N",55842623944,"9HTX-2CD","Male"
"28YJ-Z4N",55842623945,"G39Q-HBK","Female"
"GGGT-9MX",55842623946,"MXVC-BK8","Male"
"GV4Z-NPS",55842623952,"GCQF-FLC","Male"
"GZKP-3KR",55842623954,"L5LL-BRL","Male"
"GZKP-3KR",55842623955,"GZ4M-H94","Female"
"9H27-6Y3",55842623960,"G6LZ-TWJ","Male"
"MWBC-XS5",55842623962,"9ZHQ-5GQ","Male"
"MWBC-XS5",55842623963,"G6R2-BDM","Female"
"99PY-VJ6",55842623964,"GN31-YTW","Male"
"99PY-VJ6",55842623965,"GN31-P3C","Female"
"G6DL-8L7",55842623966,"GK22-BND","Male"
"G6DL-8L7",55842623967,"GK2B-991","Female"
"99Y7-MCD",55842623968,"KN8N-WHW","Male"
"99Y7-MCD",55842623969,"9SYL-S5H","Female"
"LBKM-9MP",55842623970,"G67W-G57","Male"
"LBKM-9MP",55842623971,"MZHC-RBM","Female"
"L1QG-G8M",55842623972,"LDFZ-8Q1","Male"
"L1QG-G8M",55842623973,"LHPZ-VGH","Female"
"LDW5-66P",55842623976,"LD9R-RB7","Male"
"LDW5-66P",55842623977,"LDSS-6H5","Female"
"LDW5-623",55842623978,"LDMT-HMZ","Male"
"LDW5-623",55842623979,"LD91-ST3","Female"
"KCXK-S69",55842623980,"L8MB-ZMK","Male"
"KCXK-S69",55842623981,"MB1Q-ZWW","Female"
"GJR2-7VD",55842623982,"LDMT-W6R","Male"
"GJR2-7VD",55842623983,"LT83-H6M","Female"
"MKKN-R3H",55842623984,"GG5Y-858","Male"
"9Q6D-L88",55842623986,"GKPX-TG7","Male"
"9Q6D-L88",55842623987,"GN4Z-XZP","Female"
"K417-PHT",55842623988,"LTTZ-YL8","Male"
"K417-PHT",55842623989,"LYSG-SY9","Female"
"9S3D-N8F",55842623990,"9C32-7PC","Male"
"9S3D-N8F",55842623991,"M5YG-GGX","Female"
"LDHB-RRD",55842624000,"9HTX-2CD","Male"
"LDHB-RRD",55842624001,"L83J-4S6","Female"
"GKVP-QMK",55842624002,"LDHS-Z3V","Male"
"GKVP-QMK",55842624003,"LZGK-ZV2","Female"
"9SJJ-97N",55842624008,"GGG7-Q5M","Male"
"9SJJ-97N",55842624009,"GZL1-BTV","Female"
"LZJG-K5N",55842624010,"KX2S-NWF","Male"
"LZJG-K5N",55842624011,"L7GV-KKS","Female"
"LJ2H-W3S",55842624012,"GD74-RRH","Male"
"LJ2H-W3S",55842624013,"GJ5M-BKM","Female"
"LZ2S-DKM",55842624014,"28YJ-Z4N","Male"
"LZ2S-DKM",55842624015,"GGGT-9MX","Female"
"GJ2V-WRY",55842624016,"G233-LXN","Male"
"GJ2V-WRY",55842624017,"GGWK-NT3","Female"
"LD9P-MFB",55842624020,"GC7G-R6L","Male"
"LD9P-MFB",55842624021,"GC7P-77S","Female"
"L1WT-FRN",55842624032,"GZRK-SFB","Male"
"L1WT-FRN",55842624033,"GVSP-WS2","Female"
"L1WY-QMZ",55842624034,"GHKB-C3J","Male"
"L1WY-QMZ",55842624035,"L5DR-KL8","Female"
"LB5R-TH8",55842624036,"KDQW-JTJ","Male"
"LB5R-TH8",55842624037,"LDS9-GGV","Female"
"LDHQ-P5F",55842624038,"LD9R-RB7","Male"
"LDHQ-P5F",55842624039,"LDSS-6H5","Female"
"LBJ9-GZ4",55842624040,"9ZH7-GMD","Male"
"LBJ9-GZ4",55842624041,"MBYH-395","Female"
"KZPP-B68",55842624042,"G7ZN-5DF","Male"
"L18B-R3G",55842624044,"G2TZ-96Y","Male"
"L18B-R3G",55842624045,"G2T8-97Z","Female"
"KDQH-DJG",55842624046,"L1DD-JMP","Male"
"KDQH-DJG",55842624047,"9WY9-HRJ","Female"
"GQRQ-G6B",55842624064,"GQRQ-K79","Male"
"GQRQ-G6B",55842624065,"GGVR-MY2","Female"
"KDQW-JTJ",55842624128,"9HTX-2CD","Male"
"KDQW-JTJ",55842624129,"G39Q-HBK","Female"
"LDS9-GGV",55842624130,"LZGK-GZB","Male"
"LDS9-GGV",55842624131,"MXKR-J9R","Female"
"L1DD-JMP",55842624132,"GG5W-TJ1","Male"
"L1DD-JMP",55842624133,"GG54-SDF","Female"
"9WY9-HRJ",55842624134,"LZ19-924","Male"
"LD95-VV6",55842624136,"LD95-VVH","Male"
"LD95-VV6",55842624137,"99SD-Z4Q","Female"
"9H2F-HV5",55842624138,"MBGG-7NP","Male"
"9H2F-HV5",55842624139,"LD9R-SHL","Female"
"LD9R-RB7",55842624140,"LD9R-RYR","Male"
"LD9R-RB7",55842624141,"M15L-V4Q","Female"
"LDSS-6H5",55842624142,"L133-HLP","Male"
"LDSS-6H5",55842624143,"KH8N-T92","Female"
"GGT6-NYC",55842624176,"GW2T-YH6","Male"
"GGT6-NYC",55842624177,"GX5P-L6M","Female"
"GGTD-5CG",55842624178,"GGTX-XJX","Male"
"GGTD-5CG",55842624179,"GGT6-1Q1","Female"
"LH3J-XVF",55842624180,"GGYS-TR5","Male"
"LH3J-XVF",55842624181,"GGYS-R4S","Female"
"LD9R-5PH",55842624184,"L187-NYR","Male"
"LD9R-5PH",55842624185,"9WQY-MZT","Female"
"LDSQ-XRK",55842624352,"LDSK-V77","Male"
"LDSQ-XRK",55842624353,"LDSQ-F68","Female"
"LCFL-9DP",55842624354,"LB27-YWT","Male"
"LCFL-9DP",55842624355,"GWZB-NNM","Female"
"L644-9GY",55842624356,"LT61-JHR","Male"
"L644-9GY",55842624357,"LT6B-L2F","Female"
"KVGF-FPJ",55842624358,"GN4C-HR9","Male"
"KVGF-FPJ",55842624359,"GXGV-HXF","Female"
"LDHB-RRD",55842624384,"9HTX-2CD","Male"
"LDHB-RRD",55842624385,"L83J-4S6","Female"
"GKVP-QMK",55842624386,"LDHS-Z3V","Male"
"GKVP-QMK",55842624387,"LZGK-ZV2","Female"
"9SJJ-97N",55842624392,"GGG7-Q5M","Male"
"9SJJ-97N",55842624393,"GZL1-BTV","Female"
"LZJG-K5N",55842624394,"KX2S-NWF","Male"
"LZJG-K5N",55842624395,"L7GV-KKS","Female"
"LJ2H-W3S",55842624396,"GD74-RRH","Male"
"LJ2H-W3S",55842624397,"GJ5M-BKM","Female"
"LZ2S-DKM",55842624398,"28YJ-Z4N","Male"
"LZ2S-DKM",55842624399,"GGGT-9MX","Female"
"GJ2V-WRY",55842624400,"G233-LXN","Male"
"GJ2V-WRY",55842624401,"GGWK-NT3","Female"
"LD9P-MFB",55842624404,"GC7G-R6L","Male"
"LD9P-MFB",55842624405,"GC7P-77S","Female"
"KN8N-WHW",55842624416,"LBKM-2H9","Male"
"KN8N-WHW",55842624417,"LBDY-3J8","Female"
"9SYL-S5H",55842624418,"KX2S-NWF","Male"
"9SYL-S5H",55842624419,"L7GV-KKS","Female"
"G67W-G57",55842624420,"MKTV-TMC","Male"
"G67W-G57",55842624421,"G67G-YFC","Female"
"LDFZ-8Q1",55842624424,"GJ9M-PR2","Male"
"LDFZ-8Q1",55842624425,"GL14-857","Female"
"LHPZ-VGH",55842624426,"LZLG-V3F","Male"
"LHPZ-VGH",55842624427,"LH6K-2BP","Female"
"LD9R-RB7",55842624432,"LD9R-RYR","Male"
"LD9R-RB7",55842624433,"M15L-V4Q","Female"
"LDSS-6H5",55842624434,"L133-HLP","Male"
"LDSS-6H5",55842624435,"KH8N-T92","Female"
"LDMT-HMZ",55842624436,"L8BY-3VJ","Male"
"LDMT-HMZ",55842624437,"94BP-X4Z","Female"
"LD91-ST3",55842624438,"L8YY-5HK","Male"
"LD91-ST3",55842624439,"L8WB-D2Z","Female"
"L8MB-ZMK",55842624440,"L8YY-PD5","Male"
"L8MB-ZMK",55842624441,"MBV2-T1M","Female"
"MB1Q-ZWW",55842624442,"GKZZ-K49","Male"
"MB1Q-ZWW",55842624443,"GL6R-9XP","Female"
"LDMT-W6R",55842624444,"KJP2-TBR","Male"
"LDMT-W6R",55842624445,"GFN3-DQ5","Female"
"LT83-H6M",55842624446,"GQ59-8LX","Male"
"LT83-H6M",55842624447,"GSCJ-Z9D","Female"
"GNT4-LY5",55842624448,"LZZK-7QX","Male"
"GNT4-LY5",55842624449,"9SR5-6SR","Female"
"GDL9-6NN",55842624450,"G8D1-62Y","Male"
"GDL9-6NN",55842624451,"GCXR-Q7Y","Female"
"LTK3-8VH",55842624452,"LD9P-Q15","Male"
"LTK3-8VH",55842624453,"LKDQ-86Y","Female"
"GHMC-S6W",55842624454,"GNK2-CCY","Male"
"LHTX-J4Y",55842624460,"LH68-32D","Male"
"G34F-HFB",55842624462,"G95P-96W","Male"
"GW1V-6D9",55842624464,"GW1J-L9F","Male"
"9Z8P-D5J",55842624480,"GHXN-VML","Male"
"9Z8P-D5J",55842624481,"MH2M-DJX","Female"
"G2HQ-H3Y",55842624484,"9CCZ-PKB","Male"
"G2HQ-H3Y",55842624485,"L75S-MVR","Female"
"GFDK-XX3",55842624488,"GFDK-41H","Male"
"GFDK-XX3",55842624489,"GVJP-DFN","Female"
"GCQF-WFQ",55842624496,"LBWD-HLB","Male"
"GCQF-WFQ",55842624497,"9Z8K-VF6","Female"
"9CWG-P3Q",55842624504,"GQ61-KWP","Male"
"9CWG-P3Q",55842624505,"G286-7NZ","Female"
"LCZD-G2Y",55842624506,"G242-XCP","Male"
"LCZD-G2Y",55842624507,"G2L3-V7G","Female"
"G8W1-9VC",55842624508,"GQ61-KWP","Male"
"G8W1-9VC",55842624509,"G286-7NZ","Female"
"LCZD-G2Y",55842624510,"G242-XCP","Male"
"LCZD-G2Y",55842624511,"G2L3-V7G","Female"
"9HTX-2CD",55842624576,"9HRG-JDL","Male"
"9HTX-2CD",55842624577,"LDH1-G9D","Female"
"G39Q-HBK",55842624578,"KX2S-NWF","Male"
"G39Q-HBK",55842624579,"L7GV-KKS","Female"
"LZGK-GZB",55842624580,"LZ8D-9DK","Male"
"LZGK-GZB",55842624581,"GK9J-9XB","Female"
"MXKR-J9R",55842624582,"9QZD-J5R","Male"
"MXKR-J9R",55842624583,"L18P-6ZG","Female"
"GG5W-TJ1",55842624584,"GGB9-4CK","Male"
"GG5W-TJ1",55842624585,"9MTF-W16","Female"
"LZ19-924",55842624588,"LZF6-M94","Male"
"LZ19-924",55842624589,"GWW8-LWR","Female"
"LD95-VVH",55842624592,"LD97-4RG","Male"
"LD95-VVH",55842624593,"LDSS-BYY","Female"
"99SD-Z4Q",55842624594,"L8RR-S6X","Male"
"99SD-Z4Q",55842624595,"L8RR-S6J","Female"
"MBGG-7NP",55842624596,"LZ9M-HWG","Male"
"MBGG-7NP",55842624597,"9M85-YGM","Female"
"LD9R-SHL",55842624598,"21JJ-KNR","Male"
"LD9R-SHL",55842624599,"GZL8-6WN","Female"
"LD9R-RYR",55842624600,"LCRR-KM2","Male"
"LD9R-RYR",55842624601,"LDW5-JN2","Female"
"M15L-V4Q",55842624602,"LD9Y-C7T","Male"
"M15L-V4Q",55842624603,"LD9Y-CW9","Female"
"L133-HLP",55842624604,"94T6-749","Male"
"L133-HLP",55842624605,"GLLC-968","Female"
"KH8N-T92",55842624606,"L1DW-Q5N","Male"
"KH8N-T92",55842624607,"2781-6PP","Female"
"G9WK-ZB3",55842624776,"L1SL-2HR","Male"
"GHS6-1TP",55842624778,"LZF6-M94","Male"
"GHS6-1TP",55842624779,"L5TT-LG3","Female"
"L1Q3-L7Z",55842624780,"2RBY-DVZ","Male"
"L1Q3-L7Z",55842624781,"2R66-L8L","Female"
"KNW5-CM9",55842624784,"LVMF-2YH","Male"
"KNW5-CM9",55842624785,"GH4Y-2HC","Female"
"LCRM-5HJ",55842624786,"LCQX-XJS","Male"
"LCRM-5HJ",55842624787,"L78P-85J","Female"
"LHW9-VZ4",55842624788,"L1MT-HC1","Male"
"LHW9-VZ4",55842624789,"GVGZ-DCK","Female"
"KNQ6-9ZF",55842624965,"GGM3-KZW","Female"
"LDS9-GTK",55842624968,"9HTX-2CD","Male"
"LDS9-GTK",55842624969,"G39Q-HBK","Female"
"GMN3-7TX",55842624970,"L7LR-RWX","Male"
"GMN3-7TX",55842624971,"GKGZ-365","Female"
"LT83-QKS",55842624984,"GZ2L-M6L","Male"
"LT83-QKS",55842624985,"LBTR-BTW","Female"
"GDG2-NJC",55842624986,"G6RN-4Y7","Male"
"GDG2-NJC",55842624987,"GFPT-S5P","Female"
"G9M5-FF1",55842624988,"LY9D-2F8","Male"
"G9M5-FF1",55842624989,"L28D-TJH","Female"
"GN9F-M6Q",55842624990,"GJTS-3TP","Male"
"GN9F-M6Q",55842624991,"GN15-LRT","Female"
"G9WK-ZB3",55842625032,"L1SL-2HR","Male"
"GHS6-1TP",55842625034,"LZF6-M94","Male"
"GHS6-1TP",55842625035,"L5TT-LG3","Female"
"L1Q3-L7Z",55842625036,"2RBY-DVZ","Male"
"L1Q3-L7Z",55842625037,"2R66-L8L","Female"
"KNW5-CM9",55842625040,"LVMF-2YH","Male"
"KNW5-CM9",55842625041,"GH4Y-2HC","Female"
"LCRM-5HJ",55842625042,"LCQX-XJS","Male"
"LCRM-5HJ",55842625043,"L78P-85J","Female"
"LHW9-VZ4",55842625044,"L1MT-HC1","Male"
"LHW9-VZ4",55842625045,"GVGZ-DCK","Female"
"KNQ6-9ZF",55842625221,"GGM3-KZW","Female"
"LDS9-GTK",55842625224,"9HTX-2CD","Male"
"LDS9-GTK",55842625225,"G39Q-HBK","Female"
"GMN3-7TX",55842625226,"L7LR-RWX","Male"
"GMN3-7TX",55842625227,"GKGZ-365","Female"
"LT83-QKS",55842625240,"GZ2L-M6L","Male"
"LT83-QKS",55842625241,"LBTR-BTW","Female"
"GDG2-NJC",55842625242,"G6RN-4Y7","Male"
"GDG2-NJC",55842625243,"GFPT-S5P","Female"
"G9M5-FF1",55842625244,"LY9D-2F8","Male"
"G9M5-FF1",55842625245,"L28D-TJH","Female"
"GN9F-M6Q",55842625246,"GJTS-3TP","Male"
"GN9F-M6Q",55842625247,"GN15-LRT","Female"
"LZS9-ZC2",55842625344,"9HYQ-M4G","Male"
"LZS9-ZC2",55842625345,"GJGW-QM6","Female"
"LZ61-F76",55842625346,"LZ19-924","Male"
"LZ61-F76",55842625347,"GL5F-YH1","Female"
"KZPV-BQM",55842625348,"L8RR-4KG","Male"
"KZPV-BQM",55842625349,"99QT-MCB","Female"
"GGTM-B2D",55842625354,"G792-Y4T","Male"
"GGTM-B2D",55842625355,"GK5F-4LY","Female"
"9HYQ-M4G",55842625408,"G7XJ-1LY","Male"
"9HYQ-M4G",55842625409,"GL2J-F24","Female"
"GJGW-QM6",55842625410,"GGL4-859","Male"
"GJGW-QM6",55842625411,"GGL4-6DG","Female"
"LZ19-924",55842625412,"LZF6-M94","Male"
"LZ19-924",55842625413,"GWW8-LWR","Female"
"GL5F-YH1",55842625414,"GGHH-9CK","Male"
"GL5F-YH1",55842625415,"GGHH-4HZ","Female"
"LHPZ-9WQ",55842625424,"938W-39J","Male"
"LHPZ-9WQ",55842625425,"9W89-MK6","Female"
"LCT8-QVQ",55842625426,"LYXW-BQK","Male"
"L8BY-3VJ",55842625432,"L8YY-PP2","Male"
"L8BY-3VJ",55842625433,"LT5Z-556","Female"
"94BP-X4Z",55842625434,"LBGF-H83","Male"
"94BP-X4Z",55842625435,"LZ56-WY6","Female"
"L8YY-5HK",55842625436,"9CXC-B7Y","Male"
"L8YY-5HK",55842625437,"LZBY-TS8","Female"
"L8WB-D2Z",55842625438,"GK9Q-S8F","Male"
"L8WB-D2Z",55842625439,"GK85-LHZ","Female"
"L8RR-4KG",55842625448,"L8WY-72D","Male"
"L8RR-4KG",55842625449,"GZBB-BMJ","Female"
"99QT-MCB",55842625450,"LDSS-KBB","Male"
"99QT-MCB",55842625451,"GLZ3-DZS","Female"
"LDSS-KJ6",55842625456,"LDSS-288","Male"
"LDSS-KJ6",55842625457,"G6PK-MQW","Female"
"L28D-TJH",55842625458,"9WMP-NNQ","Male"
"L28D-TJH",55842625459,"945D-J9Y","Female"
"LYCY-PN6",55842625460,"LDSS-26H","Male"
"LYCY-PN6",55842625461,"L6SC-CJF","Female"
"LDSS-KKV",55842625462,"LZLQ-664","Male"
"LDSS-KKV",55842625463,"GK2Y-MJB","Female"
"KDQW-JTJ",55842625464,"9HTX-2CD","Male"
"KDQW-JTJ",55842625465,"G39Q-HBK","Female"
"LDS9-GGV",55842625466,"LZGK-GZB","Male"
"LDS9-GGV",55842625467,"MXKR-J9R","Female"
"LVMF-2JP",55842625472,"GLBB-B7J","Male"
"LVMF-2JP",55842625473,"GKY2-HZS","Female"
"LDSS-D1D",55842625476,"GMWX-WW1","Male"
"LD9R-RYR",55842625504,"LCRR-KM2","Male"
"LD9R-RYR",55842625505,"LDW5-JN2","Female"
"M15L-V4Q",55842625506,"LD9Y-C7T","Male"
"M15L-V4Q",55842625507,"LD9Y-CW9","Female"
"L133-HLP",55842625508,"94T6-749","Male"
"L133-HLP",55842625509,"GLLC-968","Female"
"KH8N-T92",55842625510,"L1DW-Q5N","Male"
"KH8N-T92",55842625511,"2781-6PP","Female"
"L8BY-3VJ",55842625512,"L8YY-PP2","Male"
"L8BY-3VJ",55842625513,"LT5Z-556","Female"
"94BP-X4Z",55842625514,"LBGF-H83","Male"
"94BP-X4Z",55842625515,"LZ56-WY6","Female"
"L8YY-5HK",55842625516,"9CXC-B7Y","Male"
"L8YY-5HK",55842625517,"LZBY-TS8","Female"
"L8WB-D2Z",55842625518,"GK9Q-S8F","Male"
"L8WB-D2Z",55842625519,"GK85-LHZ","Female"
"L8YY-PD5",55842625520,"L8YY-PZ9","Male"
"L8YY-PD5",55842625521,"9H65-XXK","Female"
"MBV2-T1M",55842625522,"GVD8-XBR","Male"
"MBV2-T1M",55842625523,"GVD8-NJ7","Female"
"GKZZ-K49",55842625524,"GGZQ-BP3","Male"
"GKZZ-K49",55842625525,"GHNF-BYC","Female"
"GL6R-9XP",55842625526,"GG38-D9W","Male"
"GL6R-9XP",55842625527,"GN8V-37D","Female"
"KJP2-TBR",55842625528,"LZLG-V3F","Male"
"KJP2-TBR",55842625529,"LH6K-2BP","Female"
"GFN3-DQ5",55842625530,"GJYM-TGG","Male"
"GFN3-DQ5",55842625531,"LBPM-PVV","Female"
"GQ59-8LX",55842625532,"GQMM-WCR","Male"
"GQ59-8LX",55842625533,"G29Z-H7W","Female"
"GSCJ-Z9D",55842625534,"LYS6-FRB","Male"
"GSCJ-Z9D",55842625535,"L1JY-KRP","Female"
"G7XJ-1LY",55842626176,"L6NQ-1X6","Male"
"G7XJ-1LY",55842626177,"GDX5-HMR","Female"
"LZF6-M94",55842626184,"KGSQ-35V","Male"
"LZF6-M94",55842626185,"GKZQ-S2R","Female"
"GWW8-LWR",55842626186,"9ZHZ-89Q","Male"
"GWW8-LWR",55842626187,"G8L4-56J","Female"
"G7XJ-1LY",55842626192,"L6NQ-1X6","Male"
"G7XJ-1LY",55842626193,"GDX5-HMR","Female"
"LZF6-M94",55842626200,"KGSQ-35V","Male"
"LZF6-M94",55842626201,"GKZQ-S2R","Female"
"GWW8-LWR",55842626202,"9ZHZ-89Q","Male"
"GWW8-LWR",55842626203,"G8L4-56J","Female"
"GDFJ-TC8",55842626208,"9CS2-F59","Male"
"GDFJ-TC8",55842626209,"GGM8-4Z7","Female"
"G2XB-KHW",55842626210,"9W46-QD7","Male"
"G2XB-KHW",55842626211,"LRBL-B6T","Female"
"MQ6Y-DJR",55842626212,"MYW1-TBC","Male"
"MQ6Y-DJR",55842626213,"G6J8-FMV","Female"
"LHR1-9SN",55842626214,"9CS2-F59","Male"
"LHR1-9SN",55842626215,"GGM8-4Z7","Female"
"G7XJ-1LY",55842626240,"L6NQ-1X6","Male"
"G7XJ-1LY",55842626241,"GDX5-HMR","Female"
"LZF6-M94",55842626248,"KGSQ-35V","Male"
"LZF6-M94",55842626249,"GKZQ-S2R","Female"
"GWW8-LWR",55842626250,"9ZHZ-89Q","Male"
"GWW8-LWR",55842626251,"G8L4-56J","Female"
"GDFJ-TC8",55842626272,"9CS2-F59","Male"
"GDFJ-TC8",55842626273,"GGM8-4Z7","Female"
"G2XB-KHW",55842626274,"9W46-QD7","Male"
"G2XB-KHW",55842626275,"LRBL-B6T","Female"
"MQ6Y-DJR",55842626276,"MYW1-TBC","Male"
"MQ6Y-DJR",55842626277,"G6J8-FMV","Female"
"LHR1-9SN",55842626278,"9CS2-F59","Male"
"LHR1-9SN",55842626279,"GGM8-4Z7","Female"
"LD3L-3PY",55842626560,"L218-2CH","Male"
"LD3L-3PY",55842626561,"G6HZ-8ZD","Female"
"9H47-T4V",55842626562,"LDQ1-R1D","Male"
"G269-7QK",55842626576,"GV61-8GY","Male"
"G8R4-ZBJ",55842626592,"GH1Y-JYY","Male"
"KFYT-G84",55842626600,"KFFD-W9R","Male"
"KFYT-G84",55842626601,"G6CX-Z3P","Female"
"LDSS-LKR",55842626602,"LDSS-LB3","Male"
"LDSS-LKR",55842626603,"L5JM-54G","Female"
"LDMT-HMZ",55842626604,"L8BY-3VJ","Male"
"LDMT-HMZ",55842626605,"94BP-X4Z","Female"
"LD91-ST3",55842626606,"L8YY-5HK","Male"
"LD91-ST3",55842626607,"L8WB-D2Z","Female"
"KFPX-KY8",55842626608,"LD3S-HB7","Male"
"KFPX-KY8",55842626609,"LTYC-DNP","Female"
"LZX2-BDJ",55842626610,"LVMH-1XQ","Male"
"LZX2-BDJ",55842626611,"9CCJ-FTY","Female"
"GZ68-X5M",55842626614,"K2NJ-ZYG","Male"
"GZ68-X5M",55842626615,"LCR2-MQ6","Female"
"GLMN-FFB",55842626612,"9CCY-2J4","Male"
"GLMN-FFB",55842626613,"G21Y-C9F","Female"
"LCRB-Q2R",55842626616,"GKWS-5M9","Male"
"LCRB-Q2R",55842626617,"LH7S-12N","Female"
"G865-DJ7",55842626618,"LR9B-N7S","Male"
"G865-DJ7",55842626619,"GKGQ-77R","Female"
"GJT8-PTZ",55842626632,"G2WN-GBM","Male"
"9HM8-KNP",55842626640,"GGW9-K2T","Male"
"9HM8-KNP",55842626641,"G39X-ST6","Female"
"2W31-DF3",55842626642,"GQMG-Y4W","Male"
"2W31-DF3",55842626643,"GSBT-JM7","Female"
"G84M-4VH",55842626656,"GJB4-K3B","Male"
"G84M-4VH",55842626657,"G26Z-S86","Female"
"LHWM-193",55842626664,"GNYX-97C","Male"
"LHWM-193",55842626665,"GK8X-CRT","Female"
"G2ZK-91W",55842626672,"GH3F-DM2","Male"
"G2ZK-91W",55842626673,"GF6J-4XT","Female"
"GF6N-BW8",55842626674,"LZHB-MCQ","Male"
"L134-D1P",55842626676,"L1YH-R4C","Male"
"L134-D1P",55842626677,"GJ1M-N4H","Female"
"L8YY-R1N",55842626678,"G4ZC-SB2","Male"
"L8YY-R1N",55842626679,"GK1J-BTQ","Female"
"MSNT-MCJ",55842626688,"GSRH-65V","Male"
"MSNT-MCJ",55842626689,"G6DN-H9V","Female"
"GGW9-K2T",55842626704,"LLQR-VRY","Male"
"GGW9-K2T",55842626705,"GWSC-CVL","Female"
"G39X-ST6",55842626706,"G2LC-C3R","Male"
"GQMG-Y4W",55842626708,"K4T7-DLF","Male"
"GQMG-Y4W",55842626709,"G6CY-HKY","Female"
"GSBT-JM7",55842626710,"LB4N-ZPH","Male"
"GSBT-JM7",55842626711,"LH8V-WNZ","Female"
"LVMF-2YH",55842626720,"GG7D-MRS","Male"
"LVMF-2YH",55842626721,"GG78-1G9","Female"
"GH4Y-2HC",55842626722,"9HT1-TZH","Male"
"GH4Y-2HC",55842626723,"G6ZK-D3J","Female"
"LCQX-XJS",55842626724,"G27L-LWB","Male"
"L1MT-HC1",55842626728,"L134-D1P","Male"
"L1MT-HC1",55842626729,"L8YY-R1N","Female"
"GVGZ-DCK",55842626730,"LDQ1-RBN","Male"
"GVGZ-DCK",55842626731,"GVN6-YQL","Female"
"GGWF-6J3",55842626736,"GGWF-RS8","Male"
"MBVX-N1Y",55842626752,"MBVX-JMT","Male"
"MBVX-N1Y",55842626753,"MBVX-J94","Female"
"L1MT-HC1",55842626760,"L134-D1P","Male"
"L1MT-HC1",55842626761,"L8YY-R1N","Female"
"GVGZ-DCK",55842626762,"LDQ1-RBN","Male"
"GVGZ-DCK",55842626763,"GVN6-YQL","Female"
"GGW9-K2T",55842626764,"LLQR-VRY","Male"
"GGW9-K2T",55842626765,"GWSC-CVL","Female"
"GV72-LLP",55842626766,"K4T7-DLF","Male"
"GV72-LLP",55842626767,"GKQM-X51","Female"
"GJT5-24B",55842626768,"G6H3-1K9","Male"
"GJT5-24B",55842626769,"GNTY-VZL","Female"
"GGW9-K2T",55842626816,"LLQR-VRY","Male"
"GGW9-K2T",55842626817,"GWSC-CVL","Female"
"G39X-ST6",55842626818,"G2LC-C3R","Male"
"GQMG-Y4W",55842626820,"K4T7-DLF","Male"
"GQMG-Y4W",55842626821,"G6CY-HKY","Female"
"GSBT-JM7",55842626822,"LB4N-ZPH","Male"
"GSBT-JM7",55842626823,"LH8V-WNZ","Female"
"L134-D1P",55842626832,"L1YH-R4C","Male"
"L134-D1P",55842626833,"GJ1M-N4H","Female"
"L8YY-R1N",55842626834,"G4ZC-SB2","Male"
"L8YY-R1N",55842626835,"GK1J-BTQ","Female"
"LDQ1-RBN",55842626836,"LDQ1-R1D","Male"
"LDQ1-RBN",55842626837,"G2LB-ZX1","Female"
"G269-7QK",55842626864,"GV61-8GY","Male"
"9HM8-KNP",55842626880,"GGW9-K2T","Male"
"9HM8-KNP",55842626881,"G39X-ST6","Female"
"2W31-DF3",55842626882,"GQMG-Y4W","Male"
"2W31-DF3",55842626883,"GSBT-JM7","Female"
"G269-7QK",55842626896,"GV61-8GY","Male"
"LJ5V-MZH",55842626912,"GNTQ-2D2","Male"
"LJ5V-MZH",55842626913,"GNTQ-JQB","Female"
"GNTQ-6HT",55842626914,"KNW5-CM9","Male"
"GNTQ-6HT",55842626915,"LCRM-5HJ","Female"
"LH74-HV9",55842626916,"LTQP-NP6","Male"
"LH74-HV9",55842626917,"LD3L-QYY","Female"
"2S3R-SRG",55842626928,"945V-HB6","Male"
"2S3R-SRG",55842626929,"LJ5R-TQV","Female"
"LD3L-3PY",55842626944,"L218-2CH","Male"
"LD3L-3PY",55842626945,"G6HZ-8ZD","Female"
"9H47-T4V",55842626946,"LDQ1-R1D","Male"
"G269-7QK",55842626960,"GV61-8GY","Male"
"G8R4-ZBJ",55842626976,"GH1Y-JYY","Male"
"KFYT-G84",55842626984,"KFFD-W9R","Male"
"KFYT-G84",55842626985,"G6CX-Z3P","Female"
"LDSS-LKR",55842626986,"LDSS-LB3","Male"
"LDSS-LKR",55842626987,"L5JM-54G","Female"
"LDMT-HMZ",55842626988,"L8BY-3VJ","Male"
"LDMT-HMZ",55842626989,"94BP-X4Z","Female"
"LD91-ST3",55842626990,"L8YY-5HK","Male"
"LD91-ST3",55842626991,"L8WB-D2Z","Female"
"KFPX-KY8",55842626992,"LD3S-HB7","Male"
"KFPX-KY8",55842626993,"LTYC-DNP","Female"
"LZX2-BDJ",55842626994,"LVMH-1XQ","Male"
"LZX2-BDJ",55842626995,"9CCJ-FTY","Female"
"GZ68-X5M",55842626998,"K2NJ-ZYG","Male"
"GZ68-X5M",55842626999,"LCR2-MQ6","Female"
"GLMN-FFB",55842626996,"9CCY-2J4","Male"
"GLMN-FFB",55842626997,"G21Y-C9F","Female"
"LCRB-Q2R",55842627000,"GKWS-5M9","Male"
"LCRB-Q2R",55842627001,"LH7S-12N","Female"
"G865-DJ7",55842627002,"LR9B-N7S","Male"
"G865-DJ7",55842627003,"GKGQ-77R","Female"
"GJT8-PTZ",55842627016,"G2WN-GBM","Male"
"9HM8-KNP",55842627024,"GGW9-K2T","Male"
"9HM8-KNP",55842627025,"G39X-ST6","Female"
"2W31-DF3",55842627026,"GQMG-Y4W","Male"
"2W31-DF3",55842627027,"GSBT-JM7","Female"
"G84M-4VH",55842627040,"GJB4-K3B","Male"
"G84M-4VH",55842627041,"G26Z-S86","Female"
"LHWM-193",55842627048,"GNYX-97C","Male"
"LHWM-193",55842627049,"GK8X-CRT","Female"
"G2ZK-91W",55842627056,"GH3F-DM2","Male"
"G2ZK-91W",55842627057,"GF6J-4XT","Female"
"GF6N-BW8",55842627058,"LZHB-MCQ","Male"
"L134-D1P",55842627060,"L1YH-R4C","Male"
"L134-D1P",55842627061,"GJ1M-N4H","Female"
"L8YY-R1N",55842627062,"G4ZC-SB2","Male"
"L8YY-R1N",55842627063,"GK1J-BTQ","Female"
"GGWK-PPB",55842627584,"GGW2-C6R","Male"
"GGWK-PPB",55842627585,"GG4S-L5P","Female"
"G7LK-P3T",55842627592,"G7LK-4WM","Male"
"G7LK-P3T",55842627593,"GW4S-SJK","Female"
"9HYQ-M4G",55842627712,"G7XJ-1LY","Male"
"9HYQ-M4G",55842627713,"GL2J-F24","Female"
"GJGW-QM6",55842627714,"GGL4-859","Male"
"GJGW-QM6",55842627715,"GGL4-6DG","Female"
"LZ19-924",55842627716,"LZF6-M94","Male"
"LZ19-924",55842627717,"GWW8-LWR","Female"
"GL5F-YH1",55842627718,"GGHH-9CK","Male"
"GL5F-YH1",55842627719,"GGHH-4HZ","Female"
"KFK5-ZL5",55842627840,"9HTX-2CD","Male"
"KFK5-ZL5",55842627841,"L83J-4S6","Female"
"LBCC-DW3",55842627842,"G9P6-CHT","Male"
"LBCC-DW3",55842627843,"LVC7-ZZX","Female"
"9HYQ-M4G",55842628160,"G7XJ-1LY","Male"
"9HYQ-M4G",55842628161,"GL2J-F24","Female"
"GJGW-QM6",55842628162,"GGL4-859","Male"
"GJGW-QM6",55842628163,"GGL4-6DG","Female"
"LZ19-924",55842628164,"LZF6-M94","Male"
"LZ19-924",55842628165,"GWW8-LWR","Female"
"GL5F-YH1",55842628166,"GGHH-9CK","Male"
"GL5F-YH1",55842628167,"GGHH-4HZ","Female"
"9HYQ-M4G",55842628168,"G7XJ-1LY","Male"
"9HYQ-M4G",55842628169,"GL2J-F24","Female"
"GJGW-QM6",55842628170,"GGL4-859","Male"
"GJGW-QM6",55842628171,"GGL4-6DG","Female"
"LZ19-924",55842628172,"LZF6-M94","Male"
"LZ19-924",55842628173,"GWW8-LWR","Female"
"GL5F-YH1",55842628174,"GGHH-9CK","Male"
"GL5F-YH1",55842628175,"GGHH-4HZ","Female"
"LTFG-ZR8",55842628176,"GDFJ-TC8","Male"
"LTFG-ZR8",55842628177,"G2XB-KHW","Female"
"99HN-W8M",55842628178,"MQ6Y-DJR","Male"
"99HN-W8M",55842628179,"LHR1-9SN","Female"
"9HYQ-M4G",55842628192,"G7XJ-1LY","Male"
"9HYQ-M4G",55842628193,"GL2J-F24","Female"
"GJGW-QM6",55842628194,"GGL4-859","Male"
"GJGW-QM6",55842628195,"GGL4-6DG","Female"
"LZ19-924",55842628196,"LZF6-M94","Male"
"LZ19-924",55842628197,"GWW8-LWR","Female"
"GL5F-YH1",55842628198,"GGHH-9CK","Male"
"GL5F-YH1",55842628199,"GGHH-4HZ","Female"
"LTFG-ZR8",55842628208,"GDFJ-TC8","Male"
"LTFG-ZR8",55842628209,"G2XB-KHW","Female"
"99HN-W8M",55842628210,"MQ6Y-DJR","Male"
"99HN-W8M",55842628211,"LHR1-9SN","Female"
"G2M8-SMJ",55842628354,"G2ZM-KGP","Male"
"G9CY-V57",55842628360,"M471-D7G","Male"
"G9CY-V57",55842628361,"G6WK-YN3","Female"
"GJZG-72Y",55842628362,"GH9M-VQF","Male"
"GJZG-72Y",55842628363,"G8JF-2PY","Female"
"GGT6-NYC",55842628608,"GW2T-YH6","Male"
"GGT6-NYC",55842628609,"GX5P-L6M","Female"
"GGTD-5CG",55842628610,"GGTX-XJX","Male"
"GGTD-5CG",55842628611,"GGT6-1Q1","Female"
"LH3J-XVF",55842628612,"GGYS-TR5","Male"
"LH3J-XVF",55842628613,"GGYS-R4S","Female"
"LD9R-5PH",55842628616,"L187-NYR","Male"
"LD9R-5PH",55842628617,"9WQY-MZT","Female"
"GQ61-KWP",55842628624,"LD9P-Q15","Male"
"GQ61-KWP",55842628625,"GCXR-Q7Y","Female"
"G286-7NZ",55842628626,"GHG7-6YR","Male"
"G286-7NZ",55842628627,"G286-WNT","Female"
"G242-XCP",55842628628,"G8D1-62Y","Male"
"G242-XCP",55842628629,"G6TZ-Q2F","Female"
"LBV8-GDB",55842628632,"LY24-CX2","Male"
"LBV8-GDB",55842628633,"GL86-G5F","Female"
"LZS9-ZC2",55842628640,"9HYQ-M4G","Male"
"LZS9-ZC2",55842628641,"GJGW-QM6","Female"
"LZ61-F76",55842628642,"LZ19-924","Male"
"LZ61-F76",55842628643,"GL5F-YH1","Female"
"KZPV-BQM",55842628644,"L8RR-4KG","Male"
"KZPV-BQM",55842628645,"99QT-MCB","Female"
"GGTM-B2D",55842628650,"G792-Y4T","Male"
"GGTM-B2D",55842628651,"GK5F-4LY","Female"
"GJV1-2WG",55842629184,"G897-W73","Male"
"2BH6-ZWG",55842629186,"GMN5-65K","Male"
"2BH6-ZWG",55842629187,"GMNZ-MSP","Female"
"G897-W73",55842629248,"L18T-CFF","Male"
"K8D7-F5D",55842629376,"LZS9-ZC2","Male"
"K8D7-F5D",55842629377,"LZ61-F76","Female"
"LDZ2-8G7",55842629380,"KNXX-WBQ","Male"
"LDZ2-8G7",55842629381,"LDZ2-8LP","Female"
"LY6V-8G3",55842629382,"LDMT-HMZ","Male"
"LY6V-8G3",55842629383,"LD91-ST3","Female"
"L4S5-G86",55842629384,"GKBP-PCS","Male"
"L4S5-G86",55842629385,"GKB5-VTP","Female"
"9HYH-BLK",55842629386,"MTDX-9RL","Male"
"9HYH-BLK",55842629387,"MKK9-C8B","Female"
"GDG8-GMK",55842629388,"GX2C-ZLS","Male"
"GDG8-GMK",55842629389,"GX2C-W84","Female"
"GXT8-RQB",55842629390,"LRSD-3X2","Male"
"GXT8-RQB",55842629391,"KLXB-633","Female"
"LDSS-8LB",55842629440,"LVMF-2JP","Male"
"LDSS-8LB",55842629441,"GW2T-LDK","Female"
"G2RP-CG1",55842629442,"LDSS-D1D","Male"
"G2RP-CG1",55842629443,"GKZ8-SNZ","Female"
"LD9R-RB7",55842629456,"LD9R-RYR","Male"
"LD9R-RB7",55842629457,"M15L-V4Q","Female"
"LDSS-6H5",55842629458,"L133-HLP","Male"
"LDSS-6H5",55842629459,"KH8N-T92","Female"
"LDMT-HMZ",55842629460,"L8BY-3VJ","Male"
"LDMT-HMZ",55842629461,"94BP-X4Z","Female"
"LD91-ST3",55842629462,"L8YY-5HK","Male"
"LD91-ST3",55842629463,"L8WB-D2Z","Female"
"L8MB-ZMK",55842629464,"L8YY-PD5","Male"
"L8MB-ZMK",55842629465,"MBV2-T1M","Female"
"MB1Q-ZWW",55842629466,"GKZZ-K49","Male"
"MB1Q-ZWW",55842629467,"GL6R-9XP","Female"
"LDMT-W6R",55842629468,"KJP2-TBR","Male"
"LDMT-W6R",55842629469,"GFN3-DQ5","Female"
"LT83-H6M",55842629470,"GQ59-8LX","Male"
"LT83-H6M",55842629471,"GSCJ-Z9D","Female"
"GHT6-GVY",55842629504,"GHT6-BFP","Male"
"GHT6-GVY",55842629505,"GKPN-1MY","Female"
"GHT6-GVY",55842629520,"GHT6-BFP","Male"
"GHT6-GVY",55842629521,"GKPN-1MY","Female"
"GQRQ-LYV",55842629600,"GQRQ-G6B","Male"
"GQRQ-LYV",55842629601,"GGVR-2KC","Female"
"G6TY-2YB",55842629602,"GXCR-NTD","Male"
"G6TY-2YB",55842629603,"GXCR-22N","Female"
"LYSP-4NJ",55842629632,"GZ49-QNV","Male"
"LYSP-4NJ",55842629633,"GX7F-YKZ","Female"
"GSJT-G73",55842629634,"MBGG-7NP","Male"
"GSJT-G73",55842629635,"LD9R-SHL","Female"
"LDHQ-8F9",55842629640,"9QZ9-C18","Male"
"LDHQ-8F9",55842629641,"LHKK-GP5","Female"
"LZ8G-FWR",55842629642,"GXDM-JXD","Male"
"LZ8G-FWR",55842629643,"L85Z-921","Female"
"L51Z-XMG",55842629644,"GJ8K-PWG","Male"
"L51Z-XMG",55842629645,"LJYH-M8G","Female"
"GJR2-7VD",55842629646,"LDMT-W6R","Male"
"GJR2-7VD",55842629647,"LT83-H6M","Female"
"G6X5-YY5",55842629956,"GD8V-HH5","Male"
"G6X5-YY5",55842629957,"GV6W-PB7","Female"
"GDTQ-S2P",55842629968,"GH5Y-9HC","Male"
"GDTQ-S2P",55842629969,"G6TX-KJJ","Female"
"G2LB-FNQ",55842629972,"G7JZ-38S","Male"
"G2LB-FNQ",55842629973,"GGNR-Q7R","Female"
"G6CD-BPD",55842629974,"G6TX-FRV","Male"
"GWKF-XY9",55842630080,"G8WB-MGZ","Male"
"GWKF-XY9",55842630081,"GZ11-7D6","Female"
"GWKF-FBF",55842630082,"GV1G-PNW","Male"
"GWKF-FBF",55842630083,"GG1L-1ZJ","Female"
"9HV8-NVS",55842630088,"G9BS-LX8","Male"
"9HV8-NVS",55842630089,"G9B3-97G","Female"
"L2TT-6C2",55842630090,"GJMD-5G3","Male"
"L2TT-6C2",55842630091,"GJM6-MPH","Female"
"GQPW-7XG",55842630104,"GX55-2RX","Male"
"GDTQ-S2P",55842630120,"GH5Y-9HC","Male"
"GDTQ-S2P",55842630121,"G6TX-KJJ","Female"
"G2LB-FNQ",55842630124,"G7JZ-38S","Male"
"G2LB-FNQ",55842630125,"GGNR-Q7R","Female"
"G6CD-BPD",55842630126,"G6TX-FRV","Male"
"GDTQ-S2P",55842630128,"GH5Y-9HC","Male"
"GDTQ-S2P",55842630129,"G6TX-KJJ","Female"
"G2LB-FNQ",55842630132,"G7JZ-38S","Male"
"G2LB-FNQ",55842630133,"GGNR-Q7R","Female"
"G6CD-BPD",55842630134,"G6TX-FRV","Male"
"GGL8-Q37",55842630656,"MVTT-BLN","Male"
"LT83-QKS",55842630720,"GZ2L-M6L","Male"
"LT83-QKS",55842630721,"LBTR-BTW","Female"
"GDG2-NJC",55842630722,"G6RN-4Y7","Male"
"GDG2-NJC",55842630723,"GFPT-S5P","Female"
"G9M5-FF1",55842630724,"LY9D-2F8","Male"
"G9M5-FF1",55842630725,"L28D-TJH","Female"
"GN9F-M6Q",55842630726,"GJTS-3TP","Male"
"GN9F-M6Q",55842630727,"GN15-LRT","Female"
"LY9D-2F8",55842630784,"LCJD-VX6","Male"
"LY9D-2F8",55842630785,"LD9R-RKH","Female"
"L28D-TJH",55842630786,"9WMP-NNQ","Male"
"L28D-TJH",55842630787,"945D-J9Y","Female"
"GJTS-3TP",55842630788,"GZ8X-GV2","Male"
"GJTS-3TP",55842630789,"G6ZP-B73","Female"
"KDQW-JTJ",55842630792,"9HTX-2CD","Male"
"KDQW-JTJ",55842630793,"G39Q-HBK","Female"
"LDS9-GGV",55842630794,"LZGK-GZB","Male"
"LDS9-GGV",55842630795,"MXKR-J9R","Female"
"G7NH-CM4",55842630800,"G215-NYD","Male"
"G7NH-CM4",55842630801,"GG1F-HTT","Female"
"GLL2-BZV",55842630825,"G8W1-V4X","Female"
"GC4V-KPG",55842630828,"G891-N1Z","Male"
"GC4V-KPG",55842630829,"G3YQ-19T","Female"
"L175-67M",55842630830,"GGKJ-Z1T","Male"
"L175-67M",55842630831,"KL6C-XQV","Female"
"K84R-TMS",55842630832,"LDHB-RRD","Male"
"K84R-TMS",55842630833,"GKVP-QMK","Female"
"LTF2-JTC",55842630836,"9SJJ-97N","Male"
"LTF2-JTC",55842630837,"LZJG-K5N","Female"
"LKNM-HR3",55842630838,"LJ2H-W3S","Male"
"LKNM-HR3",55842630839,"LZ2S-DKM","Female"
"L1QD-DXV",55842630840,"GJ2V-WRY","Male"
"L1QD-DXV",55842630841,"G2CN-HW6","Female"
"LD9P-M8N",55842630842,"LD9P-MFB","Male"
"LD9P-M8N",55842630843,"LH6C-VKZ","Female"
"GNSH-WMX",55842630864,"G7NH-CM4","Male"
"GNSH-WMX",55842630865,"G215-VM8","Female"
"K84R-TMS",55842630872,"LDHB-RRD","Male"
"K84R-TMS",55842630873,"GKVP-QMK","Female"
"LTF2-JTC",55842630876,"9SJJ-97N","Male"
"LTF2-JTC",55842630877,"LZJG-K5N","Female"
"LKNM-HR3",55842630878,"LJ2H-W3S","Male"
"LKNM-HR3",55842630879,"LZ2S-DKM","Female"
"GLL2-BZV",55842630889,"G8W1-V4X","Female"
"GC4V-KPG",55842630892,"G891-N1Z","Male"
"GC4V-KPG",55842630893,"G3YQ-19T","Female"
"L175-67M",55842630894,"GGKJ-Z1T","Male"
"L175-67M",55842630895,"KL6C-XQV","Female"
"K84R-TMS",55842630896,"LDHB-RRD","Male"
"K84R-TMS",55842630897,"GKVP-QMK","Female"
"LTF2-JTC",55842630900,"9SJJ-97N","Male"
"LTF2-JTC",55842630901,"LZJG-K5N","Female"
"LKNM-HR3",55842630902,"LJ2H-W3S","Male"
"LKNM-HR3",55842630903,"LZ2S-DKM","Female"
"L1QD-DXV",55842630904,"GJ2V-WRY","Male"
"L1QD-DXV",55842630905,"G2CN-HW6","Female"
"LD9P-M8N",55842630906,"LD9P-MFB","Male"
"LD9P-M8N",55842630907,"LH6C-VKZ","Female"
"GLFD-7MD",55842631040,"GMMD-GH5","Male"
"GLFD-7MD",55842631041,"LBK1-86P","Female"
"GGFH-MVX",55842631042,"LCJD-VX6","Male"
"GGFH-MVX",55842631043,"LD9R-RKH","Female"
"9HTX-2CD",55842631044,"9HRG-JDL","Male"
"9HTX-2CD",55842631045,"LDH1-G9D","Female"
"G6LZ-TWJ",55842631048,"L5LL-BRL","Male"
"G6LZ-TWJ",55842631049,"GZ4M-H94","Female"
"G6R2-BDM",55842631054,"GFZ2-JTZ","Male"
"KDQW-JTJ",55842631200,"9HTX-2CD","Male"
"KDQW-JTJ",55842631201,"G39Q-HBK","Female"
"LDS9-GGV",55842631202,"LZGK-GZB","Male"
"LDS9-GGV",55842631203,"MXKR-J9R","Female"
"L1DD-JMP",55842631204,"GG5W-TJ1","Male"
"L1DD-JMP",55842631205,"GG54-SDF","Female"
"9WY9-HRJ",55842631206,"LZ19-924","Male"
"LD95-VV6",55842631208,"LD95-VVH","Male"
"LD95-VV6",55842631209,"99SD-Z4Q","Female"
"9H2F-HV5",55842631210,"MBGG-7NP","Male"
"9H2F-HV5",55842631211,"LD9R-SHL","Female"
"LD9R-RB7",55842631212,"LD9R-RYR","Male"
"LD9R-RB7",55842631213,"M15L-V4Q","Female"
"LDSS-6H5",55842631214,"L133-HLP","Male"
"LDSS-6H5",55842631215,"KH8N-T92","Female"
"9HYQ-M4G",55842631232,"G7XJ-1LY","Male"
"9HYQ-M4G",55842631233,"GL2J-F24","Female"
"GJGW-QM6",55842631234,"GGL4-859","Male"
"GJGW-QM6",55842631235,"GGL4-6DG","Female"
"LZ19-924",55842631236,"LZF6-M94","Male"
"LZ19-924",55842631237,"GWW8-LWR","Female"
"GL5F-YH1",55842631238,"GGHH-9CK","Male"
"GL5F-YH1",55842631239,"GGHH-4HZ","Female"
"L8RR-4KG",55842631240,"L8WY-72D","Male"
"L8RR-4KG",55842631241,"GZBB-BMJ","Female"
"99QT-MCB",55842631242,"LDSS-KBB","Male"
"99QT-MCB",55842631243,"GLZ3-DZS","Female"
"G792-Y4T",55842631252,"GZ9Q-17G","Male"
"GK5F-4LY",55842631254,"GK5F-8MJ","Male"
"GK5F-4LY",55842631255,"GQ2G-ZP8","Female"
"9HYQ-M4G",55842631424,"G7XJ-1LY","Male"
"9HYQ-M4G",55842631425,"GL2J-F24","Female"
"GJGW-QM6",55842631426,"GGL4-859","Male"
"GJGW-QM6",55842631427,"GGL4-6DG","Female"
"LZ19-924",55842631428,"LZF6-M94","Male"
"LZ19-924",55842631429,"GWW8-LWR","Female"
"GL5F-YH1",55842631430,"GGHH-9CK","Male"
"GL5F-YH1",55842631431,"GGHH-4HZ","Female"
"LHPZ-9WQ",55842631440,"938W-39J","Male"
"LHPZ-9WQ",55842631441,"9W89-MK6","Female"
"LCT8-QVQ",55842631442,"LYXW-BQK","Male"
"L8BY-3VJ",55842631448,"L8YY-PP2","Male"
"L8BY-3VJ",55842631449,"LT5Z-556","Female"
"94BP-X4Z",55842631450,"LBGF-H83","Male"
"94BP-X4Z",55842631451,"LZ56-WY6","Female"
"L8YY-5HK",55842631452,"9CXC-B7Y","Male"
"L8YY-5HK",55842631453,"LZBY-TS8","Female"
"L8WB-D2Z",55842631454,"GK9Q-S8F","Male"
"L8WB-D2Z",55842631455,"GK85-LHZ","Female"
"L8RR-4KG",55842631464,"L8WY-72D","Male"
"L8RR-4KG",55842631465,"GZBB-BMJ","Female"
"99QT-MCB",55842631466,"LDSS-KBB","Male"
"99QT-MCB",55842631467,"GLZ3-DZS","Female"
"LDSS-KJ6",55842631472,"LDSS-288","Male"
"LDSS-KJ6",55842631473,"G6PK-MQW","Female"
"L28D-TJH",55842631474,"9WMP-NNQ","Male"
"L28D-TJH",55842631475,"945D-J9Y","Female"
"LYCY-PN6",55842631476,"LDSS-26H","Male"
"LYCY-PN6",55842631477,"L6SC-CJF","Female"
"LDSS-KKV",55842631478,"LZLQ-664","Male"
"LDSS-KKV",55842631479,"GK2Y-MJB","Female"
"KDQW-JTJ",55842631480,"9HTX-2CD","Male"
"KDQW-JTJ",55842631481,"G39Q-HBK","Female"
"LDS9-GGV",55842631482,"LZGK-GZB","Male"
"LDS9-GGV",55842631483,"MXKR-J9R","Female"
"LVMF-2JP",55842631488,"GLBB-B7J","Male"
"LVMF-2JP",55842631489,"GKY2-HZS","Female"
"LDSS-D1D",55842631492,"GMWX-WW1","Male"
"LD9R-RYR",55842631520,"LCRR-KM2","Male"
"LD9R-RYR",55842631521,"LDW5-JN2","Female"
"M15L-V4Q",55842631522,"LD9Y-C7T","Male"
"M15L-V4Q",55842631523,"LD9Y-CW9","Female"
"L133-HLP",55842631524,"94T6-749","Male"
"L133-HLP",55842631525,"GLLC-968","Female"
"KH8N-T92",55842631526,"L1DW-Q5N","Male"
"KH8N-T92",55842631527,"2781-6PP","Female"
"L8BY-3VJ",55842631528,"L8YY-PP2","Male"
"L8BY-3VJ",55842631529,"LT5Z-556","Female"
"94BP-X4Z",55842631530,"LBGF-H83","Male"
"94BP-X4Z",55842631531,"LZ56-WY6","Female"
"L8YY-5HK",55842631532,"9CXC-B7Y","Male"
"L8YY-5HK",55842631533,"LZBY-TS8","Female"
"L8WB-D2Z",55842631534,"GK9Q-S8F","Male"
"L8WB-D2Z",55842631535,"GK85-LHZ","Female"
"L8YY-PD5",55842631536,"L8YY-PZ9","Male"
"L8YY-PD5",55842631537,"9H65-XXK","Female"
"MBV2-T1M",55842631538,"GVD8-XBR","Male"
"MBV2-T1M",55842631539,"GVD8-NJ7","Female"
"GKZZ-K49",55842631540,"GGZQ-BP3","Male"
"GKZZ-K49",55842631541,"GHNF-BYC","Female"
"GL6R-9XP",55842631542,"GG38-D9W","Male"
"GL6R-9XP",55842631543,"GN8V-37D","Female"
"KJP2-TBR",55842631544,"LZLG-V3F","Male"
"KJP2-TBR",55842631545,"LH6K-2BP","Female"
"GFN3-DQ5",55842631546,"GJYM-TGG","Male"
"GFN3-DQ5",55842631547,"LBPM-PVV","Female"
"GQ59-8LX",55842631548,"GQMM-WCR","Male"
"GQ59-8LX",55842631549,"G29Z-H7W","Female"
"GSCJ-Z9D",55842631550,"LYS6-FRB","Male"
"GSCJ-Z9D",55842631551,"L1JY-KRP","Female"
"L1WT-FRN",55842631552,"GZRK-SFB","Male"
"L1WT-FRN",55842631553,"GVSP-WS2","Female"
"L1WY-QMZ",55842631554,"GHKB-C3J","Male"
"L1WY-QMZ",55842631555,"L5DR-KL8","Female"
"LB5R-TH8",55842631556,"KDQW-JTJ","Male"
"LB5R-TH8",55842631557,"LDS9-GGV","Female"
"LDHQ-P5F",55842631558,"LD9R-RB7","Male"
"LDHQ-P5F",55842631559,"LDSS-6H5","Female"
"LBJ9-GZ4",55842631560,"9ZH7-GMD","Male"
"LBJ9-GZ4",55842631561,"MBYH-395","Female"
"KZPP-B68",55842631562,"G7ZN-5DF","Male"
"L18B-R3G",55842631564,"G2TZ-96Y","Male"
"L18B-R3G",55842631565,"G2T8-97Z","Female"
"KDQH-DJG",55842631566,"L1DD-JMP","Male"
"KDQH-DJG",55842631567,"9WY9-HRJ","Female"
"LZGQ-LJX",55842631584,"KDQW-JTJ","Male"
"LZGQ-LJX",55842631585,"LDS9-GGV","Female"
"KDQH-DJG",55842631586,"L1DD-JMP","Male"
"KDQH-DJG",55842631587,"9WY9-HRJ","Female"
"GL9R-YL9",55842631588,"LD95-VV6","Male"
"GL9R-YL9",55842631589,"9H2F-HV5","Female"
"LDHQ-P5F",55842631590,"LD9R-RB7","Male"
"LDHQ-P5F",55842631591,"LDSS-6H5","Female"
"LD9R-RCZ",55842631608,"GGT6-NYC","Male"
"LD9R-RCZ",55842631609,"GGTD-5CG","Female"
"MBWQ-SF3",55842631610,"LH3J-XVF","Male"
"MBWQ-SF3",55842631611,"KN3T-TR3","Female"
"L1R3-QH7",55842631612,"LD9R-5PH","Male"
"L1R3-QH7",55842631613,"LZM1-YM9","Female"
"M33Z-FHV",55842631614,"GGQ2-T6Y","Male"
"M33Z-FHV",55842631615,"GGQ2-FDK","Female"
"LVTD-MDD",55842631616,"GX7C-LRS","Male"
"LVTD-MDD",55842631617,"GN1M-ZZK","Female"
"GKYX-DNQ",55842631618,"LB2S-1BB","Male"
"GKYX-DNQ",55842631619,"LTG4-ZZ5","Female"
"28YJ-Z4N",55842631624,"9HTX-2CD","Male"
"28YJ-Z4N",55842631625,"G39Q-HBK","Female"
"GGGT-9MX",55842631626,"MXVC-BK8","Male"
"GV4Z-NPS",55842631632,"GCQF-FLC","Male"
"GZKP-3KR",55842631634,"L5LL-BRL","Male"
"GZKP-3KR",55842631635,"GZ4M-H94","Female"
"9H27-6Y3",55842631640,"G6LZ-TWJ","Male"
"MWBC-XS5",55842631642,"9ZHQ-5GQ","Male"
"MWBC-XS5",55842631643,"G6R2-BDM","Female"
"99PY-VJ6",55842631644,"GN31-YTW","Male"
"99PY-VJ6",55842631645,"GN31-P3C","Female"
"G6DL-8L7",55842631646,"GK22-BND","Male"
"G6DL-8L7",55842631647,"GK2B-991","Female"
"99Y7-MCD",55842631648,"KN8N-WHW","Male"
"99Y7-MCD",55842631649,"9SYL-S5H","Female"
"LBKM-9MP",55842631650,"G67W-G57","Male"
"LBKM-9MP",55842631651,"MZHC-RBM","Female"
"L1QG-G8M",55842631652,"LDFZ-8Q1","Male"
"L1QG-G8M",55842631653,"LHPZ-VGH","Female"
"LDW5-66P",55842631656,"LD9R-RB7","Male"
"LDW5-66P",55842631657,"LDSS-6H5","Female"
"LDW5-623",55842631658,"LDMT-HMZ","Male"
"LDW5-623",55842631659,"LD91-ST3","Female"
"KCXK-S69",55842631660,"L8MB-ZMK","Male"
"KCXK-S69",55842631661,"MB1Q-ZWW","Female"
"GJR2-7VD",55842631662,"LDMT-W6R","Male"
"GJR2-7VD",55842631663,"LT83-H6M","Female"
"MKKN-R3H",55842631664,"GG5Y-858","Male"
"9Q6D-L88",55842631666,"GKPX-TG7","Male"
"9Q6D-L88",55842631667,"GN4Z-XZP","Female"
"K417-PHT",55842631668,"LTTZ-YL8","Male"
"K417-PHT",55842631669,"LYSG-SY9","Female"
"9S3D-N8F",55842631670,"9C32-7PC","Male"
"9S3D-N8F",55842631671,"M5YG-GGX","Female"
"GGWK-PPB",55842631680,"GGW2-C6R","Male"
"GGWK-PPB",55842631681,"GG4S-L5P","Female"
"G7LK-P3T",55842631688,"G7LK-4WM","Male"
"G7LK-P3T",55842631689,"GW4S-SJK","Female"
"9HYQ-M4G",55842631808,"G7XJ-1LY","Male"
"9HYQ-M4G",55842631809,"GL2J-F24","Female"
"GJGW-QM6",55842631810,"GGL4-859","Male"
"GJGW-QM6",55842631811,"GGL4-6DG","Female"
"LZ19-924",55842631812,"LZF6-M94","Male"
"LZ19-924",55842631813,"GWW8-LWR","Female"
"GL5F-YH1",55842631814,"GGHH-9CK","Male"
"GL5F-YH1",55842631815,"GGHH-4HZ","Female"
"KFK5-ZL5",55842631936,"9HTX-2CD","Male"
"KFK5-ZL5",55842631937,"L83J-4S6","Female"
"LBCC-DW3",55842631938,"G9P6-CHT","Male"
"LBCC-DW3",55842631939,"LVC7-ZZX","Female"
"9HYQ-M4G",55842632256,"G7XJ-1LY","Male"
"9HYQ-M4G",55842632257,"GL2J-F24","Female"
"GJGW-QM6",55842632258,"GGL4-859","Male"
"GJGW-QM6",55842632259,"GGL4-6DG","Female"
"LZ19-924",55842632260,"LZF6-M94","Male"
"LZ19-924",55842632261,"GWW8-LWR","Female"
"GL5F-YH1",55842632262,"GGHH-9CK","Male"
"GL5F-YH1",55842632263,"GGHH-4HZ","Female"
"9HYQ-M4G",55842632264,"G7XJ-1LY","Male"
"9HYQ-M4G",55842632265,"GL2J-F24","Female"
"GJGW-QM6",55842632266,"GGL4-859","Male"
"GJGW-QM6",55842632267,"GGL4-6DG","Female"
"LZ19-924",55842632268,"LZF6-M94","Male"
"LZ19-924",55842632269,"GWW8-LWR","Female"
"GL5F-YH1",55842632270,"GGHH-9CK","Male"
"GL5F-YH1",55842632271,"GGHH-4HZ","Female"
"LTFG-ZR8",55842632272,"GDFJ-TC8","Male"
"LTFG-ZR8",55842632273,"G2XB-KHW","Female"
"99HN-W8M",55842632274,"MQ6Y-DJR","Male"
"99HN-W8M",55842632275,"LHR1-9SN","Female"
"9HYQ-M4G",55842632288,"G7XJ-1LY","Male"
"9HYQ-M4G",55842632289,"GL2J-F24","Female"
"GJGW-QM6",55842632290,"GGL4-859","Male"
"GJGW-QM6",55842632291,"GGL4-6DG","Female"
"LZ19-924",55842632292,"LZF6-M94","Male"
"LZ19-924",55842632293,"GWW8-LWR","Female"
"GL5F-YH1",55842632294,"GGHH-9CK","Male"
"GL5F-YH1",55842632295,"GGHH-4HZ","Female"
"LTFG-ZR8",55842632304,"GDFJ-TC8","Male"
"LTFG-ZR8",55842632305,"G2XB-KHW","Female"
"99HN-W8M",55842632306,"MQ6Y-DJR","Male"
"99HN-W8M",55842632307,"LHR1-9SN","Female"
"G2M8-SMJ",55842632450,"G2ZM-KGP","Male"
"G9CY-V57",55842632456,"M471-D7G","Male"
"G9CY-V57",55842632457,"G6WK-YN3","Female"
"GJZG-72Y",55842632458,"GH9M-VQF","Male"
"GJZG-72Y",55842632459,"G8JF-2PY","Female"
"GGT6-NYC",55842632704,"GW2T-YH6","Male"
"GGT6-NYC",55842632705,"GX5P-L6M","Female"
"GGTD-5CG",55842632706,"GGTX-XJX","Male"
"GGTD-5CG",55842632707,"GGT6-1Q1","Female"
"LH3J-XVF",55842632708,"GGYS-TR5","Male"
"LH3J-XVF",55842632709,"GGYS-R4S","Female"
"LD9R-5PH",55842632712,"L187-NYR","Male"
"LD9R-5PH",55842632713,"9WQY-MZT","Female"
"GQ61-KWP",55842632720,"LD9P-Q15","Male"
"GQ61-KWP",55842632721,"GCXR-Q7Y","Female"
"G286-7NZ",55842632722,"GHG7-6YR","Male"
"G286-7NZ",55842632723,"G286-WNT","Female"
"G242-XCP",55842632724,"G8D1-62Y","Male"
"G242-XCP",55842632725,"G6TZ-Q2F","Female"
"LBV8-GDB",55842632728,"LY24-CX2","Male"
"LBV8-GDB",55842632729,"GL86-G5F","Female"
"LZS9-ZC2",55842632736,"9HYQ-M4G","Male"
"LZS9-ZC2",55842632737,"GJGW-QM6","Female"
"LZ61-F76",55842632738,"LZ19-924","Male"
"LZ61-F76",55842632739,"GL5F-YH1","Female"
"KZPV-BQM",55842632740,"L8RR-4KG","Male"
"KZPV-BQM",55842632741,"99QT-MCB","Female"
"GGTM-B2D",55842632746,"G792-Y4T","Male"
"GGTM-B2D",55842632747,"GK5F-4LY","Female"
"GJV1-2WG",55842633280,"G897-W73","Male"
"2BH6-ZWG",55842633282,"GMN5-65K","Male"
"2BH6-ZWG",55842633283,"GMNZ-MSP","Female"
"G897-W73",55842633344,"L18T-CFF","Male"
"K8D7-F5D",55842633472,"LZS9-ZC2","Male"
"K8D7-F5D",55842633473,"LZ61-F76","Female"
"LDZ2-8G7",55842633476,"KNXX-WBQ","Male"
"LDZ2-8G7",55842633477,"LDZ2-8LP","Female"
"LY6V-8G3",55842633478,"LDMT-HMZ","Male"
"LY6V-8G3",55842633479,"LD91-ST3","Female"
"L4S5-G86",55842633480,"GKBP-PCS","Male"
"L4S5-G86",55842633481,"GKB5-VTP","Female"
"9HYH-BLK",55842633482,"MTDX-9RL","Male"
"9HYH-BLK",55842633483,"MKK9-C8B","Female"
"GDG8-GMK",55842633484,"GX2C-ZLS","Male"
"GDG8-GMK",55842633485,"GX2C-W84","Female"
"GXT8-RQB",55842633486,"LRSD-3X2","Male"
"GXT8-RQB",55842633487,"KLXB-633","Female"
"LDSS-8LB",55842633536,"LVMF-2JP","Male"
"LDSS-8LB",55842633537,"GW2T-LDK","Female"
"G2RP-CG1",55842633538,"LDSS-D1D","Male"
"G2RP-CG1",55842633539,"GKZ8-SNZ","Female"
"LD9R-RB7",55842633552,"LD9R-RYR","Male"
"LD9R-RB7",55842633553,"M15L-V4Q","Female"
"LDSS-6H5",55842633554,"L133-HLP","Male"
"LDSS-6H5",55842633555,"KH8N-T92","Female"
"LDMT-HMZ",55842633556,"L8BY-3VJ","Male"
"LDMT-HMZ",55842633557,"94BP-X4Z","Female"
"LD91-ST3",55842633558,"L8YY-5HK","Male"
"LD91-ST3",55842633559,"L8WB-D2Z","Female"
"L8MB-ZMK",55842633560,"L8YY-PD5","Male"
"L8MB-ZMK",55842633561,"MBV2-T1M","Female"
"MB1Q-ZWW",55842633562,"GKZZ-K49","Male"
"MB1Q-ZWW",55842633563,"GL6R-9XP","Female"
"LDMT-W6R",55842633564,"KJP2-TBR","Male"
"LDMT-W6R",55842633565,"GFN3-DQ5","Female"
"LT83-H6M",55842633566,"GQ59-8LX","Male"
"LT83-H6M",55842633567,"GSCJ-Z9D","Female"
"GHT6-GVY",55842633600,"GHT6-BFP","Male"
"GHT6-GVY",55842633601,"GKPN-1MY","Female"
"GHT6-GVY",55842633616,"GHT6-BFP","Male"
"GHT6-GVY",55842633617,"GKPN-1MY","Female"
"GQRQ-LYV",55842633696,"GQRQ-G6B","Male"
"GQRQ-LYV",55842633697,"GGVR-2KC","Female"
"G6TY-2YB",55842633698,"GXCR-NTD","Male"
"G6TY-2YB",55842633699,"GXCR-22N","Female"
"L6NQ-1X6",55842633984,"GNXF-WG7","Male"
"L6NQ-1X6",55842633985,"GGQ4-41T","Female"
"GDX5-HMR",55842633986,"949D-P6W","Male"
"GDX5-HMR",55842633987,"GDY4-Z39","Female"
"KGSQ-35V",55842634000,"L1H5-9N6","Male"
"KGSQ-35V",55842634001,"G2LB-R53","Female"
"9ZHZ-89Q",55842634004,"9C3G-QBG","Male"
"9ZHZ-89Q",55842634005,"GKZQ-BG1","Female"
"G8L4-56J",55842634006,"L7T5-PSJ","Male"
"G8L4-56J",55842634007,"LHQP-B81","Female"
"L6NQ-1X6",55842634016,"GNXF-WG7","Male"
"L6NQ-1X6",55842634017,"GGQ4-41T","Female"
"GDX5-HMR",55842634018,"949D-P6W","Male"
"GDX5-HMR",55842634019,"GDY4-Z39","Female"
"KGSQ-35V",55842634032,"L1H5-9N6","Male"
"KGSQ-35V",55842634033,"G2LB-R53","Female"
"9ZHZ-89Q",55842634036,"9C3G-QBG","Male"
"9ZHZ-89Q",55842634037,"GKZQ-BG1","Female"
"G8L4-56J",55842634038,"L7T5-PSJ","Male"
"G8L4-56J",55842634039,"LHQP-B81","Female"
"9CS2-F59",55842634048,"G6Z2-MMC","Male"
"9CS2-F59",55842634049,"GLS4-HTS","Female"
"GGM8-4Z7",55842634050,"9C9Z-CSF","Male"
"GGM8-4Z7",55842634051,"KP7K-PV7","Female"
"9W46-QD7",55842634052,"KHKF-JPT","Male"
"9W46-QD7",55842634053,"LDMB-Q59","Female"
"LRBL-B6T",55842634054,"9C9Z-CSF","Male"
"LRBL-B6T",55842634055,"M7WR-8GF","Female"
"MYW1-TBC",55842634056,"G88P-GK4","Male"
"MYW1-TBC",55842634057,"G6JZ-G2D","Female"
"9CS2-F59",55842634060,"G6Z2-MMC","Male"
"9CS2-F59",55842634061,"GLS4-HTS","Female"
"GGM8-4Z7",55842634062,"9C9Z-CSF","Male"
"GGM8-4Z7",55842634063,"KP7K-PV7","Female"
"L6NQ-1X6",55842634112,"GNXF-WG7","Male"
"L6NQ-1X6",55842634113,"GGQ4-41T","Female"
"GDX5-HMR",55842634114,"949D-P6W","Male"
"GDX5-HMR",55842634115,"GDY4-Z39","Female"
"KGSQ-35V",55842634128,"L1H5-9N6","Male"
"KGSQ-35V",55842634129,"G2LB-R53","Female"
"9ZHZ-89Q",55842634132,"9C3G-QBG","Male"
"9ZHZ-89Q",55842634133,"GKZQ-BG1","Female"
"G8L4-56J",55842634134,"L7T5-PSJ","Male"
"G8L4-56J",55842634135,"LHQP-B81","Female"
"9CS2-F59",55842634176,"G6Z2-MMC","Male"
"9CS2-F59",55842634177,"GLS4-HTS","Female"
"GGM8-4Z7",55842634178,"9C9Z-CSF","Male"
"GGM8-4Z7",55842634179,"KP7K-PV7","Female"
"9W46-QD7",55842634180,"KHKF-JPT","Male"
"9W46-QD7",55842634181,"LDMB-Q59","Female"
"LRBL-B6T",55842634182,"9C9Z-CSF","Male"
"LRBL-B6T",55842634183,"M7WR-8GF","Female"
"MYW1-TBC",55842634184,"G88P-GK4","Male"
"MYW1-TBC",55842634185,"G6JZ-G2D","Female"
"9CS2-F59",55842634188,"G6Z2-MMC","Male"
"9CS2-F59",55842634189,"GLS4-HTS","Female"
"GGM8-4Z7",55842634190,"9C9Z-CSF","Male"
"GGM8-4Z7",55842634191,"KP7K-PV7","Female"
"GG5H-GF8",55842634784,"GGT8-6WK","Male"
"GG5H-GF8",55842634785,"GGT8-5G8","Female"
"GG7C-ZDW",55842634786,"L8MB-CRD","Male"
"GG7C-ZDW",55842634787,"LB5S-FN5","Female"
"GXPV-L5Z",55842634788,"GXKF-NFB","Male"
"GXPV-L5Z",55842634789,"GKW6-N11","Female"
"LT2S-JDD",55842634792,"GV8D-Y8F","Male"
"LT2S-JDD",55842634793,"GV8D-2HG","Female"
"LHVH-QN6",55842634794,"GGTS-W5F","Male"
"LHVH-QN6",55842634795,"L1MS-NFP","Female"
"GD98-WWP",55842634796,"GV2X-BD8","Male"
"GD98-WWP",55842634797,"GFCZ-G8P","Female"
"GC4C-31N",55842634798,"MH57-Q9B","Male"
"GC4C-31N",55842634799,"LR9M-HT8","Female"
"G9WK-ZB3",55842636296,"L1SL-2HR","Male"
"GHS6-1TP",55842636298,"LZF6-M94","Male"
"GHS6-1TP",55842636299,"L5TT-LG3","Female"
"L1Q3-L7Z",55842636300,"2RBY-DVZ","Male"
"L1Q3-L7Z",55842636301,"2R66-L8L","Female"
"KNW5-CM9",55842636304,"LVMF-2YH","Male"
"KNW5-CM9",55842636305,"GH4Y-2HC","Female"
"LCRM-5HJ",55842636306,"LCQX-XJS","Male"
"LCRM-5HJ",55842636307,"L78P-85J","Female"
"LHW9-VZ4",55842636308,"L1MT-HC1","Male"
"LHW9-VZ4",55842636309,"GVGZ-DCK","Female"
"KNQ6-9ZF",55842636485,"GGM3-KZW","Female"
"LDS9-GTK",55842636488,"9HTX-2CD","Male"
"LDS9-GTK",55842636489,"G39Q-HBK","Female"
"GMN3-7TX",55842636490,"L7LR-RWX","Male"
"GMN3-7TX",55842636491,"GKGZ-365","Female"
"LT83-QKS",55842636504,"GZ2L-M6L","Male"
"LT83-QKS",55842636505,"LBTR-BTW","Female"
"GDG2-NJC",55842636506,"G6RN-4Y7","Male"
"GDG2-NJC",55842636507,"GFPT-S5P","Female"
"G9M5-FF1",55842636508,"LY9D-2F8","Male"
"G9M5-FF1",55842636509,"L28D-TJH","Female"
"GN9F-M6Q",55842636510,"GJTS-3TP","Male"
"GN9F-M6Q",55842636511,"GN15-LRT","Female"
"GJP4-M8H",55842660352,"GJG6-FM6","Male"
"GJP4-M8H",55842660353,"GZHN-5ZY","Female"
"GJ44-S71",55842660354,"G2MV-RXJ","Male"
"GJ44-S71",55842660355,"G225-ZT6","Female"
"GX5X-YX2",55842660364,"GX5F-44L","Male"
"GLYZ-81C",55842660384,"GG3N-PZ2","Male"
"GGJK-WWN",55842660388,"G691-HJB","Male"
"GGJK-WWN",55842660389,"GGJK-QKZ","Female"
"GLMK-3FQ",55842660390,"LCDM-9D5","Male"
"GLMK-3FQ",55842660391,"GXVH-RJJ","Female"
"L4Y9-TXB",55842660392,"LZPK-P7H","Male"
"L4Y9-TXB",55842660393,"GN4S-LXY","Female"
"GSX5-T31",55842660394,"9CD1-KW4","Male"
"GSX5-T31",55842660395,"LB2S-623","Female"
"99PY-ZDF",55842660396,"GSXG-5MK","Male"
"99PY-ZDF",55842660397,"GH7C-CVR","Female"
"G8WB-MGZ",55842660416,"G7T1-72X","Male"
"G8WB-MGZ",55842660417,"G7TB-YKK","Female"
"GZ11-7D6",55842660418,"GX7C-LRS","Male"
"GZ11-7D6",55842660419,"GN1M-ZZK","Female"
"GV1G-PNW",55842660420,"GG1P-3D3","Male"
"GV1G-PNW",55842660421,"GG1P-C6R","Female"
"G9BS-LX8",55842660432,"L2Y1-PH3","Male"
"GJM6-MPH",55842660438,"GJMD-YMZ","Male"
"GJM6-MPH",55842660439,"G6YJ-SZ6","Female"
"GW2T-YH6",55842668544,"GJ47-K7B","Male"
"GW2T-YH6",55842668545,"G68T-8ZP","Female"
"GX5P-L6M",55842668546,"GL7J-6P6","Male"
"GX5P-L6M",55842668547,"GL7J-VSQ","Female"
"GGT6-1Q1",55842668550,"LZXX-FT2","Male"
"GGT6-1Q1",55842668551,"KLXB-KTC","Female"
"L187-NYR",55842668560,"G9FS-BL2","Male"
"L187-NYR",55842668561,"GCSS-S7B","Female"
"9WQY-MZT",55842668562,"LTGB-3SJ","Male"
"9WQY-MZT",55842668563,"GGNP-Y62","Female"
"LD9P-Q15",55842668576,"LTZK-Z7P","Male"
"LD9P-Q15",55842668577,"2MRF-VW3","Female"
"GCXR-Q7Y",55842668578,"GCQF-99Z","Male"
"GCXR-Q7Y",55842668579,"GJ5H-JTS","Female"
"GHG7-6YR",55842668580,"G6RZ-NN1","Male"
"GHG7-6YR",55842668581,"GHG7-FJ5","Female"
"G286-WNT",55842668582,"LY6L-V13","Male"
"G286-WNT",55842668583,"GNGL-ZP4","Female"
"G8D1-62Y",55842668584,"M6BM-GL3","Male"
"G8D1-62Y",55842668585,"L228-6GM","Female"
"G6TZ-Q2F",55842668586,"GQ8L-DWS","Male"
"LY24-CX2",55842668592,"G8D1-62Y","Male"
"LY24-CX2",55842668593,"GCXR-Q7Y","Female"
"9HYQ-M4G",55842668608,"G7XJ-1LY","Male"
"9HYQ-M4G",55842668609,"GL2J-F24","Female"
"GJGW-QM6",55842668610,"GGL4-859","Male"
"GJGW-QM6",55842668611,"GGL4-6DG","Female"
"LZ19-924",55842668612,"LZF6-M94","Male"
"LZ19-924",55842668613,"GWW8-LWR","Female"
"GL5F-YH1",55842668614,"GGHH-9CK","Male"
"GL5F-YH1",55842668615,"GGHH-4HZ","Female"
"L8RR-4KG",55842668616,"L8WY-72D","Male"
"L8RR-4KG",55842668617,"GZBB-BMJ","Female"
"99QT-MCB",55842668618,"LDSS-KBB","Male"
"99QT-MCB",55842668619,"GLZ3-DZS","Female"
"G792-Y4T",55842668628,"GZ9Q-17G","Male"
"GK5F-4LY",55842668630,"GK5F-8MJ","Male"
"GK5F-4LY",55842668631,"GQ2G-ZP8","Female"
"G897-W73",55842669696,"L18T-CFF","Male"
"LZS9-ZC2",55842670080,"9HYQ-M4G","Male"
"LZS9-ZC2",55842670081,"GJGW-QM6","Female"
"LZ61-F76",55842670082,"LZ19-924","Male"
"LZ61-F76",55842670083,"GL5F-YH1","Female"
"KNXX-WBQ",55842670088,"LHPZ-9WQ","Male"
"KNXX-WBQ",55842670089,"LCT8-QVQ","Female"
"LDMT-HMZ",55842670092,"L8BY-3VJ","Male"
"LDMT-HMZ",55842670093,"94BP-X4Z","Female"
"LD91-ST3",55842670094,"L8YY-5HK","Male"
"LD91-ST3",55842670095,"L8WB-D2Z","Female"
"GKBP-PCS",55842670096,"GKB5-QNV","Male"
"MTDX-9RL",55842670100,"2Z31-42G","Male"
"MTDX-9RL",55842670101,"GXHR-TN1","Female"
"MKK9-C8B",55842670103,"G6XL-PCL","Female"
"GX2C-ZLS",55842670104,"LZLB-PJY","Male"
"GX2C-ZLS",55842670105,"GGS2-M6R","Female"
"LRSD-3X2",55842670108,"KG7N-78T","Male"
"LRSD-3X2",55842670109,"GG81-X1J","Female"
"KLXB-633",55842670110,"G9WK-ZB3","Male"
"KLXB-633",55842670111,"GHS6-1TP","Female"
"LVMF-2JP",55842670208,"GLBB-B7J","Male"
"LVMF-2JP",55842670209,"GKY2-HZS","Female"
"LDSS-D1D",55842670212,"GMWX-WW1","Male"
"LD9R-RYR",55842670240,"LCRR-KM2","Male"
"LD9R-RYR",55842670241,"LDW5-JN2","Female"
"M15L-V4Q",55842670242,"LD9Y-C7T","Male"
"M15L-V4Q",55842670243,"LD9Y-CW9","Female"
"L133-HLP",55842670244,"94T6-749","Male"
"L133-HLP",55842670245,"GLLC-968","Female"
"KH8N-T92",55842670246,"L1DW-Q5N","Male"
"KH8N-T92",55842670247,"2781-6PP","Female"
"L8BY-3VJ",55842670248,"L8YY-PP2","Male"
"L8BY-3VJ",55842670249,"LT5Z-556","Female"
"94BP-X4Z",55842670250,"LBGF-H83","Male"
"94BP-X4Z",55842670251,"LZ56-WY6","Female"
"L8YY-5HK",55842670252,"9CXC-B7Y","Male"
"L8YY-5HK",55842670253,"LZBY-TS8","Female"
"L8WB-D2Z",55842670254,"GK9Q-S8F","Male"
"L8WB-D2Z",55842670255,"GK85-LHZ","Female"
"L8YY-PD5",55842670256,"L8YY-PZ9","Male"
"L8YY-PD5",55842670257,"9H65-XXK","Female"
"MBV2-T1M",55842670258,"GVD8-XBR","Male"
"MBV2-T1M",55842670259,"GVD8-NJ7","Female"
"GKZZ-K49",55842670260,"GGZQ-BP3","Male"
"GKZZ-K49",55842670261,"GHNF-BYC","Female"
"GL6R-9XP",55842670262,"GG38-D9W","Male"
"GL6R-9XP",55842670263,"GN8V-37D","Female"
"KJP2-TBR",55842670264,"LZLG-V3F","Male"
"KJP2-TBR",55842670265,"LH6K-2BP","Female"
"GFN3-DQ5",55842670266,"GJYM-TGG","Male"
"GFN3-DQ5",55842670267,"LBPM-PVV","Female"
"GQ59-8LX",55842670268,"GQMM-WCR","Male"
"GQ59-8LX",55842670269,"G29Z-H7W","Female"
"GSCJ-Z9D",55842670270,"LYS6-FRB","Male"
"GSCJ-Z9D",55842670271,"L1JY-KRP","Female"
"GQRQ-G6B",55842670528,"GQRQ-K79","Male"
"GQRQ-G6B",55842670529,"GGVR-MY2","Female"
"G7XJ-1LY",55842672256,"L6NQ-1X6","Male"
"G7XJ-1LY",55842672257,"GDX5-HMR","Female"
"LZF6-M94",55842672264,"KGSQ-35V","Male"
"LZF6-M94",55842672265,"GKZQ-S2R","Female"
"GWW8-LWR",55842672266,"9ZHZ-89Q","Male"
"GWW8-LWR",55842672267,"G8L4-56J","Female"
"G7XJ-1LY",55842672272,"L6NQ-1X6","Male"
"G7XJ-1LY",55842672273,"GDX5-HMR","Female"
"LZF6-M94",55842672280,"KGSQ-35V","Male"
"LZF6-M94",55842672281,"GKZQ-S2R","Female"
"GWW8-LWR",55842672282,"9ZHZ-89Q","Male"
"GWW8-LWR",55842672283,"G8L4-56J","Female"
"GDFJ-TC8",55842672288,"9CS2-F59","Male"
"GDFJ-TC8",55842672289,"GGM8-4Z7","Female"
"G2XB-KHW",55842672290,"9W46-QD7","Male"
"G2XB-KHW",55842672291,"LRBL-B6T","Female"
"MQ6Y-DJR",55842672292,"MYW1-TBC","Male"
"MQ6Y-DJR",55842672293,"G6J8-FMV","Female"
"LHR1-9SN",55842672294,"9CS2-F59","Male"
"LHR1-9SN",55842672295,"GGM8-4Z7","Female"
"G7XJ-1LY",55842672320,"L6NQ-1X6","Male"
"G7XJ-1LY",55842672321,"GDX5-HMR","Female"
"LZF6-M94",55842672328,"KGSQ-35V","Male"
"LZF6-M94",55842672329,"GKZQ-S2R","Female"
"GWW8-LWR",55842672330,"9ZHZ-89Q","Male"
"GWW8-LWR",55842672331,"G8L4-56J","Female"
"GDFJ-TC8",55842672352,"9CS2-F59","Male"
"GDFJ-TC8",55842672353,"GGM8-4Z7","Female"
"G2XB-KHW",55842672354,"9W46-QD7","Male"
"G2XB-KHW",55842672355,"LRBL-B6T","Female"
"MQ6Y-DJR",55842672356,"MYW1-TBC","Male"
"MQ6Y-DJR",55842672357,"G6J8-FMV","Female"
"LHR1-9SN",55842672358,"9CS2-F59","Male"
"LHR1-9SN",55842672359,"GGM8-4Z7","Female"
"G3D6-SCZ",55842672640,"GJP4-M8H","Male"
"G3D6-SCZ",55842672641,"GJ44-S71","Female"
"GN5X-ZS2",55842672646,"GX5X-YX2","Male"
"GXGS-PV6",55842672656,"GLYZ-81C","Male"
"GXGS-PV6",55842672657,"GKLY-HLK","Female"
"G6L9-VNP",55842672658,"GGJK-WWN","Male"
"G6L9-VNP",55842672659,"GLMK-3FQ","Female"
"94HZ-CG3",55842672660,"L4Y9-TXB","Male"
"94HZ-CG3",55842672661,"GSX5-T31","Female"
"LDSS-BYY",55842672662,"99PY-ZDF","Male"
"LDSS-BYY",55842672663,"LD97-C7T","Female"
"GWKF-XY9",55842672672,"G8WB-MGZ","Male"
"GWKF-XY9",55842672673,"GZ11-7D6","Female"
"GWKF-FBF",55842672674,"GV1G-PNW","Male"
"GWKF-FBF",55842672675,"GG1L-1ZJ","Female"
"9HV8-NVS",55842672680,"G9BS-LX8","Male"
"9HV8-NVS",55842672681,"G9B3-97G","Female"
"L2TT-6C2",55842672682,"GJMD-5G3","Male"
"L2TT-6C2",55842672683,"GJM6-MPH","Female"
"GQPW-7XG",55842672696,"GX55-2RX","Male"
"LYCY-PN6",55842673664,"LDSS-26H","Male"
"LYCY-PN6",55842673665,"L6SC-CJF","Female"
"LDSS-KKV",55842673666,"LZLQ-664","Male"
"LDSS-KKV",55842673667,"GK2Y-MJB","Female"
"LDW2-41W",55842673668,"94HZ-CG3","Male"
"LDW2-41W",55842673669,"LDSS-BYY","Female"
"G4NJ-GVF",55842673670,"L8RR-S6X","Male"
"G4NJ-GVF",55842673671,"L8RR-S6J","Female"
"GSCC-ZKK",55842673680,"GXD6-NBC","Male"
"GSCC-ZKK",55842673681,"GX26-QZ2","Female"
"KC9S-MPC",55842673684,"G23C-HT1","Male"
"KC9S-MPC",55842673685,"G652-6K6","Female"
"L7JF-2YC",55842673686,"93LP-LVJ","Male"
"L7JF-2YC",55842673687,"LBSF-ZFR","Female"
"LH8G-2RH",55842673688,"LCVR-TFD","Male"
"LH8G-2RH",55842673689,"9Z4P-BQB","Female"
"LDW2-7JJ",55842673690,"LDW2-41W","Male"
"LDW2-7JJ",55842673691,"G4NJ-GVF","Female"
"KHQ6-TFB",55842673692,"LD97-CH9","Male"
"KHQ6-TFB",55842673693,"KH4Q-2SB","Female"
"LDSM-H39",55842673694,"94YF-JDG","Male"
"LDSM-H39",55842673695,"G8WY-6L8","Female"
"GSZ8-DPY",55842673696,"GG3J-2F1","Male"
"GSZ8-DPY",55842673697,"LDSV-PC1","Female"
"LB23-RVZ",55842673698,"2Z98-QKN","Male"
"LB23-RVZ",55842673699,"GDCF-ZCT","Female"
"GG3J-P4F",55842673700,"GGH2-XQZ","Male"
"GJDC-Y8W",55842673702,"GJ4X-C6N","Male"
"GJDC-Y8W",55842673703,"G4QS-TSJ","Female"
"GKZZ-K36",55842673704,"L1WM-ZH9","Male"
"GG3J-PGM",55842673706,"GX2D-TSM","Male"
"GG3J-PGM",55842673707,"GX2D-B4T","Female"
"9HST-9PV",55842673708,"GJS6-D9X","Male"
"9HST-9PV",55842673709,"GXJ2-33R","Female"
"L1BP-2FV",55842673710,"G2S2-7FF","Male"
"L1BP-2FV",55842673711,"G2S2-W9Q","Female"
"GJS6-D9X",55842673712,"9QSZ-MDV","Male"
"GJS6-D9X",55842673713,"GGP3-D89","Female"
"GXJ2-33R",55842673714,"LDSH-9W5","Male"
"GXJ2-33R",55842673715,"LVNP-BKR","Female"
"LYSZ-BQC",55842673716,"GZRT-XD2","Male"
"LYSZ-BQC",55842673717,"GW43-C3S","Female"
"LH5K-WZX",55842673718,"GNF4-97F","Male"
"LH5K-WZX",55842673719,"GNJ6-YQC","Female"
"GNXV-786",55842673720,"GN3B-CF7","Male"
"GNXV-786",55842673721,"GNXV-337","Female"
"G2CW-5G6",55842673722,"94YF-JDG","Male"
"G2CW-5G6",55842673723,"G8WY-6L8","Female"
"LHY9-83W",55842673728,"G648-59V","Male"
"LHY9-83W",55842673729,"GK42-GHG","Female"
"GV1H-G36",55842673730,"GWNF-586","Male"
"GV1H-G36",55842673731,"GWNN-H86","Female"
"L6JX-69T",55842673732,"9WMP-NNQ","Male"
"L6JX-69T",55842673733,"945D-J9Y","Female"
"LT1B-6DX",55842673734,"LJB3-5XL","Male"
"LT1B-6DX",55842673735,"GNWS-GB4","Female"
"GKM1-K1R",55842673736,"GK9M-7N9","Male"
"GKM1-K1R",55842673737,"GK9M-LGX","Female"
"GX26-42V",55842673760,"GV75-LB1","Male"
"GX26-42V",55842673761,"GCBD-8ZG","Female"
"9CS4-RY3",55842673776,"LT3P-8D6","Male"
"9CS4-RY3",55842673777,"G8L3-3JL","Female"
"GJ11-5FT",55842673778,"GD2M-G8D","Male"
"LDW2-TDB",55842673784,"MBGG-7NP","Male"
"LDW2-TDB",55842673785,"LD9R-SHL","Female"
"LTG4-3S1",55842673786,"9SVD-TVV","Male"
"LTG4-3S1",55842673787,"GGKB-KCP","Female"
"LDW2-QX1",55842673788,"LH7S-18K","Male"
"LDW2-QX1",55842673789,"LDSV-5Q1","Female"
"GC35-5JN",55842673792,"L5D4-4M7","Male"
"GC35-5JN",55842673793,"GGRC-Z23","Female"
"GDTQ-S2P",55842673808,"GH5Y-9HC","Male"
"GDTQ-S2P",55842673809,"G6TX-KJJ","Female"
"G2LB-FNQ",55842673812,"G7JZ-38S","Male"
"G2LB-FNQ",55842673813,"GGNR-Q7R","Female"
"G6CD-BPD",55842673814,"G6TX-FRV","Male"
"GZWD-L2X",55842673888,"LYCG-D4Z","Male"
"GZWD-L2X",55842673889,"LYCG-QZM","Female"
"GKTZ-P6Q",55842673894,"GKTZ-K4Y","Male"
"GKTZ-P6Q",55842673895,"GDJR-QGF","Female"
"KNQ6-9ZF",55842673925,"GGM3-KZW","Female"
"LDS9-GTK",55842673928,"9HTX-2CD","Male"
"LDS9-GTK",55842673929,"G39Q-HBK","Female"
"GMN3-7TX",55842673930,"L7LR-RWX","Male"
"GMN3-7TX",55842673931,"GKGZ-365","Female"
"LT83-QKS",55842673944,"GZ2L-M6L","Male"
"LT83-QKS",55842673945,"LBTR-BTW","Female"
"GDG2-NJC",55842673946,"G6RN-4Y7","Male"
"GDG2-NJC",55842673947,"GFPT-S5P","Female"
"G9M5-FF1",55842673948,"LY9D-2F8","Male"
"G9M5-FF1",55842673949,"L28D-TJH","Female"
"GN9F-M6Q",55842673950,"GJTS-3TP","Male"
"GN9F-M6Q",55842673951,"GN15-LRT","Female"
"GLTH-SF8",55842673956,"GGKB-FBC","Male"
"GLTH-SF8",55842673957,"GKK9-K98","Female"
"GNBX-9JC",55842673968,"GKCC-1KD","Male"
"GNBX-9JC",55842673969,"G2KS-LP1","Female"
"GFC6-D1X",55842673970,"GGRW-3PW","Male"
"GFC6-D1X",55842673971,"LXSK-QX8","Female"
"GD7G-BVP",55842673972,"GMF5-BSR","Male"
"GD7G-BVP",55842673973,"L1WB-PZW","Female"
"9HG1-CKS",55842673974,"L1W8-W7S","Male"
"9MH5-2Q7",55842673976,"GD7W-JS7","Male"
"9MH5-2Q7",55842673977,"GD7W-NSX","Female"
"M1W5-BFF",55842673980,"9376-JCH","Male"
"M1W5-BFF",55842673981,"9HVH-9GD","Female"
"9CW5-JNL",55842673982,"GG3M-7JP","Male"
"9CW5-JNL",55842673983,"GG3M-7PG","Female"
"GMF5-BSR",55842673984,"GLFD-7MD","Male"
"GMF5-BSR",55842673985,"GGFH-MVX","Female"
"L1WB-PZW",55842673986,"9HTX-2CD","Male"
"L1WB-PZW",55842673987,"L83J-4S6","Female"
"9H27-6Y3",55842673988,"G6LZ-TWJ","Male"
"MWBC-XS5",55842673990,"9ZHQ-5GQ","Male"
"MWBC-XS5",55842673991,"G6R2-BDM","Female"
"K84R-TMS",55842674048,"LDHB-RRD","Male"
"K84R-TMS",55842674049,"GKVP-QMK","Female"
"LTF2-JTC",55842674052,"9SJJ-97N","Male"
"LTF2-JTC",55842674053,"LZJG-K5N","Female"
"LKNM-HR3",55842674054,"LJ2H-W3S","Male"
"LKNM-HR3",55842674055,"LZ2S-DKM","Female"
"L1QD-DXV",55842674056,"GJ2V-WRY","Male"
"L1QD-DXV",55842674057,"G2CN-HW6","Female"
"LD9P-M8N",55842674058,"LD9P-MFB","Male"
"LD9P-M8N",55842674059,"LH6C-VKZ","Female"
"KNDD-84D",55842674064,"L1WT-FRN","Male"
"KNDD-84D",55842674065,"L1WY-QMZ","Female"
"GQQX-89B",55842674066,"LB5R-TH8","Male"
"GQQX-89B",55842674067,"LDHQ-P5F","Female"
"LR6N-PQP",55842674068,"LBJ9-GZ4","Male"
"LR6N-PQP",55842674069,"KZPP-B68","Female"
"LDSS-RGB",55842674070,"L18B-R3G","Male"
"LDSS-RGB",55842674071,"KDQH-DJG","Female"
"LBLP-PPD",55842674078,"G23Z-T5F","Male"
"LBLP-PPD",55842674079,"GFJR-GNC","Female"
"GQRQ-LYV",55842674080,"GQRQ-G6B","Male"
"GQRQ-LYV",55842674081,"GGVR-2KC","Female"
"G6TY-2YB",55842674082,"GXCR-NTD","Male"
"G6TY-2YB",55842674083,"GXCR-22N","Female"
"LZGQ-LJX",55842674112,"KDQW-JTJ","Male"
"LZGQ-LJX",55842674113,"LDS9-GGV","Female"
"KDQH-DJG",55842674114,"L1DD-JMP","Male"
"KDQH-DJG",55842674115,"9WY9-HRJ","Female"
"GL9R-YL9",55842674116,"LD95-VV6","Male"
"GL9R-YL9",55842674117,"9H2F-HV5","Female"
"LDHQ-P5F",55842674118,"LD9R-RB7","Male"
"LDHQ-P5F",55842674119,"LDSS-6H5","Female"
"LD9R-RCZ",55842674136,"GGT6-NYC","Male"
"LD9R-RCZ",55842674137,"GGTD-5CG","Female"
"MBWQ-SF3",55842674138,"LH3J-XVF","Male"
"MBWQ-SF3",55842674139,"KN3T-TR3","Female"
"L1R3-QH7",55842674140,"LD9R-5PH","Male"
"L1R3-QH7",55842674141,"LZM1-YM9","Female"
"M33Z-FHV",55842674142,"GGQ2-T6Y","Male"
"M33Z-FHV",55842674143,"GGQ2-FDK","Female"
"G2BQ-PQR",55842674176,"GXV9-MD5","Male"
"G2BQ-PQR",55842674177,"G867-7W5","Female"
"GDHY-7SR",55842674192,"GXD4-VH6","Male"
"GDHY-7SR",55842674193,"GXDH-74P","Female"
"GLTH-3M3",55842674194,"GLTH-SF8","Male"
"GLTH-3M3",55842674195,"GLTH-M66","Female"
"LD1R-LZF",55842674200,"GNBX-9JC","Male"
"LD1R-LZF",55842674201,"GFC6-D1X","Female"
"LZ2K-W9Y",55842674202,"GD7G-BVP","Male"
"LZ2K-W9Y",55842674203,"9HG1-CKS","Female"
"9MH5-29J",55842674204,"9MH5-2Q7","Male"
"9MH5-29J",55842674205,"G6H3-26Y","Female"
"LZZW-6XG",55842674206,"M1W5-BFF","Male"
"LZZW-6XG",55842674207,"9CW5-JNL","Female"
"K8D7-F5D",55842674208,"LZS9-ZC2","Male"
"K8D7-F5D",55842674209,"LZ61-F76","Female"
"LDZ2-8G7",55842674212,"KNXX-WBQ","Male"
"LDZ2-8G7",55842674213,"LDZ2-8LP","Female"
"LY6V-8G3",55842674214,"LDMT-HMZ","Male"
"LY6V-8G3",55842674215,"LD91-ST3","Female"
"LDSS-8WS",55842674216,"L7LT-X1D","Male"
"9ZCG-R7L",55842674218,"KZPV-BQM","Male"
"9ZCG-R7L",55842674219,"GG81-W5D","Female"
"LRHH-9JN",55842674220,"M1VS-25N","Male"
"LRHH-9JN",55842674221,"LDSS-KHY","Female"
"LZGK-6BD",55842674222,"LZGQ-LJX","Male"
"LZGK-6BD",55842674223,"GG5V-KXG","Female"
"G652-89H",55842674224,"LDSS-8LB","Male"
"G652-89H",55842674225,"G2RP-CG1","Female"
"GQJ4-YYT",55842674226,"GKZZ-9SN","Male"
"GQJ4-YYT",55842674227,"GLND-D3K","Female"
"G78W-VCW",55842674228,"GXB3-LRB","Male"
"G78W-VCW",55842674229,"G2N1-CGQ","Female"
"MM93-ND3",55842674230,"GLB1-ZRJ","Male"
"LDW5-66P",55842674232,"LD9R-RB7","Male"
"LDW5-66P",55842674233,"LDSS-6H5","Female"
"LDW5-623",55842674234,"LDMT-HMZ","Male"
"LDW5-623",55842674235,"LD91-ST3","Female"
"KCXK-S69",55842674236,"L8MB-ZMK","Male"
"KCXK-S69",55842674237,"MB1Q-ZWW","Female"
"GJR2-7VD",55842674238,"LDMT-W6R","Male"
"GJR2-7VD",55842674239,"LT83-H6M","Female"
"GJ15-2NP",55842674240,"G9M5-FF1","Male"
"GJ15-2NP",55842674241,"GN9F-M6Q","Female"
"LZGK-6BD",55842674242,"LZGQ-LJX","Male"
"LZGK-6BD",55842674243,"GG5V-KXG","Female"
"9CHV-B26",55842674244,"GNSH-WMX","Male"
"9CHV-B26",55842674245,"G215-3C9","Female"
"LC3N-52R",55842674250,"G2J9-N5G","Male"
"LC3N-52R",55842674251,"LT6Z-NRQ","Female"
"KHGK-FT4",55842674252,"M9L6-6YN","Male"
"KHGK-FT4",55842674253,"2MYM-NS1","Female"
"GZLL-ZY9",55842674254,"GD4S-KVF","Male"
"GZLL-ZY9",55842674255,"GX7F-TKC","Female"
"LCCR-Z5Z",55842674256,"GVHW-NRT","Male"
"LCCR-Z5Z",55842674257,"GKJV-BPC","Female"
"9CWM-CC2",55842674260,"9CHV-B26","Male"
"9CWM-CC2",55842674261,"LZ2Z-ZZ8","Female"
"LY27-P3Z",55842674262,"M9L6-6YN","Male"
"LY27-P3Z",55842674263,"2MYM-NS1","Female"
"LC3N-52R",55842674266,"G2J9-N5G","Male"
"LC3N-52R",55842674267,"LT6Z-NRQ","Female"
"KHGK-FT4",55842674268,"M9L6-6YN","Male"
"KHGK-FT4",55842674269,"2MYM-NS1","Female"
"GZLL-ZY9",55842674270,"GD4S-KVF","Male"
"GZLL-ZY9",55842674271,"GX7F-TKC","Female"
"GSHD-PKT",55842674272,"GHKK-6HQ","Male"
"GSHD-PKT",55842674273,"G6N2-H4D","Female"
"L8Y9-Y94",55842674274,"LY8N-RRL","Male"
"L8Y9-Y94",55842674275,"9ZC1-9W5","Female"
"KHGK-FT4",55842674276,"M9L6-6YN","Male"
"KHGK-FT4",55842674277,"2MYM-NS1","Female"
"GZLL-ZY9",55842674278,"GD4S-KVF","Male"
"GZLL-ZY9",55842674279,"GX7F-TKC","Female"
"LCCR-Z5Z",55842674280,"GVHW-NRT","Male"
"LCCR-Z5Z",55842674281,"GKJV-BPC","Female"
"9CWM-CC2",55842674284,"9CHV-B26","Male"
"9CWM-CC2",55842674285,"LZ2Z-ZZ8","Female"
"LY27-P3Z",55842674286,"M9L6-6YN","Male"
"LY27-P3Z",55842674287,"2MYM-NS1","Female"
"9Z8M-TBM",55842674304,"LTZR-KJS","Male"
"9Z8M-TBM",55842674305,"GH7W-9HR","Female"
"LBDM-38D",55842674306,"L8R2-SJ9","Male"
"LBDM-38D",55842674307,"LCXP-QW3","Female"
"LZJX-4WX",55842674308,"G95X-P39","Male"
"LZJX-4WX",55842674309,"GSBX-MD1","Female"
"2ZVG-JS3",55842674310,"L1QG-G8M","Male"
"2ZVG-JS3",55842674311,"LD97-QLP","Female"
"G38D-WMG",55842674320,"LLC4-F6R","Male"
"G38D-WMG",55842674321,"KJJC-9WW","Female"
"949N-2DP",55842674322,"L2RD-92M","Male"
"949N-2DP",55842674323,"G8WB-SVN","Female"
"GKYY-83J",55842674324,"9CZC-GSR","Male"
"GKYY-83J",55842674325,"GJBZ-QGS","Female"
"GG63-C8V",55842674326,"GG63-7XH","Male"
"GG63-C8V",55842674327,"GG63-T2S","Female"
"LLC4-F6R",55842674336,"G2R7-DJP","Male"
"LLC4-F6R",55842674337,"G2RT-C1Z","Female"
"KJJC-9WW",55842674338,"KJPC-71V","Male"
"L2RD-92M",55842674340,"G8WB-SV6","Male"
"L2RD-92M",55842674341,"L2RD-9J2","Female"
"9CZC-GSR",55842674344,"GMNM-FXX","Male"
"9CZC-GSR",55842674345,"LZ2B-MCB","Female"
"GJBZ-QGS",55842674346,"LD9R-RB7","Male"
"GJBZ-QGS",55842674347,"LDSS-6H5","Female"
"GG63-7XH",55842674349,"GG64-7QB","Female"
"GG63-7XH",55842674348,"GG6W-LRX","Male"
"GG63-T2S",55842674350,"G9JW-25M","Male"
"GG63-T2S",55842674351,"GG6D-7PX","Female"
"LR72-2LH",55842674368,"KFK5-ZL5","Male"
"LR72-2LH",55842674369,"LBCC-DW3","Female"
"94RF-8ZT",55842674372,"MVJ5-6DP","Male"
"94RF-8ZT",55842674373,"GHFZ-BXZ","Female"
"MDMV-GWM",55842674374,"MXLC-JC1","Male"
"LCP1-19Y",55842674376,"L51Z-XMG","Male"
"LCP1-19Y",55842674377,"KZTY-WSH","Female"
"2CNB-WKW",55842674378,"9H17-VTZ","Male"
"2CNB-WKW",55842674379,"LY57-55F","Female"
"9CWM-F9G",55842674380,"9498-2NS","Male"
"9CWM-F9G",55842674381,"G7BC-QX4","Female"
"G6X1-655",55842674382,"GCV5-W95","Male"
"M8NQ-LCW",55842674384,"GXGS-JGW","Male"
"M8NQ-LCW",55842674385,"L8T9-YR8","Female"
"LH86-MHT",55842674388,"GMVG-TRT","Male"
"LH86-MHT",55842674389,"GLX6-MY5","Female"
"MHQ8-C73",55842674390,"LB23-61T","Male"
"MHQ8-C73",55842674391,"LH73-BMR","Female"
"LYJ2-TZG",55842674392,"LBX8-DDN","Male"
"LYJ2-TZG",55842674393,"LDW2-4JB","Female"
"LYJ2-LF5",55842674394,"M1S9-5V6","Male"
"GSW1-4MT",55842674396,"G8WY-NB7","Male"
"GSW1-4MT",55842674397,"9Z8H-QFQ","Female"
"L28C-QYX",55842674398,"935X-1CT","Male"
"L28C-QYX",55842674399,"LZS3-9ZK","Female"
"GWMF-GL3",55842674400,"L7LL-FB1","Male"
"GWMF-GL3",55842674401,"LZVR-GMG","Female"
"LDSM-QN8",55842674402,"93LF-J1V","Male"
"LDSM-QN8",55842674403,"931M-DSZ","Female"
"LB4Q-HKB",55842674404,"LHYG-XJF","Male"
"LB4Q-HKB",55842674405,"GDGW-LRZ","Female"
"LZ4V-V9Y",55842674406,"2JFF-BQB","Male"
"LZ4V-V9Y",55842674407,"K83K-RFX","Female"
"GD65-2F2",55842674432,"G2RV-DFJ","Male"
"GD65-2F2",55842674433,"G2RJ-1WJ","Female"
"KNSN-3NT",55842674434,"KNQ6-9ZF","Male"
"LT8Q-95L",55842674436,"LDS9-GTK","Male"
"LT8Q-95L",55842674437,"GMN3-7TX","Female"
"LVVK-HVJ",55842674444,"LT83-QKS","Male"
"LVVK-HVJ",55842674445,"GDG2-NJC","Female"
"GX26-XRJ",55842674446,"G9M5-FF1","Male"
"GX26-XRJ",55842674447,"GN9F-M6Q","Female"
"GDHY-7SR",55842674448,"GXD4-VH6","Male"
"GDHY-7SR",55842674449,"GXDH-74P","Female"
"GLTH-3M3",55842674450,"GLTH-SF8","Male"
"GLTH-3M3",55842674451,"GLTH-M66","Female"
"LD1R-LZF",55842674456,"GNBX-9JC","Male"
"LD1R-LZF",55842674457,"GFC6-D1X","Female"
"LZ2K-W9Y",55842674458,"GD7G-BVP","Male"
"LZ2K-W9Y",55842674459,"9HG1-CKS","Female"
"9MH5-29J",55842674460,"9MH5-2Q7","Male"
"9MH5-29J",55842674461,"G6H3-26Y","Female"
"LZZW-6XG",55842674462,"M1W5-BFF","Male"
"LZZW-6XG",55842674463,"9CW5-JNL","Female"
"GMP6-NXR",55842674464,"GMF5-BSR","Male"
"GMP6-NXR",55842674465,"L1WB-PZW","Female"
"G39X-CX3",55842674466,"9H27-6Y3","Male"
"G39X-CX3",55842674467,"MWBC-XS5","Female"
"GQMG-G62",55842674608,"LDSQ-XRK","Male"
"GQMG-G62",55842674609,"LCFL-9DP","Female"
"GN4C-8ND",55842674610,"L644-9GY","Male"
"GN4C-8ND",55842674611,"KVGF-FPJ","Female"
"LBM7-XLR",55842674620,"GN1K-X6S","Male"
"LBM7-XLR",55842674621,"G2ZJ-FVP","Female"
"LDSR-1Y7",55842674622,"G7X3-T3S","Male"
"LDSR-1Y7",55842674623,"GNHC-9DJ","Female"
"K84R-TMS",55842674624,"LDHB-RRD","Male"
"K84R-TMS",55842674625,"GKVP-QMK","Female"
"LTF2-JTC",55842674628,"9SJJ-97N","Male"
"LTF2-JTC",55842674629,"LZJG-K5N","Female"
"LKNM-HR3",55842674630,"LJ2H-W3S","Male"
"LKNM-HR3",55842674631,"LZ2S-DKM","Female"
"L1QD-DXV",55842674632,"GJ2V-WRY","Male"
"L1QD-DXV",55842674633,"G2CN-HW6","Female"
"LD9P-M8N",55842674634,"LD9P-MFB","Male"
"LD9P-M8N",55842674635,"LH6C-VKZ","Female"
"99Y7-MCD",55842674640,"KN8N-WHW","Male"
"99Y7-MCD",55842674641,"9SYL-S5H","Female"
"LBKM-9MP",55842674642,"G67W-G57","Male"
"LBKM-9MP",55842674643,"MZHC-RBM","Female"
"L1QG-G8M",55842674644,"LDFZ-8Q1","Male"
"L1QG-G8M",55842674645,"LHPZ-VGH","Female"
"LDW5-66P",55842674648,"LD9R-RB7","Male"
"LDW5-66P",55842674649,"LDSS-6H5","Female"
"LDW5-623",55842674650,"LDMT-HMZ","Male"
"LDW5-623",55842674651,"LD91-ST3","Female"
"KCXK-S69",55842674652,"L8MB-ZMK","Male"
"KCXK-S69",55842674653,"MB1Q-ZWW","Female"
"GJR2-7VD",55842674654,"LDMT-W6R","Male"
"GJR2-7VD",55842674655,"LT83-H6M","Female"
"9HYM-87T",55842674656,"GNT4-LY5","Male"
"9HYM-87T",55842674657,"GDL9-6NN","Female"
"LTK3-YL5",55842674658,"LTK3-8VH","Male"
"LTK3-YL5",55842674659,"GHMC-S6W","Female"
"9915-W3T",55842674660,"GL7X-KX1","Male"
"9915-W3T",55842674661,"GLWD-X2D","Female"
"G34F-CPK",55842674662,"LHTX-J4Y","Male"
"G34F-CPK",55842674663,"G34F-HFB","Female"
"G6T4-VS4",55842674664,"GW1V-6D9","Male"
"29YL-C18",55842674668,"GX5G-839","Male"
"29YL-C18",55842674669,"L87D-4PX","Female"
"9CCZ-PKB",55842674672,"9Z8P-D5J","Male"
"9CCZ-PKB",55842674673,"MHPT-LNL","Female"
"L75S-MVR",55842674674,"G2HQ-H3Y","Male"
"L75S-MVR",55842674675,"G2HQ-4SW","Female"
"GFDK-48G",55842674676,"GFDK-XX3","Male"
"GFDK-48G",55842674677,"GVJP-DFV","Female"
"GD2L-TGY",55842674680,"GCQF-WFQ","Male"
"GD2L-TGY",55842674681,"LKDQ-8DY","Female"
"G6R8-7WV",55842674684,"9CWG-P3Q","Male"
"G6R8-7WV",55842674685,"LCZD-G2Y","Female"
"L7GV-JX4",55842674686,"G8W1-9VC","Male"
"L7GV-JX4",55842674687,"LCZD-G2Y","Female"
"LZS9-ZC2",55842674688,"9HYQ-M4G","Male"
"LZS9-ZC2",55842674689,"GJGW-QM6","Female"
"LZ61-F76",55842674690,"LZ19-924","Male"
"LZ61-F76",55842674691,"GL5F-YH1","Female"
"KZPV-BQM",55842674692,"L8RR-4KG","Male"
"KZPV-BQM",55842674693,"99QT-MCB","Female"
"GGTM-B2D",55842674698,"G792-Y4T","Male"
"GGTM-B2D",55842674699,"GK5F-4LY","Female"
"LZS9-ZC2",55842674752,"9HYQ-M4G","Male"
"LZS9-ZC2",55842674753,"GJGW-QM6","Female"
"LZ61-F76",55842674754,"LZ19-924","Male"
"LZ61-F76",55842674755,"GL5F-YH1","Female"
"KZPV-BQM",55842674756,"L8RR-4KG","Male"
"KZPV-BQM",55842674757,"99QT-MCB","Female"
"GGTM-B2D",55842674762,"G792-Y4T","Male"
"GGTM-B2D",55842674763,"GK5F-4LY","Female"
"LZS9-ZC2",55842674816,"9HYQ-M4G","Male"
"LZS9-ZC2",55842674817,"GJGW-QM6","Female"
"LZ61-F76",55842674818,"LZ19-924","Male"
"LZ61-F76",55842674819,"GL5F-YH1","Female"
"KNXX-WBQ",55842674824,"LHPZ-9WQ","Male"
"KNXX-WBQ",55842674825,"LCT8-QVQ","Female"
"LDMT-HMZ",55842674828,"L8BY-3VJ","Male"
"LDMT-HMZ",55842674829,"94BP-X4Z","Female"
"LD91-ST3",55842674830,"L8YY-5HK","Male"
"LD91-ST3",55842674831,"L8WB-D2Z","Female"
"KZPV-BQM",55842674836,"L8RR-4KG","Male"
"KZPV-BQM",55842674837,"99QT-MCB","Female"
"M1VS-25N",55842674840,"LDSS-KJ6","Male"
"M1VS-25N",55842674841,"L28D-TJH","Female"
"LDSS-KHY",55842674842,"LYCY-PN6","Male"
"LDSS-KHY",55842674843,"LDSS-KKV","Female"
"LZGQ-LJX",55842674844,"KDQW-JTJ","Male"
"LZGQ-LJX",55842674845,"LDS9-GGV","Female"
"LDSS-8LB",55842674848,"LVMF-2JP","Male"
"LDSS-8LB",55842674849,"GW2T-LDK","Female"
"G2RP-CG1",55842674850,"LDSS-D1D","Male"
"G2RP-CG1",55842674851,"GKZ8-SNZ","Female"
"LD9R-RB7",55842674864,"LD9R-RYR","Male"
"LD9R-RB7",55842674865,"M15L-V4Q","Female"
"LDSS-6H5",55842674866,"L133-HLP","Male"
"LDSS-6H5",55842674867,"KH8N-T92","Female"
"LDMT-HMZ",55842674868,"L8BY-3VJ","Male"
"LDMT-HMZ",55842674869,"94BP-X4Z","Female"
"LD91-ST3",55842674870,"L8YY-5HK","Male"
"LD91-ST3",55842674871,"L8WB-D2Z","Female"
"L8MB-ZMK",55842674872,"L8YY-PD5","Male"
"L8MB-ZMK",55842674873,"MBV2-T1M","Female"
"MB1Q-ZWW",55842674874,"GKZZ-K49","Male"
"MB1Q-ZWW",55842674875,"GL6R-9XP","Female"
"LDMT-W6R",55842674876,"KJP2-TBR","Male"
"LDMT-W6R",55842674877,"GFN3-DQ5","Female"
"LT83-H6M",55842674878,"GQ59-8LX","Male"
"LT83-H6M",55842674879,"GSCJ-Z9D","Female"
"GLB6-MQV",55842674944,"GLBD-RNZ","Male"
"GLB6-MQV",55842674945,"GLBX-KJJ","Female"
"GMNX-JGH",55842674948,"G9WK-ZB3","Male"
"GMNX-JGH",55842674949,"GHS6-1TP","Female"
"L2SF-BXZ",55842674950,"L1Q3-L7Z","Male"
"L2SF-BXZ",55842674951,"2R66-L8T","Female"
"9376-JCH",55842674952,"KNW5-CM9","Male"
"9376-JCH",55842674953,"LCRM-5HJ","Female"
"9HVH-9GD",55842674954,"LHW9-VZ4","Male"
"9HVH-9GD",55842674955,"GKKW-24R","Female"
"GDLZ-FG2",55842674992,"GLBB-NNX","Male"
"GD65-2F2",55842675040,"G2RV-DFJ","Male"
"GD65-2F2",55842675041,"G2RJ-1WJ","Female"
"KNSN-3NT",55842675042,"KNQ6-9ZF","Male"
"LT8Q-95L",55842675044,"LDS9-GTK","Male"
"LT8Q-95L",55842675045,"GMN3-7TX","Female"
"LVVK-HVJ",55842675052,"LT83-QKS","Male"
"LVVK-HVJ",55842675053,"GDG2-NJC","Female"
"GX26-XRJ",55842675054,"G9M5-FF1","Male"
"GX26-XRJ",55842675055,"GN9F-M6Q","Female"
"KJ5F-4ZR",55842675104,"LZS9-ZC2","Male"
"KJ5F-4ZR",55842675105,"LZ61-F76","Female"
"LDMG-1HD",55842675106,"KZPV-BQM","Male"
"LDMG-1HD",55842675107,"MP6J-D9N","Female"
"GJW6-BQP",55842675108,"GGT9-98G","Male"
"GJW6-BQP",55842675109,"GGTM-B2D","Female"
"G26B-199",55842675112,"GKJW-D8S","Male"
"G26B-199",55842675113,"GJY8-7WZ","Female"
"LZS9-ZC2",55842675136,"9HYQ-M4G","Male"
"LZS9-ZC2",55842675137,"GJGW-QM6","Female"
"LZ61-F76",55842675138,"LZ19-924","Male"
"LZ61-F76",55842675139,"GL5F-YH1","Female"
"KNXX-WBQ",55842675144,"LHPZ-9WQ","Male"
"KNXX-WBQ",55842675145,"LCT8-QVQ","Female"
"LDMT-HMZ",55842675148,"L8BY-3VJ","Male"
"LDMT-HMZ",55842675149,"94BP-X4Z","Female"
"LD91-ST3",55842675150,"L8YY-5HK","Male"
"LD91-ST3",55842675151,"L8WB-D2Z","Female"
"KZPV-BQM",55842675156,"L8RR-4KG","Male"
"KZPV-BQM",55842675157,"99QT-MCB","Female"
"M1VS-25N",55842675160,"LDSS-KJ6","Male"
"M1VS-25N",55842675161,"L28D-TJH","Female"
"LDSS-KHY",55842675162,"LYCY-PN6","Male"
"LDSS-KHY",55842675163,"LDSS-KKV","Female"
"LZGQ-LJX",55842675164,"KDQW-JTJ","Male"
"LZGQ-LJX",55842675165,"LDS9-GGV","Female"
"LDSS-8LB",55842675168,"LVMF-2JP","Male"
"LDSS-8LB",55842675169,"GW2T-LDK","Female"
"G2RP-CG1",55842675170,"LDSS-D1D","Male"
"G2RP-CG1",55842675171,"GKZ8-SNZ","Female"
"LD9R-RB7",55842675184,"LD9R-RYR","Male"
"LD9R-RB7",55842675185,"M15L-V4Q","Female"
"LDSS-6H5",55842675186,"L133-HLP","Male"
"LDSS-6H5",55842675187,"KH8N-T92","Female"
"LDMT-HMZ",55842675188,"L8BY-3VJ","Male"
"LDMT-HMZ",55842675189,"94BP-X4Z","Female"
"LD91-ST3",55842675190,"L8YY-5HK","Male"
"LD91-ST3",55842675191,"L8WB-D2Z","Female"
"L8MB-ZMK",55842675192,"L8YY-PD5","Male"
"L8MB-ZMK",55842675193,"MBV2-T1M","Female"
"MB1Q-ZWW",55842675194,"GKZZ-K49","Male"
"MB1Q-ZWW",55842675195,"GL6R-9XP","Female"
"LDMT-W6R",55842675196,"KJP2-TBR","Male"
"LDMT-W6R",55842675197,"GFN3-DQ5","Female"
"LT83-H6M",55842675198,"GQ59-8LX","Male"
"LT83-H6M",55842675199,"GSCJ-Z9D","Female"
"GGSV-LFL",55842675232,"GGZD-RQR","Male"
"GGSV-LFL",55842675233,"GL9M-YXL","Female"
"G7YH-3GJ",55842675248,"GV4P-VY5","Male"
"G7YH-3GJ",55842675249,"GGJD-JSR","Female"
"GC45-DB8",55842675250,"GZRK-SFB","Male"
"GC45-DB8",55842675251,"GVSP-WS2","Female"
"G8W1-V4X",55842675282,"GL9M-YF9","Male"
"G8W1-V4X",55842675283,"GL9M-1QZ","Female"
"G891-N1Z",55842675288,"GSZ1-PTQ","Male"
"G891-N1Z",55842675289,"GS8M-WYK","Female"
"G3YQ-19T",55842675290,"991T-WHY","Male"
"G3YQ-19T",55842675291,"G3TV-1F5","Female"
"GGKJ-Z1T",55842675292,"L62H-Z9T","Male"
"GGKJ-Z1T",55842675293,"GVSP-PVV","Female"
"KL6C-XQV",55842675294,"GKZ8-HXS","Male"
"KL6C-XQV",55842675295,"GKS3-YPX","Female"
"LDHB-RRD",55842675296,"9HTX-2CD","Male"
"LDHB-RRD",55842675297,"L83J-4S6","Female"
"GKVP-QMK",55842675298,"LDHS-Z3V","Male"
"GKVP-QMK",55842675299,"LZGK-ZV2","Female"
"9SJJ-97N",55842675304,"GGG7-Q5M","Male"
"9SJJ-97N",55842675305,"GZL1-BTV","Female"
"LZJG-K5N",55842675306,"KX2S-NWF","Male"
"LZJG-K5N",55842675307,"L7GV-KKS","Female"
"LJ2H-W3S",55842675308,"GD74-RRH","Male"
"LJ2H-W3S",55842675309,"GJ5M-BKM","Female"
"LZ2S-DKM",55842675310,"28YJ-Z4N","Male"
"LZ2S-DKM",55842675311,"GGGT-9MX","Female"
"GJ2V-WRY",55842675312,"G233-LXN","Male"
"GJ2V-WRY",55842675313,"GGWK-NT3","Female"
"LD9P-MFB",55842675316,"GC7G-R6L","Male"
"LD9P-MFB",55842675317,"GC7P-77S","Female"
"GX52-ZZQ",55842675328,"GFJ1-LXM","Male"
"GX52-ZZQ",55842675329,"GGRL-GMV","Female"
"GH2M-VGN",55842675392,"9HT1-YR2","Male"
"GH2M-VGN",55842675393,"G64M-9LR","Female"
"GGP4-HFK",55842675456,"GGL8-Q37","Male"
"LVVK-HVJ",55842675488,"LT83-QKS","Male"
"LVVK-HVJ",55842675489,"GDG2-NJC","Female"
"GX26-XRJ",55842675490,"G9M5-FF1","Male"
"GX26-XRJ",55842675491,"GN9F-M6Q","Female"
"G9M5-FF1",55842675520,"LY9D-2F8","Male"
"G9M5-FF1",55842675521,"L28D-TJH","Female"
"GN9F-M6Q",55842675522,"GJTS-3TP","Male"
"GN9F-M6Q",55842675523,"GN15-LRT","Female"
"LZGQ-LJX",55842675524,"KDQW-JTJ","Male"
"LZGQ-LJX",55842675525,"LDS9-GGV","Female"
"GNSH-WMX",55842675528,"G7NH-CM4","Male"
"GNSH-WMX",55842675529,"G215-VM8","Female"
"G2J9-N5G",55842675540,"GLL2-BZV","Male"
"LT6Z-NRQ",55842675542,"GC4V-KPG","Male"
"LT6Z-NRQ",55842675543,"L175-67M","Female"
"M9L6-6YN",55842675544,"K84R-TMS","Male"
"M9L6-6YN",55842675545,"GGGW-RYH","Female"
"2MYM-NS1",55842675546,"LTF2-JTC","Male"
"2MYM-NS1",55842675547,"LKNM-HR3","Female"
"GD4S-KVF",55842675548,"L1QD-DXV","Male"
"GD4S-KVF",55842675549,"LD9P-M8N","Female"
"GVHW-NRT",55842675552,"GVDF-MGZ","Male"
"GVHW-NRT",55842675553,"GVDX-FF4","Female"
"9CHV-B26",55842675560,"GNSH-WMX","Male"
"9CHV-B26",55842675561,"G215-3C9","Female"
"M9L6-6YN",55842675564,"K84R-TMS","Male"
"M9L6-6YN",55842675565,"GGGW-RYH","Female"
"2MYM-NS1",55842675566,"LTF2-JTC","Male"
"2MYM-NS1",55842675567,"LKNM-HR3","Female"
"G2J9-N5G",55842675572,"GLL2-BZV","Male"
"LT6Z-NRQ",55842675574,"GC4V-KPG","Male"
"LT6Z-NRQ",55842675575,"L175-67M","Female"
"M9L6-6YN",55842675576,"K84R-TMS","Male"
"M9L6-6YN",55842675577,"GGGW-RYH","Female"
"2MYM-NS1",55842675578,"LTF2-JTC","Male"
"2MYM-NS1",55842675579,"LKNM-HR3","Female"
"GD4S-KVF",55842675580,"L1QD-DXV","Male"
"GD4S-KVF",55842675581,"LD9P-M8N","Female"
"GMF5-BSR",55842675648,"GLFD-7MD","Male"
"GMF5-BSR",55842675649,"GGFH-MVX","Female"
"L1WB-PZW",55842675650,"9HTX-2CD","Male"
"L1WB-PZW",55842675651,"L83J-4S6","Female"
"9H27-6Y3",55842675652,"G6LZ-TWJ","Male"
"MWBC-XS5",55842675654,"9ZHQ-5GQ","Male"
"MWBC-XS5",55842675655,"G6R2-BDM","Female"
"G7XJ-1LY",55842675840,"L6NQ-1X6","Male"
"G7XJ-1LY",55842675841,"GDX5-HMR","Female"
"LZF6-M94",55842675848,"KGSQ-35V","Male"
"LZF6-M94",55842675849,"GKZQ-S2R","Female"
"GWW8-LWR",55842675850,"9ZHZ-89Q","Male"
"GWW8-LWR",55842675851,"G8L4-56J","Female"
"G7XJ-1LY",55842675856,"L6NQ-1X6","Male"
"G7XJ-1LY",55842675857,"GDX5-HMR","Female"
"LZF6-M94",55842675864,"KGSQ-35V","Male"
"LZF6-M94",55842675865,"GKZQ-S2R","Female"
"GWW8-LWR",55842675866,"9ZHZ-89Q","Male"
"GWW8-LWR",55842675867,"G8L4-56J","Female"
"GDFJ-TC8",55842675872,"9CS2-F59","Male"
"GDFJ-TC8",55842675873,"GGM8-4Z7","Female"
"G2XB-KHW",55842675874,"9W46-QD7","Male"
"G2XB-KHW",55842675875,"LRBL-B6T","Female"
"MQ6Y-DJR",55842675876,"MYW1-TBC","Male"
"MQ6Y-DJR",55842675877,"G6J8-FMV","Female"
"LHR1-9SN",55842675878,"9CS2-F59","Male"
"LHR1-9SN",55842675879,"GGM8-4Z7","Female"
"G7XJ-1LY",55842675904,"L6NQ-1X6","Male"
"G7XJ-1LY",55842675905,"GDX5-HMR","Female"
"LZF6-M94",55842675912,"KGSQ-35V","Male"
"LZF6-M94",55842675913,"GKZQ-S2R","Female"
"GWW8-LWR",55842675914,"9ZHZ-89Q","Male"
"GWW8-LWR",55842675915,"G8L4-56J","Female"
"GDFJ-TC8",55842675936,"9CS2-F59","Male"
"GDFJ-TC8",55842675937,"GGM8-4Z7","Female"
"G2XB-KHW",55842675938,"9W46-QD7","Male"
"G2XB-KHW",55842675939,"LRBL-B6T","Female"
"MQ6Y-DJR",55842675940,"MYW1-TBC","Male"
"MQ6Y-DJR",55842675941,"G6J8-FMV","Female"
"LHR1-9SN",55842675942,"9CS2-F59","Male"
"LHR1-9SN",55842675943,"GGM8-4Z7","Female"
"949K-5Q2",55842676256,"949K-PBH","Male"
"KZPV-BQM",55842676276,"L8RR-4KG","Male"
"KZPV-BQM",55842676277,"99QT-MCB","Female"
"M1VS-25N",55842676280,"LDSS-KJ6","Male"
"M1VS-25N",55842676281,"L28D-TJH","Female"
"LDSS-KHY",55842676282,"LYCY-PN6","Male"
"LDSS-KHY",55842676283,"LDSS-KKV","Female"
"LZGQ-LJX",55842676284,"KDQW-JTJ","Male"
"LZGQ-LJX",55842676285,"LDS9-GGV","Female"
"934P-X69",55842676304,"949K-5Q2","Male"
"LDSS-8WS",55842676312,"L7LT-X1D","Male"
"9ZCG-R7L",55842676314,"KZPV-BQM","Male"
"9ZCG-R7L",55842676315,"GG81-W5D","Female"
"LRHH-9JN",55842676316,"M1VS-25N","Male"
"LRHH-9JN",55842676317,"LDSS-KHY","Female"
"LZGK-6BD",55842676318,"LZGQ-LJX","Male"
"LZGK-6BD",55842676319,"GG5V-KXG","Female"
"LJ2H-W3S",55842676324,"GD74-RRH","Male"
"LJ2H-W3S",55842676325,"GJ5M-BKM","Female"
"LZ2S-DKM",55842676326,"28YJ-Z4N","Male"
"LZ2S-DKM",55842676327,"GGGT-9MX","Female"
"GXDM-3H9",55842676332,"G6LT-J5Y","Male"
"GXDM-3H9",55842676333,"GLR8-DFC","Female"
"KN8N-WHW",55842676352,"LBKM-2H9","Male"
"KN8N-WHW",55842676353,"LBDY-3J8","Female"
"9SYL-S5H",55842676354,"KX2S-NWF","Male"
"9SYL-S5H",55842676355,"L7GV-KKS","Female"
"G67W-G57",55842676356,"MKTV-TMC","Male"
"G67W-G57",55842676357,"G67G-YFC","Female"
"LDFZ-8Q1",55842676360,"GJ9M-PR2","Male"
"LDFZ-8Q1",55842676361,"GL14-857","Female"
"LHPZ-VGH",55842676362,"LZLG-V3F","Male"
"LHPZ-VGH",55842676363,"LH6K-2BP","Female"
"LD9R-RB7",55842676368,"LD9R-RYR","Male"
"LD9R-RB7",55842676369,"M15L-V4Q","Female"
"LDSS-6H5",55842676370,"L133-HLP","Male"
"LDSS-6H5",55842676371,"KH8N-T92","Female"
"LDMT-HMZ",55842676372,"L8BY-3VJ","Male"
"LDMT-HMZ",55842676373,"94BP-X4Z","Female"
"LD91-ST3",55842676374,"L8YY-5HK","Male"
"LD91-ST3",55842676375,"L8WB-D2Z","Female"
"L8MB-ZMK",55842676376,"L8YY-PD5","Male"
"L8MB-ZMK",55842676377,"MBV2-T1M","Female"
"MB1Q-ZWW",55842676378,"GKZZ-K49","Male"
"MB1Q-ZWW",55842676379,"GL6R-9XP","Female"
"LDMT-W6R",55842676380,"KJP2-TBR","Male"
"LDMT-W6R",55842676381,"GFN3-DQ5","Female"
"LT83-H6M",55842676382,"GQ59-8LX","Male"
"LT83-H6M",55842676383,"GSCJ-Z9D","Female"
"GKPX-TG7",55842676388,"GN8G-MT7","Male"
"GKPX-TG7",55842676389,"G6VR-DRK","Female"
"LTTZ-YL8",55842676392,"L8TJ-5XS","Male"
"LYSG-SY9",55842676394,"LJG4-5YW","Male"
"LYSG-SY9",55842676395,"GH91-DSB","Female"
"9C32-7PC",55842676396,"G7YH-3GJ","Male"
"9C32-7PC",55842676397,"GC45-DB8","Female"
"GWKF-XY9",55842676448,"G8WB-MGZ","Male"
"GWKF-XY9",55842676449,"GZ11-7D6","Female"
"GWKF-FBF",55842676450,"GV1G-PNW","Male"
"GWKF-FBF",55842676451,"GG1L-1ZJ","Female"
"9HV8-NVS",55842676456,"G9BS-LX8","Male"
"9HV8-NVS",55842676457,"G9B3-97G","Female"
"L2TT-6C2",55842676458,"GJMD-5G3","Male"
"L2TT-6C2",55842676459,"GJM6-MPH","Female"
"GQPW-7XG",55842676472,"GX55-2RX","Male"
"LZGQ-LJX",55842676496,"KDQW-JTJ","Male"
"LZGQ-LJX",55842676497,"LDS9-GGV","Female"
"KDQH-DJG",55842676498,"L1DD-JMP","Male"
"KDQH-DJG",55842676499,"9WY9-HRJ","Female"
"GL9R-YL9",55842676500,"LD95-VV6","Male"
"GL9R-YL9",55842676501,"9H2F-HV5","Female"
"LDHQ-P5F",55842676502,"LD9R-RB7","Male"
"LDHQ-P5F",55842676503,"LDSS-6H5","Female"
"LZS9-ZC2",55842676512,"9HYQ-M4G","Male"
"LZS9-ZC2",55842676513,"GJGW-QM6","Female"
"LZ61-F76",55842676514,"LZ19-924","Male"
"LZ61-F76",55842676515,"GL5F-YH1","Female"
"KZPV-BQM",55842676516,"L8RR-4KG","Male"
"KZPV-BQM",55842676517,"99QT-MCB","Female"
"GGTM-B2D",55842676522,"G792-Y4T","Male"
"GGTM-B2D",55842676523,"GK5F-4LY","Female"
"G91P-199",55842676610,"GQYX-CZ8","Male"
"G91P-199",55842676611,"GVP1-JXX","Female"
"LT3M-GVB",55842676624,"LYKM-77Q","Male"
"LT3M-GVB",55842676625,"G9KN-N8D","Female"
"9CJ7-MYH",55842676636,"9Z8X-1VX","Male"
"9CJ7-MYH",55842676637,"9Z8X-1VF","Female"
"K84R-TMS",55842676672,"LDHB-RRD","Male"
"K84R-TMS",55842676673,"GKVP-QMK","Female"
"LTF2-JTC",55842676676,"9SJJ-97N","Male"
"LTF2-JTC",55842676677,"LZJG-K5N","Female"
"LKNM-HR3",55842676678,"LJ2H-W3S","Male"
"LKNM-HR3",55842676679,"LZ2S-DKM","Female"
"L1QD-DXV",55842676680,"GJ2V-WRY","Male"
"L1QD-DXV",55842676681,"G2CN-HW6","Female"
"LD9P-M8N",55842676682,"LD9P-MFB","Male"
"LD9P-M8N",55842676683,"LH6C-VKZ","Female"
"KNDD-84D",55842676688,"L1WT-FRN","Male"
"KNDD-84D",55842676689,"L1WY-QMZ","Female"
"GQQX-89B",55842676690,"LB5R-TH8","Male"
"GQQX-89B",55842676691,"LDHQ-P5F","Female"
"LR6N-PQP",55842676692,"LBJ9-GZ4","Male"
"LR6N-PQP",55842676693,"KZPP-B68","Female"
"LDSS-RGB",55842676694,"L18B-R3G","Male"
"LDSS-RGB",55842676695,"KDQH-DJG","Female"
"LBLP-PPD",55842676702,"G23Z-T5F","Male"
"LBLP-PPD",55842676703,"GFJR-GNC","Female"
"GQRQ-LYV",55842676704,"GQRQ-G6B","Male"
"GQRQ-LYV",55842676705,"GGVR-2KC","Female"
"G6TY-2YB",55842676706,"GXCR-NTD","Male"
"G6TY-2YB",55842676707,"GXCR-22N","Female"
"G9WK-ZB3",55842680840,"L1SL-2HR","Male"
"GHS6-1TP",55842680842,"LZF6-M94","Male"
"GHS6-1TP",55842680843,"L5TT-LG3","Female"
"L1Q3-L7Z",55842680844,"2RBY-DVZ","Male"
"L1Q3-L7Z",55842680845,"2R66-L8L","Female"
"KNW5-CM9",55842680848,"LVMF-2YH","Male"
"KNW5-CM9",55842680849,"GH4Y-2HC","Female"
"LCRM-5HJ",55842680850,"LCQX-XJS","Male"
"LCRM-5HJ",55842680851,"L78P-85J","Female"
"LHW9-VZ4",55842680852,"L1MT-HC1","Male"
"LHW9-VZ4",55842680853,"GVGZ-DCK","Female"
"KNQ6-9ZF",55842681029,"GGM3-KZW","Female"
"LDS9-GTK",55842681032,"9HTX-2CD","Male"
"LDS9-GTK",55842681033,"G39Q-HBK","Female"
"GMN3-7TX",55842681034,"L7LR-RWX","Male"
"GMN3-7TX",55842681035,"GKGZ-365","Female"
"LT83-QKS",55842681048,"GZ2L-M6L","Male"
"LT83-QKS",55842681049,"LBTR-BTW","Female"
"GDG2-NJC",55842681050,"G6RN-4Y7","Male"
"GDG2-NJC",55842681051,"GFPT-S5P","Female"
"G9M5-FF1",55842681052,"LY9D-2F8","Male"
"G9M5-FF1",55842681053,"L28D-TJH","Female"
"GN9F-M6Q",55842681054,"GJTS-3TP","Male"
"GN9F-M6Q",55842681055,"GN15-LRT","Female"
"LZS9-ZC2",55842681152,"9HYQ-M4G","Male"
"LZS9-ZC2",55842681153,"GJGW-QM6","Female"
"LZ61-F76",55842681154,"LZ19-924","Male"
"LZ61-F76",55842681155,"GL5F-YH1","Female"
"KZPV-BQM",55842681156,"L8RR-4KG","Male"
"KZPV-BQM",55842681157,"99QT-MCB","Female"
"GGTM-B2D",55842681162,"G792-Y4T","Male"
"GGTM-B2D",55842681163,"GK5F-4LY","Female"
"9HYQ-M4G",55842681216,"G7XJ-1LY","Male"
"9HYQ-M4G",55842681217,"GL2J-F24","Female"
"GJGW-QM6",55842681218,"GGL4-859","Male"
"GJGW-QM6",55842681219,"GGL4-6DG","Female"
"LZ19-924",55842681220,"LZF6-M94","Male"
"LZ19-924",55842681221,"GWW8-LWR","Female"
"GL5F-YH1",55842681222,"GGHH-9CK","Male"
"GL5F-YH1",55842681223,"GGHH-4HZ","Female"
"LHPZ-9WQ",55842681232,"938W-39J","Male"
"LHPZ-9WQ",55842681233,"9W89-MK6","Female"
"LCT8-QVQ",55842681234,"LYXW-BQK","Male"
"L8BY-3VJ",55842681240,"L8YY-PP2","Male"
"L8BY-3VJ",55842681241,"LT5Z-556","Female"
"94BP-X4Z",55842681242,"LBGF-H83","Male"
"94BP-X4Z",55842681243,"LZ56-WY6","Female"
"L8YY-5HK",55842681244,"9CXC-B7Y","Male"
"L8YY-5HK",55842681245,"LZBY-TS8","Female"
"L8WB-D2Z",55842681246,"GK9Q-S8F","Male"
"L8WB-D2Z",55842681247,"GK85-LHZ","Female"
"L8RR-4KG",55842681256,"L8WY-72D","Male"
"L8RR-4KG",55842681257,"GZBB-BMJ","Female"
"99QT-MCB",55842681258,"LDSS-KBB","Male"
"99QT-MCB",55842681259,"GLZ3-DZS","Female"
"LDSS-KJ6",55842681264,"LDSS-288","Male"
"LDSS-KJ6",55842681265,"G6PK-MQW","Female"
"L28D-TJH",55842681266,"9WMP-NNQ","Male"
"L28D-TJH",55842681267,"945D-J9Y","Female"
"LYCY-PN6",55842681268,"LDSS-26H","Male"
"LYCY-PN6",55842681269,"L6SC-CJF","Female"
"LDSS-KKV",55842681270,"LZLQ-664","Male"
"LDSS-KKV",55842681271,"GK2Y-MJB","Female"
"KDQW-JTJ",55842681272,"9HTX-2CD","Male"
"KDQW-JTJ",55842681273,"G39Q-HBK","Female"
"LDS9-GGV",55842681274,"LZGK-GZB","Male"
"LDS9-GGV",55842681275,"MXKR-J9R","Female"
"LVMF-2JP",55842681280,"GLBB-B7J","Male"
"LVMF-2JP",55842681281,"GKY2-HZS","Female"
"LDSS-D1D",55842681284,"GMWX-WW1","Male"
"LD9R-RYR",55842681312,"LCRR-KM2","Male"
"LD9R-RYR",55842681313,"LDW5-JN2","Female"
"M15L-V4Q",55842681314,"LD9Y-C7T","Male"
"M15L-V4Q",55842681315,"LD9Y-CW9","Female"
"L133-HLP",55842681316,"94T6-749","Male"
"L133-HLP",55842681317,"GLLC-968","Female"
"KH8N-T92",55842681318,"L1DW-Q5N","Male"
"KH8N-T92",55842681319,"2781-6PP","Female"
"L8BY-3VJ",55842681320,"L8YY-PP2","Male"
"L8BY-3VJ",55842681321,"LT5Z-556","Female"
"94BP-X4Z",55842681322,"LBGF-H83","Male"
"94BP-X4Z",55842681323,"LZ56-WY6","Female"
"L8YY-5HK",55842681324,"9CXC-B7Y","Male"
"L8YY-5HK",55842681325,"LZBY-TS8","Female"
"L8WB-D2Z",55842681326,"GK9Q-S8F","Male"
"L8WB-D2Z",55842681327,"GK85-LHZ","Female"
"L8YY-PD5",55842681328,"L8YY-PZ9","Male"
"L8YY-PD5",55842681329,"9H65-XXK","Female"
"MBV2-T1M",55842681330,"GVD8-XBR","Male"
"MBV2-T1M",55842681331,"GVD8-NJ7","Female"
"GKZZ-K49",55842681332,"GGZQ-BP3","Male"
"GKZZ-K49",55842681333,"GHNF-BYC","Female"
"GL6R-9XP",55842681334,"GG38-D9W","Male"
"GL6R-9XP",55842681335,"GN8V-37D","Female"
"KJP2-TBR",55842681336,"LZLG-V3F","Male"
"KJP2-TBR",55842681337,"LH6K-2BP","Female"
"GFN3-DQ5",55842681338,"GJYM-TGG","Male"
"GFN3-DQ5",55842681339,"LBPM-PVV","Female"
"GQ59-8LX",55842681340,"GQMM-WCR","Male"
"GQ59-8LX",55842681341,"G29Z-H7W","Female"
"GSCJ-Z9D",55842681342,"LYS6-FRB","Male"
"GSCJ-Z9D",55842681343,"L1JY-KRP","Female"
"KZW1-FM6",55842681344,"K6SY-4TP","Male"
"GKBP-PCS",55842681360,"GKB5-QNV","Male"
"MTDX-9RL",55842681364,"2Z31-42G","Male"
"MTDX-9RL",55842681365,"GXHR-TN1","Female"
"MKK9-C8B",55842681367,"G6XL-PCL","Female"
"GX2C-ZLS",55842681368,"LZLB-PJY","Male"
"GX2C-ZLS",55842681369,"GGS2-M6R","Female"
"LRSD-3X2",55842681372,"KG7N-78T","Male"
"LRSD-3X2",55842681373,"GG81-X1J","Female"
"KLXB-633",55842681374,"G9WK-ZB3","Male"
"KLXB-633",55842681375,"GHS6-1TP","Female"
"GGWK-CH2",55842681376,"GGWK-PPB","Male"
"GGWK-CH2",55842681377,"GG49-LN7","Female"
"G7LK-VGP",55842681380,"G7LK-P3T","Male"
"G7LK-VGP",55842681381,"GW87-X5M","Female"
"GGWK-CH2",55842681472,"GGWK-PPB","Male"
"GGWK-CH2",55842681473,"GG49-LN7","Female"
"G7LK-VGP",55842681476,"G7LK-P3T","Male"
"G7LK-VGP",55842681477,"GW87-X5M","Female"
"G8R4-ZBJ",55842681504,"GH1Y-JYY","Male"
"KFYT-G84",55842681512,"KFFD-W9R","Male"
"KFYT-G84",55842681513,"G6CX-Z3P","Female"
"LDSS-LKR",55842681514,"LDSS-LB3","Male"
"LDSS-LKR",55842681515,"L5JM-54G","Female"
"LDMT-HMZ",55842681516,"L8BY-3VJ","Male"
"LDMT-HMZ",55842681517,"94BP-X4Z","Female"
"LD91-ST3",55842681518,"L8YY-5HK","Male"
"LD91-ST3",55842681519,"L8WB-D2Z","Female"
"KFPX-KY8",55842681520,"LD3S-HB7","Male"
"KFPX-KY8",55842681521,"LTYC-DNP","Female"
"LZX2-BDJ",55842681522,"LVMH-1XQ","Male"
"LZX2-BDJ",55842681523,"9CCJ-FTY","Female"
"GZ68-X5M",55842681526,"K2NJ-ZYG","Male"
"GZ68-X5M",55842681527,"LCR2-MQ6","Female"
"GLMN-FFB",55842681524,"9CCY-2J4","Male"
"GLMN-FFB",55842681525,"G21Y-C9F","Female"
"LCRB-Q2R",55842681528,"GKWS-5M9","Male"
"LCRB-Q2R",55842681529,"LH7S-12N","Female"
"G865-DJ7",55842681530,"LR9B-N7S","Male"
"G865-DJ7",55842681531,"GKGQ-77R","Female"
"LZS9-ZC2",55842681536,"9HYQ-M4G","Male"
"LZS9-ZC2",55842681537,"GJGW-QM6","Female"
"LZ61-F76",55842681538,"LZ19-924","Male"
"LZ61-F76",55842681539,"GL5F-YH1","Female"
"GGWK-PPB",55842681600,"GGW2-C6R","Male"
"GGWK-PPB",55842681601,"GG4S-L5P","Female"
"G7LK-P3T",55842681608,"G7LK-4WM","Male"
"G7LK-P3T",55842681609,"GW4S-SJK","Female"
"GH1Y-JYY",55842681664,"LR3T-3QV","Male"
"GH1Y-JYY",55842681665,"LY8X-J9P","Female"
"KFFD-W9R",55842681680,"G2XB-VJQ","Male"
"KFFD-W9R",55842681681,"GHSV-NM4","Female"
"LDSS-LB3",55842681684,"2RY4-9Z9","Male"
"LDSS-LB3",55842681685,"MNTJ-2LR","Female"
"L5JM-54G",55842681686,"GZ5R-Y9N","Male"
"L5JM-54G",55842681687,"GXDS-K6L","Female"
"L8BY-3VJ",55842681688,"L8YY-PP2","Male"
"L8BY-3VJ",55842681689,"LT5Z-556","Female"
"94BP-X4Z",55842681690,"LBGF-H83","Male"
"94BP-X4Z",55842681691,"LZ56-WY6","Female"
"L8YY-5HK",55842681692,"9CXC-B7Y","Male"
"L8YY-5HK",55842681693,"LZBY-TS8","Female"
"L8WB-D2Z",55842681694,"GK9Q-S8F","Male"
"L8WB-D2Z",55842681695,"GK85-LHZ","Female"
"LD3S-HB7",55842681696,"LZN5-Q53","Male"
"LD3S-HB7",55842681697,"G2XB-DKZ","Female"
"LTYC-DNP",55842681698,"LZ19-924","Male"
"LTYC-DNP",55842681699,"GL5F-YH1","Female"
"LVMH-1XQ",55842681700,"LKDQ-9H8","Male"
"LVMH-1XQ",55842681701,"27P5-QDR","Female"
"9CCJ-FTY",55842681702,"G9JM-FD8","Male"
"9CCJ-FTY",55842681703,"L6ZX-V42","Female"
"K2NJ-ZYG",55842681708,"KF5H-44Z","Male"
"K2NJ-ZYG",55842681709,"9CW5-VNG","Female"
"9CCY-2J4",55842681704,"LFTZ-KSX","Male"
"9CCY-2J4",55842681705,"LD29-51J","Female"
"G21Y-C9F",55842681706,"LTFG-ZR8","Male"
"G21Y-C9F",55842681707,"99HN-W8M","Female"
"LR9B-N7S",55842681716,"LRSM-TWG","Male"
"9HYQ-M4G",55842681728,"G7XJ-1LY","Male"
"9HYQ-M4G",55842681729,"GL2J-F24","Female"
"GJGW-QM6",55842681730,"GGL4-859","Male"
"GJGW-QM6",55842681731,"GGL4-6DG","Female"
"LZ19-924",55842681732,"LZF6-M94","Male"
"LZ19-924",55842681733,"GWW8-LWR","Female"
"GL5F-YH1",55842681734,"GGHH-9CK","Male"
"GL5F-YH1",55842681735,"GGHH-4HZ","Female"
"L18B-R3G",55842681856,"G2TZ-96Y","Male"
"L18B-R3G",55842681857,"G2T8-97Z","Female"
"KDQH-DJG",55842681858,"L1DD-JMP","Male"
"KDQH-DJG",55842681859,"9WY9-HRJ","Female"
"LD9R-5G3",55842681860,"LD9R-RCZ","Male"
"LD9R-5G3",55842681861,"MBWQ-SF3","Female"
"M897-QTS",55842681862,"L1R3-QH7","Male"
"M897-QTS",55842681863,"M33Z-FHV","Female"
"LD9P-Q15",55842681984,"LTZK-Z7P","Male"
"LD9P-Q15",55842681985,"2MRF-VW3","Female"
"GCXR-Q7Y",55842681986,"GCQF-99Z","Male"
"GCXR-Q7Y",55842681987,"GJ5H-JTS","Female"
"GHG7-6YR",55842681988,"G6RZ-NN1","Male"
"GHG7-6YR",55842681989,"GHG7-FJ5","Female"
"G286-WNT",55842681990,"LY6L-V13","Male"
"G286-WNT",55842681991,"GNGL-ZP4","Female"
"G8D1-62Y",55842681992,"M6BM-GL3","Male"
"G8D1-62Y",55842681993,"L228-6GM","Female"
"G6TZ-Q2F",55842681994,"GQ8L-DWS","Male"
"LKZR-Q7G",55842682000,"G4BC-NRY","Male"
"LKZR-Q7G",55842682001,"GHG9-Y23","Female"
"LCZD-G2Y",55842682002,"G242-XCP","Male"
"LCZD-G2Y",55842682003,"G2L3-V7G","Female"
"LHVB-FND",55842682008,"LHVB-FK7","Male"
"LHVB-FND",55842682009,"GGVT-111","Female"
"9HPW-TQ9",55842682016,"LZRW-Z12","Male"
"9HPW-TQ9",55842682017,"94Y9-R1P","Female"
"LRSD-74X",55842682018,"9MWT-XX2","Male"
"G6RT-HRZ",55842682020,"GD85-2SN","Male"
"G6RT-HRZ",55842682021,"GG86-CZN","Female"
"9VGN-TK6",55842682024,"G6R8-9H9","Male"
"9VGN-TK6",55842682025,"GZG1-DKF","Female"
"MM54-99C",55842682026,"LCDM-N61","Male"
"MM54-99C",55842682027,"GQ7J-KFG","Female"
"GJKD-W1Z",55842682028,"GG86-WMJ","Male"
"GJKD-W1Z",55842682029,"GG86-CZN","Female"
"LVKZ-LMH",55842682030,"9CZM-HK2","Male"
"LVKZ-LMH",55842682031,"LTVB-BQ6","Female"
"GNT4-LY5",55842682048,"LZZK-7QX","Male"
"GNT4-LY5",55842682049,"9SR5-6SR","Female"
"GDL9-6NN",55842682050,"G8D1-62Y","Male"
"GDL9-6NN",55842682051,"GCXR-Q7Y","Female"
"LTK3-8VH",55842682052,"LD9P-Q15","Male"
"LTK3-8VH",55842682053,"LKDQ-86Y","Female"
"GHMC-S6W",55842682054,"GNK2-CCY","Male"
"LHTX-J4Y",55842682060,"LH68-32D","Male"
"G34F-HFB",55842682062,"G95P-96W","Male"
"GW1V-6D9",55842682064,"GW1J-L9F","Male"
"LDHB-RRD",55842682208,"9HTX-2CD","Male"
"LDHB-RRD",55842682209,"L83J-4S6","Female"
"GKVP-QMK",55842682210,"LDHS-Z3V","Male"
"GKVP-QMK",55842682211,"LZGK-ZV2","Female"
"9SJJ-97N",55842682216,"GGG7-Q5M","Male"
"9SJJ-97N",55842682217,"GZL1-BTV","Female"
"LZJG-K5N",55842682218,"KX2S-NWF","Male"
"LZJG-K5N",55842682219,"L7GV-KKS","Female"
"LJ2H-W3S",55842682220,"GD74-RRH","Male"
"LJ2H-W3S",55842682221,"GJ5M-BKM","Female"
"LZ2S-DKM",55842682222,"28YJ-Z4N","Male"
"LZ2S-DKM",55842682223,"GGGT-9MX","Female"
"GJ2V-WRY",55842682224,"G233-LXN","Male"
"GJ2V-WRY",55842682225,"GGWK-NT3","Female"
"LD9P-MFB",55842682228,"GC7G-R6L","Male"
"LD9P-MFB",55842682229,"GC7P-77S","Female"
"KNQ6-9ZF",55842682245,"GGM3-KZW","Female"
"LDS9-GTK",55842682248,"9HTX-2CD","Male"
"LDS9-GTK",55842682249,"G39Q-HBK","Female"
"GMN3-7TX",55842682250,"L7LR-RWX","Male"
"GMN3-7TX",55842682251,"GKGZ-365","Female"
"LT83-QKS",55842682264,"GZ2L-M6L","Male"
"LT83-QKS",55842682265,"LBTR-BTW","Female"
"GDG2-NJC",55842682266,"G6RN-4Y7","Male"
"GDG2-NJC",55842682267,"GFPT-S5P","Female"
"G9M5-FF1",55842682268,"LY9D-2F8","Male"
"G9M5-FF1",55842682269,"L28D-TJH","Female"
"GN9F-M6Q",55842682270,"GJTS-3TP","Male"
"GN9F-M6Q",55842682271,"GN15-LRT","Female"
"GLTH-SF8",55842682276,"GGKB-FBC","Male"
"GLTH-SF8",55842682277,"GKK9-K98","Female"
"GNBX-9JC",55842682288,"GKCC-1KD","Male"
"GNBX-9JC",55842682289,"G2KS-LP1","Female"
"GFC6-D1X",55842682290,"GGRW-3PW","Male"
"GFC6-D1X",55842682291,"LXSK-QX8","Female"
"GD7G-BVP",55842682292,"GMF5-BSR","Male"
"GD7G-BVP",55842682293,"L1WB-PZW","Female"
"9HG1-CKS",55842682294,"L1W8-W7S","Male"
"9MH5-2Q7",55842682296,"GD7W-JS7","Male"
"9MH5-2Q7",55842682297,"GD7W-NSX","Female"
"M1W5-BFF",55842682300,"9376-JCH","Male"
"M1W5-BFF",55842682301,"9HVH-9GD","Female"
"9CW5-JNL",55842682302,"GG3M-7JP","Male"
"9CW5-JNL",55842682303,"GG3M-7PG","Female"
"GMF5-BSR",55842682304,"GLFD-7MD","Male"
"GMF5-BSR",55842682305,"GGFH-MVX","Female"
"L1WB-PZW",55842682306,"9HTX-2CD","Male"
"L1WB-PZW",55842682307,"L83J-4S6","Female"
"9H27-6Y3",55842682308,"G6LZ-TWJ","Male"
"MWBC-XS5",55842682310,"9ZHQ-5GQ","Male"
"MWBC-XS5",55842682311,"G6R2-BDM","Female"
"LY9D-2F8",55842682368,"LCJD-VX6","Male"
"LY9D-2F8",55842682369,"LD9R-RKH","Female"
"L28D-TJH",55842682370,"9WMP-NNQ","Male"
"L28D-TJH",55842682371,"945D-J9Y","Female"
"GJTS-3TP",55842682372,"GZ8X-GV2","Male"
"GJTS-3TP",55842682373,"G6ZP-B73","Female"
"KDQW-JTJ",55842682376,"9HTX-2CD","Male"
"KDQW-JTJ",55842682377,"G39Q-HBK","Female"
"LDS9-GGV",55842682378,"LZGK-GZB","Male"
"LDS9-GGV",55842682379,"MXKR-J9R","Female"
"G7NH-CM4",55842682384,"G215-NYD","Male"
"G7NH-CM4",55842682385,"GG1F-HTT","Female"
"GLL2-BZV",55842682409,"G8W1-V4X","Female"
"GC4V-KPG",55842682412,"G891-N1Z","Male"
"GC4V-KPG",55842682413,"G3YQ-19T","Female"
"L175-67M",55842682414,"GGKJ-Z1T","Male"
"L175-67M",55842682415,"KL6C-XQV","Female"
"K84R-TMS",55842682416,"LDHB-RRD","Male"
"K84R-TMS",55842682417,"GKVP-QMK","Female"
"LTF2-JTC",55842682420,"9SJJ-97N","Male"
"LTF2-JTC",55842682421,"LZJG-K5N","Female"
"LKNM-HR3",55842682422,"LJ2H-W3S","Male"
"LKNM-HR3",55842682423,"LZ2S-DKM","Female"
"L1QD-DXV",55842682424,"GJ2V-WRY","Male"
"L1QD-DXV",55842682425,"G2CN-HW6","Female"
"LD9P-M8N",55842682426,"LD9P-MFB","Male"
"LD9P-M8N",55842682427,"LH6C-VKZ","Female"
"GNSH-WMX",55842682448,"G7NH-CM4","Male"
"GNSH-WMX",55842682449,"G215-VM8","Female"
"K84R-TMS",55842682456,"LDHB-RRD","Male"
"K84R-TMS",55842682457,"GKVP-QMK","Female"
"LTF2-JTC",55842682460,"9SJJ-97N","Male"
"LTF2-JTC",55842682461,"LZJG-K5N","Female"
"LKNM-HR3",55842682462,"LJ2H-W3S","Male"
"LKNM-HR3",55842682463,"LZ2S-DKM","Female"
"GLL2-BZV",55842682473,"G8W1-V4X","Female"
"GC4V-KPG",55842682476,"G891-N1Z","Male"
"GC4V-KPG",55842682477,"G3YQ-19T","Female"
"L175-67M",55842682478,"GGKJ-Z1T","Male"
"L175-67M",55842682479,"KL6C-XQV","Female"
"K84R-TMS",55842682480,"LDHB-RRD","Male"
"K84R-TMS",55842682481,"GKVP-QMK","Female"
"LTF2-JTC",55842682484,"9SJJ-97N","Male"
"LTF2-JTC",55842682485,"LZJG-K5N","Female"
"LKNM-HR3",55842682486,"LJ2H-W3S","Male"
"LKNM-HR3",55842682487,"LZ2S-DKM","Female"
"L1QD-DXV",55842682488,"GJ2V-WRY","Male"
"L1QD-DXV",55842682489,"G2CN-HW6","Female"
"LD9P-M8N",55842682490,"LD9P-MFB","Male"
"LD9P-M8N",55842682491,"LH6C-VKZ","Female"
"LDHB-RRD",55842682496,"9HTX-2CD","Male"
"LDHB-RRD",55842682497,"L83J-4S6","Female"
"GKVP-QMK",55842682498,"LDHS-Z3V","Male"
"GKVP-QMK",55842682499,"LZGK-ZV2","Female"
"9SJJ-97N",55842682504,"GGG7-Q5M","Male"
"9SJJ-97N",55842682505,"GZL1-BTV","Female"
"LZJG-K5N",55842682506,"KX2S-NWF","Male"
"LZJG-K5N",55842682507,"L7GV-KKS","Female"
"LJ2H-W3S",55842682508,"GD74-RRH","Male"
"LJ2H-W3S",55842682509,"GJ5M-BKM","Female"
"LZ2S-DKM",55842682510,"28YJ-Z4N","Male"
"LZ2S-DKM",55842682511,"GGGT-9MX","Female"
"GJ2V-WRY",55842682512,"G233-LXN","Male"
"GJ2V-WRY",55842682513,"GGWK-NT3","Female"
"LD9P-MFB",55842682516,"GC7G-R6L","Male"
"LD9P-MFB",55842682517,"GC7P-77S","Female"
"L1WT-FRN",55842682528,"GZRK-SFB","Male"
"L1WT-FRN",55842682529,"GVSP-WS2","Female"
"L1WY-QMZ",55842682530,"GHKB-C3J","Male"
"L1WY-QMZ",55842682531,"L5DR-KL8","Female"
"LB5R-TH8",55842682532,"KDQW-JTJ","Male"
"LB5R-TH8",55842682533,"LDS9-GGV","Female"
"LDHQ-P5F",55842682534,"LD9R-RB7","Male"
"LDHQ-P5F",55842682535,"LDSS-6H5","Female"
"LBJ9-GZ4",55842682536,"9ZH7-GMD","Male"
"LBJ9-GZ4",55842682537,"MBYH-395","Female"
"KZPP-B68",55842682538,"G7ZN-5DF","Male"
"L18B-R3G",55842682540,"G2TZ-96Y","Male"
"L18B-R3G",55842682541,"G2T8-97Z","Female"
"KDQH-DJG",55842682542,"L1DD-JMP","Male"
"KDQH-DJG",55842682543,"9WY9-HRJ","Female"
"GQRQ-G6B",55842682560,"GQRQ-K79","Male"
"GQRQ-G6B",55842682561,"GGVR-MY2","Female"
"GGSV-LFL",55842682624,"GGZD-RQR","Male"
"GGSV-LFL",55842682625,"GL9M-YXL","Female"
"G7YH-3GJ",55842682640,"GV4P-VY5","Male"
"G7YH-3GJ",55842682641,"GGJD-JSR","Female"
"GC45-DB8",55842682642,"GZRK-SFB","Male"
"GC45-DB8",55842682643,"GVSP-WS2","Female"
"GLL2-BZV",55842682665,"G8W1-V4X","Female"
"GC4V-KPG",55842682668,"G891-N1Z","Male"
"GC4V-KPG",55842682669,"G3YQ-19T","Female"
"L175-67M",55842682670,"GGKJ-Z1T","Male"
"L175-67M",55842682671,"KL6C-XQV","Female"
"K84R-TMS",55842682672,"LDHB-RRD","Male"
"K84R-TMS",55842682673,"GKVP-QMK","Female"
"LTF2-JTC",55842682676,"9SJJ-97N","Male"
"LTF2-JTC",55842682677,"LZJG-K5N","Female"
"LKNM-HR3",55842682678,"LJ2H-W3S","Male"
"LKNM-HR3",55842682679,"LZ2S-DKM","Female"
"L1QD-DXV",55842682680,"GJ2V-WRY","Male"
"L1QD-DXV",55842682681,"G2CN-HW6","Female"
"LD9P-M8N",55842682682,"LD9P-MFB","Male"
"LD9P-M8N",55842682683,"LH6C-VKZ","Female"
"9C32-7PC",55842682688,"G7YH-3GJ","Male"
"9C32-7PC",55842682689,"GC45-DB8","Female"
"93LF-J1V",55842682692,"L1HZ-WR2","Male"
"93LF-J1V",55842682693,"MDWC-L73","Female"
"931M-DSZ",55842682694,"KFLG-12B","Male"
"931M-DSZ",55842682695,"M5YG-GGX","Female"
"LDSS-8WS",55842682696,"L7LT-X1D","Male"
"9ZCG-R7L",55842682698,"KZPV-BQM","Male"
"9ZCG-R7L",55842682699,"GG81-W5D","Female"
"LRHH-9JN",55842682700,"M1VS-25N","Male"
"LRHH-9JN",55842682701,"LDSS-KHY","Female"
"LZGK-6BD",55842682702,"LZGQ-LJX","Male"
"LZGK-6BD",55842682703,"GG5V-KXG","Female"
"LM1H-8JF",55842682704,"GL9R-YL9","Male"
"LM1H-8JF",55842682705,"LDHQ-P5F","Female"
"LBDD-T2H",55842682706,"G2G5-WJR","Male"
"LBDD-T2H",55842682707,"G2G5-FT5","Female"
"LYJ2-TZG",55842682708,"LBX8-DDN","Male"
"LYJ2-TZG",55842682709,"LDW2-4JB","Female"
"LYJ2-LF5",55842682710,"M1S9-5V6","Male"
"G95M-WZ9",55842682712,"G6RG-6XQ","Male"
"G95M-WZ9",55842682713,"GKNC-F3X","Female"
"9V7R-KN5",55842682714,"GLXF-42Z","Male"
"9V7R-KN5",55842682715,"GLXF-CH3","Female"
"LDW2-QX1",55842682716,"LH7S-18K","Male"
"LDW2-QX1",55842682717,"LDSV-5Q1","Female"
"99Y7-MCD",55842682720,"KN8N-WHW","Male"
"99Y7-MCD",55842682721,"9SYL-S5H","Female"
"LBKM-9MP",55842682722,"G67W-G57","Male"
"LBKM-9MP",55842682723,"MZHC-RBM","Female"
"L1QG-G8M",55842682724,"LDFZ-8Q1","Male"
"L1QG-G8M",55842682725,"LHPZ-VGH","Female"
"LDW5-66P",55842682728,"LD9R-RB7","Male"
"LDW5-66P",55842682729,"LDSS-6H5","Female"
"LDW5-623",55842682730,"LDMT-HMZ","Male"
"LDW5-623",55842682731,"LD91-ST3","Female"
"KCXK-S69",55842682732,"L8MB-ZMK","Male"
"KCXK-S69",55842682733,"MB1Q-ZWW","Female"
"GJR2-7VD",55842682734,"LDMT-W6R","Male"
"GJR2-7VD",55842682735,"LT83-H6M","Female"
"MKKN-R3H",55842682736,"GG5Y-858","Male"
"9Q6D-L88",55842682738,"GKPX-TG7","Male"
"9Q6D-L88",55842682739,"GN4Z-XZP","Female"
"K417-PHT",55842682740,"LTTZ-YL8","Male"
"K417-PHT",55842682741,"LYSG-SY9","Female"
"9S3D-N8F",55842682742,"9C32-7PC","Male"
"9S3D-N8F",55842682743,"M5YG-GGX","Female"
"G2P3-DZN",55842682880,"KFK5-ZL5","Male"
"G2P3-DZN",55842682881,"LBCC-DW3","Female"
"LZS9-ZC2",55842683104,"9HYQ-M4G","Male"
"LZS9-ZC2",55842683105,"GJGW-QM6","Female"
"LZ61-F76",55842683106,"LZ19-924","Male"
"LZ61-F76",55842683107,"GL5F-YH1","Female"
"LZS9-ZC2",55842683108,"9HYQ-M4G","Male"
"LZS9-ZC2",55842683109,"GJGW-QM6","Female"
"LZ61-F76",55842683110,"LZ19-924","Male"
"LZ61-F76",55842683111,"GL5F-YH1","Female"
"LRFW-FFD",55842683112,"LTFG-ZR8","Male"
"LRFW-FFD",55842683113,"99HN-W8M","Female"
"GDQ1-93V",55842683114,"GX4S-B53","Male"
"GDQ1-93V",55842683115,"GVLD-N4D","Female"
"LZS9-ZC2",55842683120,"9HYQ-M4G","Male"
"LZS9-ZC2",55842683121,"GJGW-QM6","Female"
"LZ61-F76",55842683122,"LZ19-924","Male"
"LZ61-F76",55842683123,"GL5F-YH1","Female"
"LRFW-FFD",55842683128,"LTFG-ZR8","Male"
"LRFW-FFD",55842683129,"99HN-W8M","Female"
"GDQ1-93V",55842683130,"GX4S-B53","Male"
"GDQ1-93V",55842683131,"GVLD-N4D","Female"
"GD86-GBD",55842683264,"G2P3-DZN","Male"
"GD86-GBD",55842683265,"G2P3-7W5","Female"
"GQRQ-LYV",55842683360,"GQRQ-G6B","Male"
"GQRQ-LYV",55842683361,"GGVR-2KC","Female"
"G6TY-2YB",55842683362,"GXCR-NTD","Male"
"G6TY-2YB",55842683363,"GXCR-22N","Female"
"GHT6-GVY",55842683392,"GHT6-BFP","Male"
"GHT6-GVY",55842683393,"GKPN-1MY","Female"
"GHT6-GVY",55842683408,"GHT6-BFP","Male"
"GHT6-GVY",55842683409,"GKPN-1MY","Female"
"GQRQ-LYV",55842683488,"GQRQ-G6B","Male"
"GQRQ-LYV",55842683489,"GGVR-2KC","Female"
"G6TY-2YB",55842683490,"GXCR-NTD","Male"
"G6TY-2YB",55842683491,"GXCR-22N","Female"
"GQP1-SWH",55842683552,"GJV1-2WG","Male"
"GQP1-SWH",55842683553,"2BH6-ZWG","Female"
"GQ5M-6ZQ",55842683554,"GKBL-HC7","Male"
"KN4J-P1M",55842683584,"K8D7-F5D","Male"
"KN4J-P1M",55842683585,"L8MB-CYC","Female"
"L8M6-YW7",55842683586,"LDZ2-8G7","Male"
"L8M6-YW7",55842683587,"LY6V-8G3","Female"
"9SZ7-ST1",55842683588,"L4S5-G86","Male"
"9SZ7-ST1",55842683589,"9HYH-BLK","Female"
"GLFN-R55",55842683590,"GDG8-GMK","Male"
"GLFN-R55",55842683591,"GXT8-RQB","Female"
"G652-89H",55842683616,"LDSS-8LB","Male"
"G652-89H",55842683617,"G2RP-CG1","Female"
"GQJ4-YYT",55842683618,"GKZZ-9SN","Male"
"GQJ4-YYT",55842683619,"GLND-D3K","Female"
"G78W-VCW",55842683620,"GXB3-LRB","Male"
"G78W-VCW",55842683621,"G2N1-CGQ","Female"
"MM93-ND3",55842683622,"GLB1-ZRJ","Male"
"LDW5-66P",55842683624,"LD9R-RB7","Male"
"LDW5-66P",55842683625,"LDSS-6H5","Female"
"LDW5-623",55842683626,"LDMT-HMZ","Male"
"LDW5-623",55842683627,"LD91-ST3","Female"
"KCXK-S69",55842683628,"L8MB-ZMK","Male"
"KCXK-S69",55842683629,"MB1Q-ZWW","Female"
"GJR2-7VD",55842683630,"LDMT-W6R","Male"
"GJR2-7VD",55842683631,"LT83-H6M","Female"
"L4XX-97T",55842683632,"GJXT-WPH","Male"
"L4XX-97T",55842683633,"G2NZ-FN6","Female"
"GJJR-73S",55842683648,"KCGK-GCQ","Male"
"GJJR-73S",55842683649,"L119-JCF","Female"
"GGWK-6T8",55842684928,"GGW2-BY7","Male"
"GGWK-6T8",55842684929,"GG4S-KWP","Female"
"9VGN-TK6",55842685184,"G6R8-9H9","Male"
"9VGN-TK6",55842685185,"GZG1-DKF","Female"
"MM54-99C",55842685186,"LCDM-N61","Male"
"MM54-99C",55842685187,"GQ7J-KFG","Female"
"LBWD-HPQ",55842685188,"9H8J-5KM","Male"
"LBWD-HPQ",55842685189,"LRSM-RGQ","Female"
"9C9Z-CSF",55842685248,"99ZG-BB8","Male"
"9C9Z-CSF",55842685249,"9ZCB-R9Q","Female"
"GZ5R-1T8",55842685264,"GKZ8-85S","Male"
"GZ5R-1T8",55842685265,"GFH6-ZJX","Female"
"GX85-9B7",55842685268,"GKZZ-BM2","Male"
"GX85-9B7",55842685269,"GKZ8-9TT","Female"
"GKZ8-9CY",55842685270,"G6GS-QC2","Male"
"GKZ8-9CY",55842685271,"G6GS-7BX","Female"
"GXDG-BZQ",55842685276,"G8B4-STW","Male"
"GXDG-BZQ",55842685277,"GJYQ-8L5","Female"
"GZ6V-343",55842685278,"L22D-WT1","Male"
"GZ6V-343",55842685279,"GF82-JXY","Female"
"LCN5-99B",55842685280,"935Z-J1R","Male"
"LCN5-99B",55842685281,"GWS8-4DQ","Female"
"LYNX-745",55842685282,"LTZX-XK7","Male"
"LYNX-745",55842685283,"GNWQ-J48","Female"
"GS83-FSL",55842685284,"L5YX-LDH","Male"
"GS83-FSL",55842685285,"9CXC-BF5","Female"
"LRQD-FS2",55842685288,"L5P9-K8Y","Male"
"LRQD-FS2",55842685289,"L5VF-CSX","Female"
"L5VF-6MD",55842685290,"9HSR-ZJB","Male"
"L5VF-6MD",55842685291,"LX7M-45D","Female"
"L1WS-BMM",55842685296,"9Z8D-595","Male"
"L1WS-BMM",55842685297,"LDMS-21W","Female"
"LDMN-PWB",55842685300,"LHY9-RBR","Male"
"LDMN-PWB",55842685301,"946P-N11","Female"
"2NBQ-FP2",55842685302,"LDMN-5Y4","Male"
"2NBQ-FP2",55842685303,"GX7F-XSZ","Female"
"L81Y-9GD",55842685304,"G2DJ-RBG","Male"
"L81Y-9GD",55842685305,"LT6L-TT2","Female"
"LB2S-PWM",55842685306,"LB72-FTT","Male"
"LB2S-PWM",55842685307,"LCRK-52L","Female"
"21RP-8TN",55842685312,"LWXR-413","Male"
"21RP-8TN",55842685313,"GGFT-YPT","Female"
"L8BM-ZN2",55842685314,"L6NQ-1X6","Male"
"L8BM-ZN2",55842685315,"GDX5-HMR","Female"
"GLVC-FM6",55842685316,"MBTZ-HGN","Male"
"LZF6-M94",55842685320,"KGSQ-35V","Male"
"LZF6-M94",55842685321,"GKZQ-S2R","Female"
"GWW8-LWR",55842685322,"9ZHZ-89Q","Male"
"GWW8-LWR",55842685323,"G8L4-56J","Female"
"LKKN-F47",55842685328,"G39W-RKF","Male"
"LKKN-F47",55842685329,"GMCF-Y2H","Female"
"G2DV-W2D",55842685332,"MGJH-2F3","Male"
"L2NY-ZGC",55842685334,"G6Z7-BBW","Male"
"L2NY-ZGC",55842685335,"G6Z7-Y8Q","Female"
"KFYT-G84",55842685336,"KFFD-W9R","Male"
"KFYT-G84",55842685337,"G6CX-Z3P","Female"
"LDSS-LKR",55842685338,"LDSS-LB3","Male"
"LDSS-LKR",55842685339,"L5JM-54G","Female"
"GVB1-LW9",55842685340,"G8ZS-FNR","Male"
"GVB1-LW9",55842685341,"GD97-2CP","Female"
"M8H1-KRN",55842685342,"LTFG-ZR8","Male"
"M8H1-KRN",55842685343,"99HN-W8M","Female"
"L4NY-WX6",55842685360,"99PS-B45","Male"
"L4NY-WX6",55842685361,"GVSD-T93","Female"
"LDSS-LKR",55842685362,"LDSS-LB3","Male"
"LDSS-LKR",55842685363,"L5JM-54G","Female"
"L8YY-5HK",55842685364,"9CXC-B7Y","Male"
"L8YY-5HK",55842685365,"LZBY-TS8","Female"
"GX26-56G",55842685366,"GKZC-1HR","Male"
"GX26-56G",55842685367,"GKZZ-P2W","Female"
"LTFG-ZR8",55842685348,"GDFJ-TC8","Male"
"LTFG-ZR8",55842685349,"G2XB-KHW","Female"
"99HN-W8M",55842685350,"MQ6Y-DJR","Male"
"99HN-W8M",55842685351,"LHR1-9SN","Female"
"GDFJ-TC8",55842685352,"9CS2-F59","Male"
"GDFJ-TC8",55842685353,"GGM8-4Z7","Female"
"G2XB-KHW",55842685354,"9W46-QD7","Male"
"G2XB-KHW",55842685355,"LRBL-B6T","Female"
"MQ6Y-DJR",55842685356,"MYW1-TBC","Male"
"MQ6Y-DJR",55842685357,"G6J8-FMV","Female"
"LHR1-9SN",55842685358,"9CS2-F59","Male"
"LHR1-9SN",55842685359,"GGM8-4Z7","Female"
"L6NQ-1X6",55842685440,"GNXF-WG7","Male"
"L6NQ-1X6",55842685441,"GGQ4-41T","Female"
"GDX5-HMR",55842685442,"949D-P6W","Male"
"GDX5-HMR",55842685443,"GDY4-Z39","Female"
"KGSQ-35V",55842685456,"L1H5-9N6","Male"
"KGSQ-35V",55842685457,"G2LB-R53","Female"
"9ZHZ-89Q",55842685460,"9C3G-QBG","Male"
"9ZHZ-89Q",55842685461,"GKZQ-BG1","Female"
"G8L4-56J",55842685462,"L7T5-PSJ","Male"
"G8L4-56J",55842685463,"LHQP-B81","Female"
"L1SL-2HR",55842685968,"L1ZH-YYR","Male"
"LZF6-M94",55842685972,"KGSQ-35V","Male"
"LZF6-M94",55842685973,"GKZQ-S2R","Female"
"2RBY-DVZ",55842685976,"2RBY-DV6","Male"
"2RBY-DVZ",55842685977,"2R66-L8J","Female"
"LVMF-2YH",55842685984,"GG7D-MRS","Male"
"LVMF-2YH",55842685985,"GG78-1G9","Female"
"GH4Y-2HC",55842685986,"9HT1-TZH","Male"
"GH4Y-2HC",55842685987,"G6ZK-D3J","Female"
"LCQX-XJS",55842685988,"G27L-LWB","Male"
"L1MT-HC1",55842685992,"L134-D1P","Male"
"L1MT-HC1",55842685993,"L8YY-R1N","Female"
"GVGZ-DCK",55842685994,"LDQ1-RBN","Male"
"GVGZ-DCK",55842685995,"GVN6-YQL","Female"
"9HTX-2CD",55842686352,"9HRG-JDL","Male"
"9HTX-2CD",55842686353,"LDH1-G9D","Female"
"G39Q-HBK",55842686354,"KX2S-NWF","Male"
"G39Q-HBK",55842686355,"L7GV-KKS","Female"
"L7LR-RWX",55842686356,"GVR7-Q43","Male"
"L7LR-RWX",55842686357,"L2DV-WS5","Female"
"LBTR-BTW",55842686386,"LZK3-LK2","Male"
"LBTR-BTW",55842686387,"M185-RW3","Female"
"G6RN-4Y7",55842686388,"G6DZ-JKF","Male"
"G6RN-4Y7",55842686389,"G6D8-388","Female"
"GFPT-S5P",55842686390,"GZ8X-GV2","Male"
"GFPT-S5P",55842686391,"G6ZP-B73","Female"
"LY9D-2F8",55842686392,"LCJD-VX6","Male"
"LY9D-2F8",55842686393,"LD9R-RKH","Female"
"L28D-TJH",55842686394,"9WMP-NNQ","Male"
"L28D-TJH",55842686395,"945D-J9Y","Female"
"GJTS-3TP",55842686396,"GZ8X-GV2","Male"
"GJTS-3TP",55842686397,"G6ZP-B73","Female"
"9HYQ-M4G",55842686592,"G7XJ-1LY","Male"
"9HYQ-M4G",55842686593,"GL2J-F24","Female"
"GJGW-QM6",55842686594,"GGL4-859","Male"
"GJGW-QM6",55842686595,"GGL4-6DG","Female"
"LZ19-924",55842686596,"LZF6-M94","Male"
"LZ19-924",55842686597,"GWW8-LWR","Female"
"GL5F-YH1",55842686598,"GGHH-9CK","Male"
"GL5F-YH1",55842686599,"GGHH-4HZ","Female"
"L8RR-4KG",55842686600,"L8WY-72D","Male"
"L8RR-4KG",55842686601,"GZBB-BMJ","Female"
"99QT-MCB",55842686602,"LDSS-KBB","Male"
"99QT-MCB",55842686603,"GLZ3-DZS","Female"
"G792-Y4T",55842686612,"GZ9Q-17G","Male"
"GK5F-4LY",55842686614,"GK5F-8MJ","Male"
"GK5F-4LY",55842686615,"GQ2G-ZP8","Female"
"G7XJ-1LY",55842686720,"L6NQ-1X6","Male"
"G7XJ-1LY",55842686721,"GDX5-HMR","Female"
"LZF6-M94",55842686728,"KGSQ-35V","Male"
"LZF6-M94",55842686729,"GKZQ-S2R","Female"
"GWW8-LWR",55842686730,"9ZHZ-89Q","Male"
"GWW8-LWR",55842686731,"G8L4-56J","Female"
"938W-39J",55842686752,"LCBD-GVR","Male"
"938W-39J",55842686753,"LCB8-2VX","Female"
"9W89-MK6",55842686754,"L8MB-ZF7","Male"
"9W89-MK6",55842686755,"L83F-5Z6","Female"
"LYXW-BQK",55842686756,"G791-PCN","Male"
"L8YY-PP2",55842686768,"LCN5-99B","Male"
"L8YY-PP2",55842686769,"LYNX-745","Female"
"LT5Z-556",55842686770,"GS83-FSL","Male"
"LT5Z-556",55842686771,"GL79-7R2","Female"
"LBGF-H83",55842686772,"LRQD-FS2","Male"
"LBGF-H83",55842686773,"L5VF-6MD","Female"
"LZ56-WY6",55842686774,"GJSD-GLT","Male"
"LZ56-WY6",55842686775,"GVMD-TBD","Female"
"9CXC-B7Y",55842686776,"L1WS-BMM","Male"
"9CXC-B7Y",55842686777,"9Z8D-P68","Female"
"LZBY-TS8",55842686778,"LDMN-PWB","Male"
"LZBY-TS8",55842686779,"2NBQ-FP2","Female"
"GK9Q-S8F",55842686780,"L81Y-9GD","Male"
"GK9Q-S8F",55842686781,"LB2S-PWM","Female"
"L8WY-72D",55842686800,"GK25-3JB","Male"
"L8WY-72D",55842686801,"GV4D-MFG","Female"
"LDSS-KBB",55842686804,"GKQ6-ZVV","Male"
"LDSS-KBB",55842686805,"GGQN-PGD","Female"
"LDSS-288",55842686816,"GGKJ-Z1T","Male"
"LDSS-288",55842686817,"KL6C-XQV","Female"
"G6PK-MQW",55842686818,"GD5G-QGN","Male"
"G6PK-MQW",55842686819,"GGJ8-YWG","Female"
"9WMP-NNQ",55842686820,"99PT-NTZ","Male"
"9WMP-NNQ",55842686821,"G98Z-6RZ","Female"
"945D-J9Y",55842686822,"LZ9M-HWG","Male"
"945D-J9Y",55842686823,"9M85-YGM","Female"
"LDSS-26H",55842686824,"9W7P-G88","Male"
"LDSS-26H",55842686825,"GLB2-PPV","Female"
"L6SC-CJF",55842686826,"LZVG-MCV","Male"
"L6SC-CJF",55842686827,"LQR5-6N2","Female"
"LZLQ-664",55842686828,"9S9W-MPL","Male"
"LZLQ-664",55842686829,"KFX1-BZD","Female"
"9HTX-2CD",55842686832,"9HRG-JDL","Male"
"9HTX-2CD",55842686833,"LDH1-G9D","Female"
"G39Q-HBK",55842686834,"KX2S-NWF","Male"
"G39Q-HBK",55842686835,"L7GV-KKS","Female"
"LZGK-GZB",55842686836,"LZ8D-9DK","Male"
"LZGK-GZB",55842686837,"GK9J-9XB","Female"
"MXKR-J9R",55842686838,"9QZD-J5R","Male"
"MXKR-J9R",55842686839,"L18P-6ZG","Female"
"GLBB-B7J",55842686848,"GQZM-VZS","Male"
"GKY2-HZS",55842686850,"G2CX-F3P","Male"
"GKY2-HZS",55842686851,"G2CX-M5V","Female"
"GMWX-WW1",55842686856,"GQZM-VZS","Male"
"LCRR-KM2",55842686912,"9H6Q-VVW","Male"
"LCRR-KM2",55842686913,"9HPT-832","Female"
"LDW5-JN2",55842686914,"9C72-WGJ","Male"
"LDW5-JN2",55842686915,"9CZV-2KJ","Female"
"LD9Y-C7T",55842686916,"9SJP-9TN","Male"
"LD9Y-C7T",55842686917,"LVDV-KPT","Female"
"LD9Y-CW9",55842686918,"LZDH-NFR","Male"
"LD9Y-CW9",55842686919,"LD9C-ZGZ","Female"
"94T6-749",55842686920,"GKZ8-PM1","Male"
"94T6-749",55842686921,"GMXZ-2CC","Female"
"GLLC-968",55842686922,"G8K3-VQ8","Male"
"GLLC-968",55842686923,"G9TH-6YX","Female"
"L1DW-Q5N",55842686924,"LY5W-N6P","Male"
"L1DW-Q5N",55842686925,"LHWS-BFW","Female"
"2781-6PP",55842686926,"GDB8-4V9","Male"
"2781-6PP",55842686927,"GVZM-RKC","Female"
"L8YY-PP2",55842686928,"LCN5-99B","Male"
"L8YY-PP2",55842686929,"LYNX-745","Female"
"LT5Z-556",55842686930,"GS83-FSL","Male"
"LT5Z-556",55842686931,"GL79-7R2","Female"
"LBGF-H83",55842686932,"LRQD-FS2","Male"
"LBGF-H83",55842686933,"L5VF-6MD","Female"
"LZ56-WY6",55842686934,"GJSD-GLT","Male"
"LZ56-WY6",55842686935,"GVMD-TBD","Female"
"9CXC-B7Y",55842686936,"L1WS-BMM","Male"
"9CXC-B7Y",55842686937,"9Z8D-P68","Female"
"LZBY-TS8",55842686938,"LDMN-PWB","Male"
"LZBY-TS8",55842686939,"2NBQ-FP2","Female"
"GK9Q-S8F",55842686940,"L81Y-9GD","Male"
"GK9Q-S8F",55842686941,"LB2S-PWM","Female"
"L8YY-PZ9",55842686944,"LBBB-4XS","Male"
"L8YY-PZ9",55842686945,"LDHS-6S3","Female"
"9H65-XXK",55842686946,"L8YY-PH5","Male"
"9H65-XXK",55842686947,"KFX1-BZD","Female"
"GVD8-NJ7",55842686950,"GPSX-XT1","Male"
"GVD8-NJ7",55842686951,"GPSX-KP8","Female"
"GGZQ-BP3",55842686952,"GZ44-VYR","Male"
"GGZQ-BP3",55842686953,"GKZ8-XPF","Female"
"GHNF-BYC",55842686954,"LTCX-SR2","Male"
"GHNF-BYC",55842686955,"GKZ8-XW3","Female"
"GN8V-37D",55842686958,"LB27-YWT","Male"
"GN8V-37D",55842686959,"GWZB-NNM","Female"
"LZLG-V3F",55842686960,"L7NG-DRP","Male"
"LZLG-V3F",55842686961,"LYTH-K3C","Female"
"LH6K-2BP",55842686962,"LTT6-YJQ","Male"
"LH6K-2BP",55842686963,"GV8X-JR1","Female"
"GJYM-TGG",55842686964,"29H4-2Y1","Male"
"GJYM-TGG",55842686965,"GKZ8-Q9M","Female"
"LBPM-PVV",55842686966,"G8W1-CJS","Male"
"LBPM-PVV",55842686967,"GKCC-J1G","Female"
"GQMM-WCR",55842686968,"GH7M-QSF","Male"
"GQMM-WCR",55842686969,"G4SP-ZYT","Female"
"L1JY-KRP",55842686974,"L1DW-Q5N","Male"
"L1JY-KRP",55842686975,"2781-6PP","Female"
"G33P-8RJ",55842686976,"GMNQ-S53","Male"
"G33P-8RJ",55842686977,"G446-CXT","Female"
"L5VR-15R",55842686978,"KJH3-QW1","Male"
"L5VR-15R",55842686979,"9CX7-BKX","Female"
"GGRG-55J",55842687040,"GQQL-CMR","Male"
"GGRG-55J",55842687041,"LVY4-BD2","Female"
"G6T8-C2Z",55842687042,"GDQ3-QW3","Male"
"G6T8-C2Z",55842687043,"GQM8-HZJ","Female"
"GFZL-5JC",55842687048,"GH76-6N5","Male"
"GFZL-5JC",55842687049,"G212-DM4","Female"
"LVGP-6ZS",55842687050,"GLSR-TNY","Male"
"LVGP-6ZS",55842687051,"G3ST-F4C","Female"
"KDQW-JTJ",55842687776,"9HTX-2CD","Male"
"KDQW-JTJ",55842687777,"G39Q-HBK","Female"
"LDS9-GGV",55842687778,"LZGK-GZB","Male"
"LDS9-GGV",55842687779,"MXKR-J9R","Female"
"L1DD-JMP",55842687780,"GG5W-TJ1","Male"
"L1DD-JMP",55842687781,"GG54-SDF","Female"
"9WY9-HRJ",55842687782,"LZ19-924","Male"
"LD95-VV6",55842687784,"LD95-VVH","Male"
"LD95-VV6",55842687785,"99SD-Z4Q","Female"
"9H2F-HV5",55842687786,"MBGG-7NP","Male"
"9H2F-HV5",55842687787,"LD9R-SHL","Female"
"LD9R-RB7",55842687788,"LD9R-RYR","Male"
"LD9R-RB7",55842687789,"M15L-V4Q","Female"
"LDSS-6H5",55842687790,"L133-HLP","Male"
"LDSS-6H5",55842687791,"KH8N-T92","Female"
"GLB6-MQV",55842687872,"GLBD-RNZ","Male"
"GLB6-MQV",55842687873,"GLBX-KJJ","Female"
"GMNX-JGH",55842687876,"G9WK-ZB3","Male"
"GMNX-JGH",55842687877,"GHS6-1TP","Female"
"L2SF-BXZ",55842687878,"L1Q3-L7Z","Male"
"L2SF-BXZ",55842687879,"2R66-L8T","Female"
"9376-JCH",55842687880,"KNW5-CM9","Male"
"9376-JCH",55842687881,"LCRM-5HJ","Female"
"9HVH-9GD",55842687882,"LHW9-VZ4","Male"
"9HVH-9GD",55842687883,"GKKW-24R","Female"
"GDLZ-FG2",55842687920,"GLBB-NNX","Male"
"GD65-2F2",55842687968,"G2RV-DFJ","Male"
"GD65-2F2",55842687969,"G2RJ-1WJ","Female"
"KNSN-3NT",55842687970,"KNQ6-9ZF","Male"
"LT8Q-95L",55842687972,"LDS9-GTK","Male"
"LT8Q-95L",55842687973,"GMN3-7TX","Female"
"LVVK-HVJ",55842687980,"LT83-QKS","Male"
"LVVK-HVJ",55842687981,"GDG2-NJC","Female"
"GX26-XRJ",55842687982,"G9M5-FF1","Male"
"GX26-XRJ",55842687983,"GN9F-M6Q","Female"
"GDLB-QJT",55842687488,"LZD4-NWV","Male"
"GDLB-QJT",55842687489,"GDV1-VJN","Female"
"LBSS-X9T",55842687490,"G2LB-P5D","Male"
"LBSS-X9T",55842687491,"G2L1-C3V","Female"
"G8BW-TGP",55842687492,"GG87-B3G","Male"
"G8BW-TGP",55842687493,"LBSS-X9T","Female"
"GG8W-X6P",55842687494,"GG8W-8LL","Male"
"GG8W-X6P",55842687495,"GH7K-T37","Female"
"GDPC-T9Z",55842687520,"G3TS-NYJ","Male"
"GDPC-T9Z",55842687521,"GHMF-P6Y","Female"
"G6G6-T5G",55842687524,"GXDF-964","Male"
"G6G6-T5G",55842687525,"GXDX-T97","Female"
"GXKY-BM3",55842687526,"GLYX-DD7","Male"
"GXKY-BM3",55842687527,"GG1X-QMV","Female"
"GDPC-T9Z",55842687536,"G3TS-NYJ","Male"
"GDPC-T9Z",55842687537,"GHMF-P6Y","Female"
"G6G6-T5G",55842687540,"GXDF-964","Male"
"G6G6-T5G",55842687541,"GXDX-T97","Female"
"GXKY-BM3",55842687542,"GLYX-DD7","Male"
"GXKY-BM3",55842687543,"GG1X-QMV","Female"
"9HTX-2CD",55842688000,"9HRG-JDL","Male"
"9HTX-2CD",55842688001,"LDH1-G9D","Female"
"G39Q-HBK",55842688002,"KX2S-NWF","Male"
"G39Q-HBK",55842688003,"L7GV-KKS","Female"
"L7LR-RWX",55842688004,"GVR7-Q43","Male"
"L7LR-RWX",55842688005,"L2DV-WS5","Female"
"9CXH-FJX",55842689024,"GLJB-JVH","Male"
"9CXH-FJX",55842689025,"LVG3-W16","Female"
"G9WK-ZB3",55842693128,"L1SL-2HR","Male"
"GHS6-1TP",55842693130,"LZF6-M94","Male"
"GHS6-1TP",55842693131,"L5TT-LG3","Female"
"L1Q3-L7Z",55842693132,"2RBY-DVZ","Male"
"L1Q3-L7Z",55842693133,"2R66-L8L","Female"
"KNW5-CM9",55842693136,"LVMF-2YH","Male"
"KNW5-CM9",55842693137,"GH4Y-2HC","Female"
"LCRM-5HJ",55842693138,"LCQX-XJS","Male"
"LCRM-5HJ",55842693139,"L78P-85J","Female"
"LHW9-VZ4",55842693140,"L1MT-HC1","Male"
"LHW9-VZ4",55842693141,"GVGZ-DCK","Female"
"KNQ6-9ZF",55842693317,"GGM3-KZW","Female"
"LDS9-GTK",55842693320,"9HTX-2CD","Male"
"LDS9-GTK",55842693321,"G39Q-HBK","Female"
"GMN3-7TX",55842693322,"L7LR-RWX","Male"
"GMN3-7TX",55842693323,"GKGZ-365","Female"
"LT83-QKS",55842693336,"GZ2L-M6L","Male"
"LT83-QKS",55842693337,"LBTR-BTW","Female"
"GDG2-NJC",55842693338,"G6RN-4Y7","Male"
"GDG2-NJC",55842693339,"GFPT-S5P","Female"
"G9M5-FF1",55842693340,"LY9D-2F8","Male"
"G9M5-FF1",55842693341,"L28D-TJH","Female"
"GN9F-M6Q",55842693342,"GJTS-3TP","Male"
"GN9F-M6Q",55842693343,"GN15-LRT","Female"
"LZS9-ZC2",55842693440,"9HYQ-M4G","Male"
"LZS9-ZC2",55842693441,"GJGW-QM6","Female"
"LZ61-F76",55842693442,"LZ19-924","Male"
"LZ61-F76",55842693443,"GL5F-YH1","Female"
"KZPV-BQM",55842693444,"L8RR-4KG","Male"
"KZPV-BQM",55842693445,"99QT-MCB","Female"
"GGTM-B2D",55842693450,"G792-Y4T","Male"
"GGTM-B2D",55842693451,"GK5F-4LY","Female"
"9HYQ-M4G",55842693504,"G7XJ-1LY","Male"
"9HYQ-M4G",55842693505,"GL2J-F24","Female"
"GJGW-QM6",55842693506,"GGL4-859","Male"
"GJGW-QM6",55842693507,"GGL4-6DG","Female"
"LZ19-924",55842693508,"LZF6-M94","Male"
"LZ19-924",55842693509,"GWW8-LWR","Female"
"GL5F-YH1",55842693510,"GGHH-9CK","Male"
"GL5F-YH1",55842693511,"GGHH-4HZ","Female"
"LHPZ-9WQ",55842693520,"938W-39J","Male"
"LHPZ-9WQ",55842693521,"9W89-MK6","Female"
"LCT8-QVQ",55842693522,"LYXW-BQK","Male"
"L8BY-3VJ",55842693528,"L8YY-PP2","Male"
"L8BY-3VJ",55842693529,"LT5Z-556","Female"
"94BP-X4Z",55842693530,"LBGF-H83","Male"
"94BP-X4Z",55842693531,"LZ56-WY6","Female"
"L8YY-5HK",55842693532,"9CXC-B7Y","Male"
"L8YY-5HK",55842693533,"LZBY-TS8","Female"
"L8WB-D2Z",55842693534,"GK9Q-S8F","Male"
"L8WB-D2Z",55842693535,"GK85-LHZ","Female"
"L8RR-4KG",55842693544,"L8WY-72D","Male"
"L8RR-4KG",55842693545,"GZBB-BMJ","Female"
"99QT-MCB",55842693546,"LDSS-KBB","Male"
"99QT-MCB",55842693547,"GLZ3-DZS","Female"
"LDSS-KJ6",55842693552,"LDSS-288","Male"
"LDSS-KJ6",55842693553,"G6PK-MQW","Female"
"L28D-TJH",55842693554,"9WMP-NNQ","Male"
"L28D-TJH",55842693555,"945D-J9Y","Female"
"LYCY-PN6",55842693556,"LDSS-26H","Male"
"LYCY-PN6",55842693557,"L6SC-CJF","Female"
"LDSS-KKV",55842693558,"LZLQ-664","Male"
"LDSS-KKV",55842693559,"GK2Y-MJB","Female"
"KDQW-JTJ",55842693560,"9HTX-2CD","Male"
"KDQW-JTJ",55842693561,"G39Q-HBK","Female"
"LDS9-GGV",55842693562,"LZGK-GZB","Male"
"LDS9-GGV",55842693563,"MXKR-J9R","Female"
"LVMF-2JP",55842693568,"GLBB-B7J","Male"
"LVMF-2JP",55842693569,"GKY2-HZS","Female"
"LDSS-D1D",55842693572,"GMWX-WW1","Male"
"LD9R-RYR",55842693600,"LCRR-KM2","Male"
"LD9R-RYR",55842693601,"LDW5-JN2","Female"
"M15L-V4Q",55842693602,"LD9Y-C7T","Male"
"M15L-V4Q",55842693603,"LD9Y-CW9","Female"
"L133-HLP",55842693604,"94T6-749","Male"
"L133-HLP",55842693605,"GLLC-968","Female"
"KH8N-T92",55842693606,"L1DW-Q5N","Male"
"KH8N-T92",55842693607,"2781-6PP","Female"
"L8BY-3VJ",55842693608,"L8YY-PP2","Male"
"L8BY-3VJ",55842693609,"LT5Z-556","Female"
"94BP-X4Z",55842693610,"LBGF-H83","Male"
"94BP-X4Z",55842693611,"LZ56-WY6","Female"
"L8YY-5HK",55842693612,"9CXC-B7Y","Male"
"L8YY-5HK",55842693613,"LZBY-TS8","Female"
"L8WB-D2Z",55842693614,"GK9Q-S8F","Male"
"L8WB-D2Z",55842693615,"GK85-LHZ","Female"
"L8YY-PD5",55842693616,"L8YY-PZ9","Male"
"L8YY-PD5",55842693617,"9H65-XXK","Female"
"MBV2-T1M",55842693618,"GVD8-XBR","Male"
"MBV2-T1M",55842693619,"GVD8-NJ7","Female"
"GKZZ-K49",55842693620,"GGZQ-BP3","Male"
"GKZZ-K49",55842693621,"GHNF-BYC","Female"
"GL6R-9XP",55842693622,"GG38-D9W","Male"
"GL6R-9XP",55842693623,"GN8V-37D","Female"
"KJP2-TBR",55842693624,"LZLG-V3F","Male"
"KJP2-TBR",55842693625,"LH6K-2BP","Female"
"GFN3-DQ5",55842693626,"GJYM-TGG","Male"
"GFN3-DQ5",55842693627,"LBPM-PVV","Female"
"GQ59-8LX",55842693628,"GQMM-WCR","Male"
"GQ59-8LX",55842693629,"G29Z-H7W","Female"
"GSCJ-Z9D",55842693630,"LYS6-FRB","Male"
"GSCJ-Z9D",55842693631,"L1JY-KRP","Female"
"KZW1-FM6",55842693632,"K6SY-4TP","Male"
"GKBP-PCS",55842693648,"GKB5-QNV","Male"
"MTDX-9RL",55842693652,"2Z31-42G","Male"
"MTDX-9RL",55842693653,"GXHR-TN1","Female"
"MKK9-C8B",55842693655,"G6XL-PCL","Female"
"GX2C-ZLS",55842693656,"LZLB-PJY","Male"
"GX2C-ZLS",55842693657,"GGS2-M6R","Female"
"LRSD-3X2",55842693660,"KG7N-78T","Male"
"LRSD-3X2",55842693661,"GG81-X1J","Female"
"KLXB-633",55842693662,"G9WK-ZB3","Male"
"KLXB-633",55842693663,"GHS6-1TP","Female"
"GGWK-CH2",55842693664,"GGWK-PPB","Male"
"GGWK-CH2",55842693665,"GG49-LN7","Female"
"G7LK-VGP",55842693668,"G7LK-P3T","Male"
"G7LK-VGP",55842693669,"GW87-X5M","Female"
"GGWK-CH2",55842693760,"GGWK-PPB","Male"
"GGWK-CH2",55842693761,"GG49-LN7","Female"
"G7LK-VGP",55842693764,"G7LK-P3T","Male"
"G7LK-VGP",55842693765,"GW87-X5M","Female"
"G8R4-ZBJ",55842693792,"GH1Y-JYY","Male"
"KFYT-G84",55842693800,"KFFD-W9R","Male"
"KFYT-G84",55842693801,"G6CX-Z3P","Female"
"LDSS-LKR",55842693802,"LDSS-LB3","Male"
"LDSS-LKR",55842693803,"L5JM-54G","Female"
"LDMT-HMZ",55842693804,"L8BY-3VJ","Male"
"LDMT-HMZ",55842693805,"94BP-X4Z","Female"
"LD91-ST3",55842693806,"L8YY-5HK","Male"
"LD91-ST3",55842693807,"L8WB-D2Z","Female"
"KFPX-KY8",55842693808,"LD3S-HB7","Male"
"KFPX-KY8",55842693809,"LTYC-DNP","Female"
"LZX2-BDJ",55842693810,"LVMH-1XQ","Male"
"LZX2-BDJ",55842693811,"9CCJ-FTY","Female"
"GZ68-X5M",55842693814,"K2NJ-ZYG","Male"
"GZ68-X5M",55842693815,"LCR2-MQ6","Female"
"GLMN-FFB",55842693812,"9CCY-2J4","Male"
"GLMN-FFB",55842693813,"G21Y-C9F","Female"
"LCRB-Q2R",55842693816,"GKWS-5M9","Male"
"LCRB-Q2R",55842693817,"LH7S-12N","Female"
"G865-DJ7",55842693818,"LR9B-N7S","Male"
"G865-DJ7",55842693819,"GKGQ-77R","Female"
"LZS9-ZC2",55842693824,"9HYQ-M4G","Male"
"LZS9-ZC2",55842693825,"GJGW-QM6","Female"
"LZ61-F76",55842693826,"LZ19-924","Male"
"LZ61-F76",55842693827,"GL5F-YH1","Female"
"GGWK-PPB",55842693888,"GGW2-C6R","Male"
"GGWK-PPB",55842693889,"GG4S-L5P","Female"
"G7LK-P3T",55842693896,"G7LK-4WM","Male"
"G7LK-P3T",55842693897,"GW4S-SJK","Female"
"GH1Y-JYY",55842693952,"LR3T-3QV","Male"
"GH1Y-JYY",55842693953,"LY8X-J9P","Female"
"KFFD-W9R",55842693968,"G2XB-VJQ","Male"
"KFFD-W9R",55842693969,"GHSV-NM4","Female"
"LDSS-LB3",55842693972,"2RY4-9Z9","Male"
"LDSS-LB3",55842693973,"MNTJ-2LR","Female"
"L5JM-54G",55842693974,"GZ5R-Y9N","Male"
"L5JM-54G",55842693975,"GXDS-K6L","Female"
"L8BY-3VJ",55842693976,"L8YY-PP2","Male"
"L8BY-3VJ",55842693977,"LT5Z-556","Female"
"94BP-X4Z",55842693978,"LBGF-H83","Male"
"94BP-X4Z",55842693979,"LZ56-WY6","Female"
"L8YY-5HK",55842693980,"9CXC-B7Y","Male"
"L8YY-5HK",55842693981,"LZBY-TS8","Female"
"L8WB-D2Z",55842693982,"GK9Q-S8F","Male"
"L8WB-D2Z",55842693983,"GK85-LHZ","Female"
"LD3S-HB7",55842693984,"LZN5-Q53","Male"
"LD3S-HB7",55842693985,"G2XB-DKZ","Female"
"LTYC-DNP",55842693986,"LZ19-924","Male"
"LTYC-DNP",55842693987,"GL5F-YH1","Female"
"LVMH-1XQ",55842693988,"LKDQ-9H8","Male"
"LVMH-1XQ",55842693989,"27P5-QDR","Female"
"9CCJ-FTY",55842693990,"G9JM-FD8","Male"
"9CCJ-FTY",55842693991,"L6ZX-V42","Female"
"K2NJ-ZYG",55842693996,"KF5H-44Z","Male"
"K2NJ-ZYG",55842693997,"9CW5-VNG","Female"
"9CCY-2J4",55842693992,"LFTZ-KSX","Male"
"9CCY-2J4",55842693993,"LD29-51J","Female"
"G21Y-C9F",55842693994,"LTFG-ZR8","Male"
"G21Y-C9F",55842693995,"99HN-W8M","Female"
"LR9B-N7S",55842694004,"LRSM-TWG","Male"
"9HYQ-M4G",55842694016,"G7XJ-1LY","Male"
"9HYQ-M4G",55842694017,"GL2J-F24","Female"
"GJGW-QM6",55842694018,"GGL4-859","Male"
"GJGW-QM6",55842694019,"GGL4-6DG","Female"
"LZ19-924",55842694020,"LZF6-M94","Male"
"LZ19-924",55842694021,"GWW8-LWR","Female"
"GL5F-YH1",55842694022,"GGHH-9CK","Male"
"GL5F-YH1",55842694023,"GGHH-4HZ","Female"
"L18B-R3G",55842694144,"G2TZ-96Y","Male"
"L18B-R3G",55842694145,"G2T8-97Z","Female"
"KDQH-DJG",55842694146,"L1DD-JMP","Male"
"KDQH-DJG",55842694147,"9WY9-HRJ","Female"
"LD9R-5G3",55842694148,"LD9R-RCZ","Male"
"LD9R-5G3",55842694149,"MBWQ-SF3","Female"
"M897-QTS",55842694150,"L1R3-QH7","Male"
"M897-QTS",55842694151,"M33Z-FHV","Female"
"LD9P-Q15",55842694272,"LTZK-Z7P","Male"
"LD9P-Q15",55842694273,"2MRF-VW3","Female"
"GCXR-Q7Y",55842694274,"GCQF-99Z","Male"
"GCXR-Q7Y",55842694275,"GJ5H-JTS","Female"
"GHG7-6YR",55842694276,"G6RZ-NN1","Male"
"GHG7-6YR",55842694277,"GHG7-FJ5","Female"
"G286-WNT",55842694278,"LY6L-V13","Male"
"G286-WNT",55842694279,"GNGL-ZP4","Female"
"G8D1-62Y",55842694280,"M6BM-GL3","Male"
"G8D1-62Y",55842694281,"L228-6GM","Female"
"G6TZ-Q2F",55842694282,"GQ8L-DWS","Male"
"LKZR-Q7G",55842694288,"G4BC-NRY","Male"
"LKZR-Q7G",55842694289,"GHG9-Y23","Female"
"LCZD-G2Y",55842694290,"G242-XCP","Male"
"LCZD-G2Y",55842694291,"G2L3-V7G","Female"
"LHVB-FND",55842694296,"LHVB-FK7","Male"
"LHVB-FND",55842694297,"GGVT-111","Female"
"9HPW-TQ9",55842694304,"LZRW-Z12","Male"
"9HPW-TQ9",55842694305,"94Y9-R1P","Female"
"LRSD-74X",55842694306,"9MWT-XX2","Male"
"G6RT-HRZ",55842694308,"GD85-2SN","Male"
"G6RT-HRZ",55842694309,"GG86-CZN","Female"
"9VGN-TK6",55842694312,"G6R8-9H9","Male"
"9VGN-TK6",55842694313,"GZG1-DKF","Female"
"MM54-99C",55842694314,"LCDM-N61","Male"
"MM54-99C",55842694315,"GQ7J-KFG","Female"
"GJKD-W1Z",55842694316,"GG86-WMJ","Male"
"GJKD-W1Z",55842694317,"GG86-CZN","Female"
"LVKZ-LMH",55842694318,"9CZM-HK2","Male"
"LVKZ-LMH",55842694319,"LTVB-BQ6","Female"
"GNT4-LY5",55842694336,"LZZK-7QX","Male"
"GNT4-LY5",55842694337,"9SR5-6SR","Female"
"GDL9-6NN",55842694338,"G8D1-62Y","Male"
"GDL9-6NN",55842694339,"GCXR-Q7Y","Female"
"LTK3-8VH",55842694340,"LD9P-Q15","Male"
"LTK3-8VH",55842694341,"LKDQ-86Y","Female"
"GHMC-S6W",55842694342,"GNK2-CCY","Male"
"LHTX-J4Y",55842694348,"LH68-32D","Male"
"G34F-HFB",55842694350,"G95P-96W","Male"
"GW1V-6D9",55842694352,"GW1J-L9F","Male"
"LDHB-RRD",55842694496,"9HTX-2CD","Male"
"LDHB-RRD",55842694497,"L83J-4S6","Female"
"GKVP-QMK",55842694498,"LDHS-Z3V","Male"
"GKVP-QMK",55842694499,"LZGK-ZV2","Female"
"9SJJ-97N",55842694504,"GGG7-Q5M","Male"
"9SJJ-97N",55842694505,"GZL1-BTV","Female"
"LZJG-K5N",55842694506,"KX2S-NWF","Male"
"LZJG-K5N",55842694507,"L7GV-KKS","Female"
"LJ2H-W3S",55842694508,"GD74-RRH","Male"
"LJ2H-W3S",55842694509,"GJ5M-BKM","Female"
"LZ2S-DKM",55842694510,"28YJ-Z4N","Male"
"LZ2S-DKM",55842694511,"GGGT-9MX","Female"
"GJ2V-WRY",55842694512,"G233-LXN","Male"
"GJ2V-WRY",55842694513,"GGWK-NT3","Female"
"LD9P-MFB",55842694516,"GC7G-R6L","Male"
"LD9P-MFB",55842694517,"GC7P-77S","Female"
"KNQ6-9ZF",55842694533,"GGM3-KZW","Female"
"LDS9-GTK",55842694536,"9HTX-2CD","Male"
"LDS9-GTK",55842694537,"G39Q-HBK","Female"
"GMN3-7TX",55842694538,"L7LR-RWX","Male"
"GMN3-7TX",55842694539,"GKGZ-365","Female"
"LT83-QKS",55842694552,"GZ2L-M6L","Male"
"LT83-QKS",55842694553,"LBTR-BTW","Female"
"GDG2-NJC",55842694554,"G6RN-4Y7","Male"
"GDG2-NJC",55842694555,"GFPT-S5P","Female"
"G9M5-FF1",55842694556,"LY9D-2F8","Male"
"G9M5-FF1",55842694557,"L28D-TJH","Female"
"GN9F-M6Q",55842694558,"GJTS-3TP","Male"
"GN9F-M6Q",55842694559,"GN15-LRT","Female"
"GLTH-SF8",55842694564,"GGKB-FBC","Male"
"GLTH-SF8",55842694565,"GKK9-K98","Female"
"GNBX-9JC",55842694576,"GKCC-1KD","Male"
"GNBX-9JC",55842694577,"G2KS-LP1","Female"
"GFC6-D1X",55842694578,"GGRW-3PW","Male"
"GFC6-D1X",55842694579,"LXSK-QX8","Female"
"GD7G-BVP",55842694580,"GMF5-BSR","Male"
"GD7G-BVP",55842694581,"L1WB-PZW","Female"
"9HG1-CKS",55842694582,"L1W8-W7S","Male"
"9MH5-2Q7",55842694584,"GD7W-JS7","Male"
"9MH5-2Q7",55842694585,"GD7W-NSX","Female"
"M1W5-BFF",55842694588,"9376-JCH","Male"
"M1W5-BFF",55842694589,"9HVH-9GD","Female"
"9CW5-JNL",55842694590,"GG3M-7JP","Male"
"9CW5-JNL",55842694591,"GG3M-7PG","Female"
"GMF5-BSR",55842694592,"GLFD-7MD","Male"
"GMF5-BSR",55842694593,"GGFH-MVX","Female"
"L1WB-PZW",55842694594,"9HTX-2CD","Male"
"L1WB-PZW",55842694595,"L83J-4S6","Female"
"9H27-6Y3",55842694596,"G6LZ-TWJ","Male"
"MWBC-XS5",55842694598,"9ZHQ-5GQ","Male"
"MWBC-XS5",55842694599,"G6R2-BDM","Female"
"LY9D-2F8",55842694656,"LCJD-VX6","Male"
"LY9D-2F8",55842694657,"LD9R-RKH","Female"
"L28D-TJH",55842694658,"9WMP-NNQ","Male"
"L28D-TJH",55842694659,"945D-J9Y","Female"
"GJTS-3TP",55842694660,"GZ8X-GV2","Male"
"GJTS-3TP",55842694661,"G6ZP-B73","Female"
"KDQW-JTJ",55842694664,"9HTX-2CD","Male"
"KDQW-JTJ",55842694665,"G39Q-HBK","Female"
"LDS9-GGV",55842694666,"LZGK-GZB","Male"
"LDS9-GGV",55842694667,"MXKR-J9R","Female"
"G7NH-CM4",55842694672,"G215-NYD","Male"
"G7NH-CM4",55842694673,"GG1F-HTT","Female"
"GLL2-BZV",55842694697,"G8W1-V4X","Female"
"GC4V-KPG",55842694700,"G891-N1Z","Male"
"GC4V-KPG",55842694701,"G3YQ-19T","Female"
"L175-67M",55842694702,"GGKJ-Z1T","Male"
"L175-67M",55842694703,"KL6C-XQV","Female"
"K84R-TMS",55842694704,"LDHB-RRD","Male"
"K84R-TMS",55842694705,"GKVP-QMK","Female"
"LTF2-JTC",55842694708,"9SJJ-97N","Male"
"LTF2-JTC",55842694709,"LZJG-K5N","Female"
"LKNM-HR3",55842694710,"LJ2H-W3S","Male"
"LKNM-HR3",55842694711,"LZ2S-DKM","Female"
"L1QD-DXV",55842694712,"GJ2V-WRY","Male"
"L1QD-DXV",55842694713,"G2CN-HW6","Female"
"LD9P-M8N",55842694714,"LD9P-MFB","Male"
"LD9P-M8N",55842694715,"LH6C-VKZ","Female"
"GNSH-WMX",55842694736,"G7NH-CM4","Male"
"GNSH-WMX",55842694737,"G215-VM8","Female"
"K84R-TMS",55842694744,"LDHB-RRD","Male"
"K84R-TMS",55842694745,"GKVP-QMK","Female"
"LTF2-JTC",55842694748,"9SJJ-97N","Male"
"LTF2-JTC",55842694749,"LZJG-K5N","Female"
"LKNM-HR3",55842694750,"LJ2H-W3S","Male"
"LKNM-HR3",55842694751,"LZ2S-DKM","Female"
"GLL2-BZV",55842694761,"G8W1-V4X","Female"
"GC4V-KPG",55842694764,"G891-N1Z","Male"
"GC4V-KPG",55842694765,"G3YQ-19T","Female"
"L175-67M",55842694766,"GGKJ-Z1T","Male"
"L175-67M",55842694767,"KL6C-XQV","Female"
"K84R-TMS",55842694768,"LDHB-RRD","Male"
"K84R-TMS",55842694769,"GKVP-QMK","Female"
"LTF2-JTC",55842694772,"9SJJ-97N","Male"
"LTF2-JTC",55842694773,"LZJG-K5N","Female"
"LKNM-HR3",55842694774,"LJ2H-W3S","Male"
"LKNM-HR3",55842694775,"LZ2S-DKM","Female"
"L1QD-DXV",55842694776,"GJ2V-WRY","Male"
"L1QD-DXV",55842694777,"G2CN-HW6","Female"
"LD9P-M8N",55842694778,"LD9P-MFB","Male"
"LD9P-M8N",55842694779,"LH6C-VKZ","Female"
"LDHB-RRD",55842694784,"9HTX-2CD","Male"
"LDHB-RRD",55842694785,"L83J-4S6","Female"
"GKVP-QMK",55842694786,"LDHS-Z3V","Male"
"GKVP-QMK",55842694787,"LZGK-ZV2","Female"
"9SJJ-97N",55842694792,"GGG7-Q5M","Male"
"9SJJ-97N",55842694793,"GZL1-BTV","Female"
"LZJG-K5N",55842694794,"KX2S-NWF","Male"
"LZJG-K5N",55842694795,"L7GV-KKS","Female"
"LJ2H-W3S",55842694796,"GD74-RRH","Male"
"LJ2H-W3S",55842694797,"GJ5M-BKM","Female"
"LZ2S-DKM",55842694798,"28YJ-Z4N","Male"
"LZ2S-DKM",55842694799,"GGGT-9MX","Female"
"GJ2V-WRY",55842694800,"G233-LXN","Male"
"GJ2V-WRY",55842694801,"GGWK-NT3","Female"
"LD9P-MFB",55842694804,"GC7G-R6L","Male"
"LD9P-MFB",55842694805,"GC7P-77S","Female"
"L1WT-FRN",55842694816,"GZRK-SFB","Male"
"L1WT-FRN",55842694817,"GVSP-WS2","Female"
"L1WY-QMZ",55842694818,"GHKB-C3J","Male"
"L1WY-QMZ",55842694819,"L5DR-KL8","Female"
"LB5R-TH8",55842694820,"KDQW-JTJ","Male"
"LB5R-TH8",55842694821,"LDS9-GGV","Female"
"LDHQ-P5F",55842694822,"LD9R-RB7","Male"
"LDHQ-P5F",55842694823,"LDSS-6H5","Female"
"LBJ9-GZ4",55842694824,"9ZH7-GMD","Male"
"LBJ9-GZ4",55842694825,"MBYH-395","Female"
"KZPP-B68",55842694826,"G7ZN-5DF","Male"
"L18B-R3G",55842694828,"G2TZ-96Y","Male"
"L18B-R3G",55842694829,"G2T8-97Z","Female"
"KDQH-DJG",55842694830,"L1DD-JMP","Male"
"KDQH-DJG",55842694831,"9WY9-HRJ","Female"
"GQRQ-G6B",55842694848,"GQRQ-K79","Male"
"GQRQ-G6B",55842694849,"GGVR-MY2","Female"
"GGSV-LFL",55842694912,"GGZD-RQR","Male"
"GGSV-LFL",55842694913,"GL9M-YXL","Female"
"G7YH-3GJ",55842694928,"GV4P-VY5","Male"
"G7YH-3GJ",55842694929,"GGJD-JSR","Female"
"GC45-DB8",55842694930,"GZRK-SFB","Male"
"GC45-DB8",55842694931,"GVSP-WS2","Female"
"GLL2-BZV",55842694953,"G8W1-V4X","Female"
"GC4V-KPG",55842694956,"G891-N1Z","Male"
"GC4V-KPG",55842694957,"G3YQ-19T","Female"
"L175-67M",55842694958,"GGKJ-Z1T","Male"
"L175-67M",55842694959,"KL6C-XQV","Female"
"K84R-TMS",55842694960,"LDHB-RRD","Male"
"K84R-TMS",55842694961,"GKVP-QMK","Female"
"LTF2-JTC",55842694964,"9SJJ-97N","Male"
"LTF2-JTC",55842694965,"LZJG-K5N","Female"
"LKNM-HR3",55842694966,"LJ2H-W3S","Male"
"LKNM-HR3",55842694967,"LZ2S-DKM","Female"
"L1QD-DXV",55842694968,"GJ2V-WRY","Male"
"L1QD-DXV",55842694969,"G2CN-HW6","Female"
"LD9P-M8N",55842694970,"LD9P-MFB","Male"
"LD9P-M8N",55842694971,"LH6C-VKZ","Female"
"9C32-7PC",55842694976,"G7YH-3GJ","Male"
"9C32-7PC",55842694977,"GC45-DB8","Female"
"93LF-J1V",55842694980,"L1HZ-WR2","Male"
"93LF-J1V",55842694981,"MDWC-L73","Female"
"931M-DSZ",55842694982,"KFLG-12B","Male"
"931M-DSZ",55842694983,"M5YG-GGX","Female"
"LDSS-8WS",55842694984,"L7LT-X1D","Male"
"9ZCG-R7L",55842694986,"KZPV-BQM","Male"
"9ZCG-R7L",55842694987,"GG81-W5D","Female"
"LRHH-9JN",55842694988,"M1VS-25N","Male"
"LRHH-9JN",55842694989,"LDSS-KHY","Female"
"LZGK-6BD",55842694990,"LZGQ-LJX","Male"
"LZGK-6BD",55842694991,"GG5V-KXG","Female"
"LM1H-8JF",55842694992,"GL9R-YL9","Male"
"LM1H-8JF",55842694993,"LDHQ-P5F","Female"
"LBDD-T2H",55842694994,"G2G5-WJR","Male"
"LBDD-T2H",55842694995,"G2G5-FT5","Female"
"LYJ2-TZG",55842694996,"LBX8-DDN","Male"
"LYJ2-TZG",55842694997,"LDW2-4JB","Female"
"LYJ2-LF5",55842694998,"M1S9-5V6","Male"
"G95M-WZ9",55842695000,"G6RG-6XQ","Male"
"G95M-WZ9",55842695001,"GKNC-F3X","Female"
"9V7R-KN5",55842695002,"GLXF-42Z","Male"
"9V7R-KN5",55842695003,"GLXF-CH3","Female"
"LDW2-QX1",55842695004,"LH7S-18K","Male"
"LDW2-QX1",55842695005,"LDSV-5Q1","Female"
"99Y7-MCD",55842695008,"KN8N-WHW","Male"
"99Y7-MCD",55842695009,"9SYL-S5H","Female"
"LBKM-9MP",55842695010,"G67W-G57","Male"
"LBKM-9MP",55842695011,"MZHC-RBM","Female"
"L1QG-G8M",55842695012,"LDFZ-8Q1","Male"
"L1QG-G8M",55842695013,"LHPZ-VGH","Female"
"LDW5-66P",55842695016,"LD9R-RB7","Male"
"LDW5-66P",55842695017,"LDSS-6H5","Female"
"LDW5-623",55842695018,"LDMT-HMZ","Male"
"LDW5-623",55842695019,"LD91-ST3","Female"
"KCXK-S69",55842695020,"L8MB-ZMK","Male"
"KCXK-S69",55842695021,"MB1Q-ZWW","Female"
"GJR2-7VD",55842695022,"LDMT-W6R","Male"
"GJR2-7VD",55842695023,"LT83-H6M","Female"
"MKKN-R3H",55842695024,"GG5Y-858","Male"
"9Q6D-L88",55842695026,"GKPX-TG7","Male"
"9Q6D-L88",55842695027,"GN4Z-XZP","Female"
"K417-PHT",55842695028,"LTTZ-YL8","Male"
"K417-PHT",55842695029,"LYSG-SY9","Female"
"9S3D-N8F",55842695030,"9C32-7PC","Male"
"9S3D-N8F",55842695031,"M5YG-GGX","Female"
"GG6S-2BY",55842695168,"GG63-CZC","Male"
"GG6S-2BY",55842695169,"GG63-F22","Female"
"GG63-4MD",55842695170,"GG63-3R7","Male"
"LZS9-ZC2",55842695296,"9HYQ-M4G","Male"
"LZS9-ZC2",55842695297,"GJGW-QM6","Female"
"LZ61-F76",55842695298,"LZ19-924","Male"
"LZ61-F76",55842695299,"GL5F-YH1","Female"
"KNXX-WBQ",55842695304,"LHPZ-9WQ","Male"
"KNXX-WBQ",55842695305,"LCT8-QVQ","Female"
"LDMT-HMZ",55842695308,"L8BY-3VJ","Male"
"LDMT-HMZ",55842695309,"94BP-X4Z","Female"
"LD91-ST3",55842695310,"L8YY-5HK","Male"
"LD91-ST3",55842695311,"L8WB-D2Z","Female"
"KZPV-BQM",55842695316,"L8RR-4KG","Male"
"KZPV-BQM",55842695317,"99QT-MCB","Female"
"M1VS-25N",55842695320,"LDSS-KJ6","Male"
"M1VS-25N",55842695321,"L28D-TJH","Female"
"LDSS-KHY",55842695322,"LYCY-PN6","Male"
"LDSS-KHY",55842695323,"LDSS-KKV","Female"
"LZGQ-LJX",55842695324,"KDQW-JTJ","Male"
"LZGQ-LJX",55842695325,"LDS9-GGV","Female"
"LDSS-8LB",55842695328,"LVMF-2JP","Male"
"LDSS-8LB",55842695329,"GW2T-LDK","Female"
"G2RP-CG1",55842695330,"LDSS-D1D","Male"
"G2RP-CG1",55842695331,"GKZ8-SNZ","Female"
"LD9R-RB7",55842695344,"LD9R-RYR","Male"
"LD9R-RB7",55842695345,"M15L-V4Q","Female"
"LDSS-6H5",55842695346,"L133-HLP","Male"
"LDSS-6H5",55842695347,"KH8N-T92","Female"
"LDMT-HMZ",55842695348,"L8BY-3VJ","Male"
"LDMT-HMZ",55842695349,"94BP-X4Z","Female"
"LD91-ST3",55842695350,"L8YY-5HK","Male"
"LD91-ST3",55842695351,"L8WB-D2Z","Female"
"L8MB-ZMK",55842695352,"L8YY-PD5","Male"
"L8MB-ZMK",55842695353,"MBV2-T1M","Female"
"MB1Q-ZWW",55842695354,"GKZZ-K49","Male"
"MB1Q-ZWW",55842695355,"GL6R-9XP","Female"
"LDMT-W6R",55842695356,"KJP2-TBR","Male"
"LDMT-W6R",55842695357,"GFN3-DQ5","Female"
"LT83-H6M",55842695358,"GQ59-8LX","Male"
"LT83-H6M",55842695359,"GSCJ-Z9D","Female"
"KNDD-84D",55842695360,"L1WT-FRN","Male"
"KNDD-84D",55842695361,"L1WY-QMZ","Female"
"GQQX-89B",55842695362,"LB5R-TH8","Male"
"GQQX-89B",55842695363,"LDHQ-P5F","Female"
"LR6N-PQP",55842695364,"LBJ9-GZ4","Male"
"LR6N-PQP",55842695365,"KZPP-B68","Female"
"LDSS-RGB",55842695366,"L18B-R3G","Male"
"LDSS-RGB",55842695367,"KDQH-DJG","Female"
"LBLP-PPD",55842695374,"G23Z-T5F","Male"
"LBLP-PPD",55842695375,"GFJR-GNC","Female"
"9H17-VTZ",55842695376,"LZGQ-LJX","Male"
"9H17-VTZ",55842695377,"KDQH-DJG","Female"
"LY57-55F",55842695378,"GL9R-YL9","Male"
"LY57-55F",55842695379,"LDHQ-P5F","Female"
"LD9R-5G3",55842695388,"LD9R-RCZ","Male"
"LD9R-5G3",55842695389,"MBWQ-SF3","Female"
"M897-QTS",55842695390,"L1R3-QH7","Male"
"M897-QTS",55842695391,"M33Z-FHV","Female"
"L1HZ-WR2",55842695392,"LVTD-MDD","Male"
"L1HZ-WR2",55842695393,"GKYX-DNQ","Female"
"KFLG-12B",55842695396,"28YJ-Z4N","Male"
"KFLG-12B",55842695397,"GGGT-9MX","Female"
"GF4P-DDQ",55842695400,"GV4Z-NPS","Male"
"GF4P-DDQ",55842695401,"GZKP-3KR","Female"
"GVW6-VCK",55842695402,"G2JY-4D2","Male"
"GVW6-VCK",55842695403,"G2JT-PGL","Female"
"LJG8-98D",55842695404,"9H27-6Y3","Male"
"LJG8-98D",55842695405,"MWBC-XS5","Female"
"LBS6-SSC",55842695406,"99PY-VJ6","Male"
"LBS6-SSC",55842695407,"G6DL-8L7","Female"
"L1Z8-522",55842695408,"99Y7-MCD","Male"
"L1Z8-522",55842695409,"LBKM-9MP","Female"
"L1S4-4N9",55842695410,"L1QG-G8M","Male"
"L1S4-4N9",55842695411,"LD97-QLP","Female"
"LDW5-FB6",55842695412,"LDW5-66P","Male"
"LDW5-FB6",55842695413,"LDW5-623","Female"
"LDW5-N39",55842695414,"KCXK-S69","Male"
"LDW5-N39",55842695415,"GJR2-7VD","Female"
"M4N1-6BT",55842695416,"MKKN-R3H","Male"
"M4N1-6BT",55842695417,"9Q6D-L88","Female"
"L8PY-H7K",55842695418,"K417-PHT","Male"
"L8PY-H7K",55842695419,"9S3D-N8F","Female"
"K84R-TMS",55842695424,"LDHB-RRD","Male"
"K84R-TMS",55842695425,"GKVP-QMK","Female"
"LTF2-JTC",55842695428,"9SJJ-97N","Male"
"LTF2-JTC",55842695429,"LZJG-K5N","Female"
"LKNM-HR3",55842695430,"LJ2H-W3S","Male"
"LKNM-HR3",55842695431,"LZ2S-DKM","Female"
"L1QD-DXV",55842695432,"GJ2V-WRY","Male"
"L1QD-DXV",55842695433,"G2CN-HW6","Female"
"LD9P-M8N",55842695434,"LD9P-MFB","Male"
"LD9P-M8N",55842695435,"LH6C-VKZ","Female"
"KNDD-84D",55842695440,"L1WT-FRN","Male"
"KNDD-84D",55842695441,"L1WY-QMZ","Female"
"GQQX-89B",55842695442,"LB5R-TH8","Male"
"GQQX-89B",55842695443,"LDHQ-P5F","Female"
"LR6N-PQP",55842695444,"LBJ9-GZ4","Male"
"LR6N-PQP",55842695445,"KZPP-B68","Female"
"LDSS-RGB",55842695446,"L18B-R3G","Male"
"LDSS-RGB",55842695447,"KDQH-DJG","Female"
"LBLP-PPD",55842695454,"G23Z-T5F","Male"
"LBLP-PPD",55842695455,"GFJR-GNC","Female"
"GQRQ-LYV",55842695456,"GQRQ-G6B","Male"
"GQRQ-LYV",55842695457,"GGVR-2KC","Female"
"G6TY-2YB",55842695458,"GXCR-NTD","Male"
"G6TY-2YB",55842695459,"GXCR-22N","Female"
"LZGQ-LJX",55842695488,"KDQW-JTJ","Male"
"LZGQ-LJX",55842695489,"LDS9-GGV","Female"
"KDQH-DJG",55842695490,"L1DD-JMP","Male"
"KDQH-DJG",55842695491,"9WY9-HRJ","Female"
"GL9R-YL9",55842695492,"LD95-VV6","Male"
"GL9R-YL9",55842695493,"9H2F-HV5","Female"
"LDHQ-P5F",55842695494,"LD9R-RB7","Male"
"LDHQ-P5F",55842695495,"LDSS-6H5","Female"
"LD9R-RCZ",55842695512,"GGT6-NYC","Male"
"LD9R-RCZ",55842695513,"GGTD-5CG","Female"
"MBWQ-SF3",55842695514,"LH3J-XVF","Male"
"MBWQ-SF3",55842695515,"KN3T-TR3","Female"
"L1R3-QH7",55842695516,"LD9R-5PH","Male"
"L1R3-QH7",55842695517,"LZM1-YM9","Female"
"M33Z-FHV",55842695518,"GGQ2-T6Y","Male"
"M33Z-FHV",55842695519,"GGQ2-FDK","Female"
"GQMG-G62",55842695600,"LDSQ-XRK","Male"
"GQMG-G62",55842695601,"LCFL-9DP","Female"
"GN4C-8ND",55842695602,"L644-9GY","Male"
"GN4C-8ND",55842695603,"KVGF-FPJ","Female"
"LBM7-XLR",55842695612,"GN1K-X6S","Male"
"LBM7-XLR",55842695613,"G2ZJ-FVP","Female"
"LDSR-1Y7",55842695614,"G7X3-T3S","Male"
"LDSR-1Y7",55842695615,"GNHC-9DJ","Female"
"K84R-TMS",55842695616,"LDHB-RRD","Male"
"K84R-TMS",55842695617,"GKVP-QMK","Female"
"LTF2-JTC",55842695620,"9SJJ-97N","Male"
"LTF2-JTC",55842695621,"LZJG-K5N","Female"
"LKNM-HR3",55842695622,"LJ2H-W3S","Male"
"LKNM-HR3",55842695623,"LZ2S-DKM","Female"
"L1QD-DXV",55842695624,"GJ2V-WRY","Male"
"L1QD-DXV",55842695625,"G2CN-HW6","Female"
"LD9P-M8N",55842695626,"LD9P-MFB","Male"
"LD9P-M8N",55842695627,"LH6C-VKZ","Female"
"99Y7-MCD",55842695632,"KN8N-WHW","Male"
"99Y7-MCD",55842695633,"9SYL-S5H","Female"
"LBKM-9MP",55842695634,"G67W-G57","Male"
"LBKM-9MP",55842695635,"MZHC-RBM","Female"
"L1QG-G8M",55842695636,"LDFZ-8Q1","Male"
"L1QG-G8M",55842695637,"LHPZ-VGH","Female"
"LDW5-66P",55842695640,"LD9R-RB7","Male"
"LDW5-66P",55842695641,"LDSS-6H5","Female"
"LDW5-623",55842695642,"LDMT-HMZ","Male"
"LDW5-623",55842695643,"LD91-ST3","Female"
"KCXK-S69",55842695644,"L8MB-ZMK","Male"
"KCXK-S69",55842695645,"MB1Q-ZWW","Female"
"GJR2-7VD",55842695646,"LDMT-W6R","Male"
"GJR2-7VD",55842695647,"LT83-H6M","Female"
"9HYM-87T",55842695648,"GNT4-LY5","Male"
"9HYM-87T",55842695649,"GDL9-6NN","Female"
"LTK3-YL5",55842695650,"LTK3-8VH","Male"
"LTK3-YL5",55842695651,"GHMC-S6W","Female"
"9915-W3T",55842695652,"GL7X-KX1","Male"
"9915-W3T",55842695653,"GLWD-X2D","Female"
"G34F-CPK",55842695654,"LHTX-J4Y","Male"
"G34F-CPK",55842695655,"G34F-HFB","Female"
"G6T4-VS4",55842695656,"GW1V-6D9","Male"
"29YL-C18",55842695660,"GX5G-839","Male"
"29YL-C18",55842695661,"L87D-4PX","Female"
"9CCZ-PKB",55842695664,"9Z8P-D5J","Male"
"9CCZ-PKB",55842695665,"MHPT-LNL","Female"
"L75S-MVR",55842695666,"G2HQ-H3Y","Male"
"L75S-MVR",55842695667,"G2HQ-4SW","Female"
"GFDK-48G",55842695668,"GFDK-XX3","Male"
"GFDK-48G",55842695669,"GVJP-DFV","Female"
"GD2L-TGY",55842695672,"GCQF-WFQ","Male"
"GD2L-TGY",55842695673,"LKDQ-8DY","Female"
"G6R8-7WV",55842695676,"9CWG-P3Q","Male"
"G6R8-7WV",55842695677,"LCZD-G2Y","Female"
"L7GV-JX4",55842695678,"G8W1-9VC","Male"
"L7GV-JX4",55842695679,"LCZD-G2Y","Female"
"KDQW-JTJ",55842695712,"9HTX-2CD","Male"
"KDQW-JTJ",55842695713,"G39Q-HBK","Female"
"LDS9-GGV",55842695714,"LZGK-GZB","Male"
"LDS9-GGV",55842695715,"MXKR-J9R","Female"
"L1DD-JMP",55842695716,"GG5W-TJ1","Male"
"L1DD-JMP",55842695717,"GG54-SDF","Female"
"9WY9-HRJ",55842695718,"LZ19-924","Male"
"LD95-VV6",55842695720,"LD95-VVH","Male"
"LD95-VV6",55842695721,"99SD-Z4Q","Female"
"9H2F-HV5",55842695722,"MBGG-7NP","Male"
"9H2F-HV5",55842695723,"LD9R-SHL","Female"
"LD9R-RB7",55842695724,"LD9R-RYR","Male"
"LD9R-RB7",55842695725,"M15L-V4Q","Female"
"LDSS-6H5",55842695726,"L133-HLP","Male"
"LDSS-6H5",55842695727,"KH8N-T92","Female"
"GLB6-MQV",55842695808,"GLBD-RNZ","Male"
"GLB6-MQV",55842695809,"GLBX-KJJ","Female"
"GMNX-JGH",55842695812,"G9WK-ZB3","Male"
"GMNX-JGH",55842695813,"GHS6-1TP","Female"
"L2SF-BXZ",55842695814,"L1Q3-L7Z","Male"
"L2SF-BXZ",55842695815,"2R66-L8T","Female"
"9376-JCH",55842695816,"KNW5-CM9","Male"
"9376-JCH",55842695817,"LCRM-5HJ","Female"
"9HVH-9GD",55842695818,"LHW9-VZ4","Male"
"9HVH-9GD",55842695819,"GKKW-24R","Female"
"GDLZ-FG2",55842695856,"GLBB-NNX","Male"
"GD65-2F2",55842695904,"G2RV-DFJ","Male"
"GD65-2F2",55842695905,"G2RJ-1WJ","Female"
"KNSN-3NT",55842695906,"KNQ6-9ZF","Male"
"LT8Q-95L",55842695908,"LDS9-GTK","Male"
"LT8Q-95L",55842695909,"GMN3-7TX","Female"
"LVVK-HVJ",55842695916,"LT83-QKS","Male"
"LVVK-HVJ",55842695917,"GDG2-NJC","Female"
"GX26-XRJ",55842695918,"G9M5-FF1","Male"
"GX26-XRJ",55842695919,"GN9F-M6Q","Female"
"GLB6-MQV",55842695936,"GLBD-RNZ","Male"
"GLB6-MQV",55842695937,"GLBX-KJJ","Female"
"GMNX-JGH",55842695940,"G9WK-ZB3","Male"
"GMNX-JGH",55842695941,"GHS6-1TP","Female"
"L2SF-BXZ",55842695942,"L1Q3-L7Z","Male"
"L2SF-BXZ",55842695943,"2R66-L8T","Female"
"9376-JCH",55842695944,"KNW5-CM9","Male"
"9376-JCH",55842695945,"LCRM-5HJ","Female"
"9HVH-9GD",55842695946,"LHW9-VZ4","Male"
"9HVH-9GD",55842695947,"GKKW-24R","Female"
"GDLZ-FG2",55842695984,"GLBB-NNX","Male"
"GD65-2F2",55842696032,"G2RV-DFJ","Male"
"GD65-2F2",55842696033,"G2RJ-1WJ","Female"
"KNSN-3NT",55842696034,"KNQ6-9ZF","Male"
"LT8Q-95L",55842696036,"LDS9-GTK","Male"
"LT8Q-95L",55842696037,"GMN3-7TX","Female"
"LVVK-HVJ",55842696044,"LT83-QKS","Male"
"LVVK-HVJ",55842696045,"GDG2-NJC","Female"
"GX26-XRJ",55842696046,"G9M5-FF1","Male"
"GX26-XRJ",55842696047,"GN9F-M6Q","Female"
"KJ5F-4ZR",55842696096,"LZS9-ZC2","Male"
"KJ5F-4ZR",55842696097,"LZ61-F76","Female"
"LDMG-1HD",55842696098,"KZPV-BQM","Male"
"LDMG-1HD",55842696099,"MP6J-D9N","Female"
"GJW6-BQP",55842696100,"GGT9-98G","Male"
"GJW6-BQP",55842696101,"GGTM-B2D","Female"
"G26B-199",55842696104,"GKJW-D8S","Male"
"G26B-199",55842696105,"GJY8-7WZ","Female"
"LZS9-ZC2",55842696128,"9HYQ-M4G","Male"
"LZS9-ZC2",55842696129,"GJGW-QM6","Female"
"LZ61-F76",55842696130,"LZ19-924","Male"
"LZ61-F76",55842696131,"GL5F-YH1","Female"
"KNXX-WBQ",55842696136,"LHPZ-9WQ","Male"
"KNXX-WBQ",55842696137,"LCT8-QVQ","Female"
"LDMT-HMZ",55842696140,"L8BY-3VJ","Male"
"LDMT-HMZ",55842696141,"94BP-X4Z","Female"
"LD91-ST3",55842696142,"L8YY-5HK","Male"
"LD91-ST3",55842696143,"L8WB-D2Z","Female"
"KZPV-BQM",55842696148,"L8RR-4KG","Male"
"KZPV-BQM",55842696149,"99QT-MCB","Female"
"M1VS-25N",55842696152,"LDSS-KJ6","Male"
"M1VS-25N",55842696153,"L28D-TJH","Female"
"LDSS-KHY",55842696154,"LYCY-PN6","Male"
"LDSS-KHY",55842696155,"LDSS-KKV","Female"
"LZGQ-LJX",55842696156,"KDQW-JTJ","Male"
"LZGQ-LJX",55842696157,"LDS9-GGV","Female"
"LDSS-8LB",55842696160,"LVMF-2JP","Male"
"LDSS-8LB",55842696161,"GW2T-LDK","Female"
"G2RP-CG1",55842696162,"LDSS-D1D","Male"
"G2RP-CG1",55842696163,"GKZ8-SNZ","Female"
"LD9R-RB7",55842696176,"LD9R-RYR","Male"
"LD9R-RB7",55842696177,"M15L-V4Q","Female"
"LDSS-6H5",55842696178,"L133-HLP","Male"
"LDSS-6H5",55842696179,"KH8N-T92","Female"
"LDMT-HMZ",55842696180,"L8BY-3VJ","Male"
"LDMT-HMZ",55842696181,"94BP-X4Z","Female"
"LD91-ST3",55842696182,"L8YY-5HK","Male"
"LD91-ST3",55842696183,"L8WB-D2Z","Female"
"L8MB-ZMK",55842696184,"L8YY-PD5","Male"
"L8MB-ZMK",55842696185,"MBV2-T1M","Female"
"MB1Q-ZWW",55842696186,"GKZZ-K49","Male"
"MB1Q-ZWW",55842696187,"GL6R-9XP","Female"
"LDMT-W6R",55842696188,"KJP2-TBR","Male"
"LDMT-W6R",55842696189,"GFN3-DQ5","Female"
"LT83-H6M",55842696190,"GQ59-8LX","Male"
"LT83-H6M",55842696191,"GSCJ-Z9D","Female"
"9HYQ-M4G",55842696512,"G7XJ-1LY","Male"
"9HYQ-M4G",55842696513,"GL2J-F24","Female"
"GJGW-QM6",55842696514,"GGL4-859","Male"
"GJGW-QM6",55842696515,"GGL4-6DG","Female"
"LZ19-924",55842696516,"LZF6-M94","Male"
"LZ19-924",55842696517,"GWW8-LWR","Female"
"GL5F-YH1",55842696518,"GGHH-9CK","Male"
"GL5F-YH1",55842696519,"GGHH-4HZ","Female"
"9HYQ-M4G",55842696520,"G7XJ-1LY","Male"
"9HYQ-M4G",55842696521,"GL2J-F24","Female"
"GJGW-QM6",55842696522,"GGL4-859","Male"
"GJGW-QM6",55842696523,"GGL4-6DG","Female"
"LZ19-924",55842696524,"LZF6-M94","Male"
"LZ19-924",55842696525,"GWW8-LWR","Female"
"GL5F-YH1",55842696526,"GGHH-9CK","Male"
"GL5F-YH1",55842696527,"GGHH-4HZ","Female"
"LTFG-ZR8",55842696528,"GDFJ-TC8","Male"
"LTFG-ZR8",55842696529,"G2XB-KHW","Female"
"99HN-W8M",55842696530,"MQ6Y-DJR","Male"
"99HN-W8M",55842696531,"LHR1-9SN","Female"
"9HYQ-M4G",55842696544,"G7XJ-1LY","Male"
"9HYQ-M4G",55842696545,"GL2J-F24","Female"
"GJGW-QM6",55842696546,"GGL4-859","Male"
"GJGW-QM6",55842696547,"GGL4-6DG","Female"
"LZ19-924",55842696548,"LZF6-M94","Male"
"LZ19-924",55842696549,"GWW8-LWR","Female"
"GL5F-YH1",55842696550,"GGHH-9CK","Male"
"GL5F-YH1",55842696551,"GGHH-4HZ","Female"
"LTFG-ZR8",55842696560,"GDFJ-TC8","Male"
"LTFG-ZR8",55842696561,"G2XB-KHW","Female"
"99HN-W8M",55842696562,"MQ6Y-DJR","Male"
"99HN-W8M",55842696563,"LHR1-9SN","Female"
"LD3L-3L1",55842696704,"LD3L-3PY","Male"
"LD3L-3L1",55842696705,"9H47-T4V","Female"
"G8WB-3VQ",55842696712,"G269-7QK","Male"
"G2VL-4QK",55842696720,"G8R4-ZBJ","Male"
"LVZ5-9LT",55842696724,"KFYT-G84","Male"
"LVZ5-9LT",55842696725,"LDSS-LKR","Female"
"LTFJ-P8P",55842696726,"LDMT-HMZ","Male"
"LTFJ-P8P",55842696727,"LD91-ST3","Female"
"GZGY-PHB",55842696728,"KFPX-KY8","Male"
"GZGY-PHB",55842696729,"LZX2-BDJ","Female"
"GW2T-W8K",55842696731,"GZ68-X5M","Female"
"GW2T-W8K",55842696730,"GLMN-FFB","Male"
"G72Y-4GB",55842696732,"LCRB-Q2R","Male"
"G72Y-4GB",55842696733,"G865-DJ7","Female"
"GJT8-5BS",55842696740,"GJT8-PTZ","Male"
"LTQP-NP6",55842696744,"9HM8-KNP","Male"
"LTQP-NP6",55842696745,"2W31-DF3","Female"
"G2F3-2MP",55842696752,"G84M-4VH","Male"
"937W-Z8H",55842696756,"LHWM-193","Male"
"937W-Z8H",55842696757,"9H1Y-2F2","Female"
"LB8M-L15",55842696760,"G2ZK-91W","Male"
"LB8M-L15",55842696761,"GF6N-BW8","Female"
"LDB4-489",55842696762,"L134-D1P","Male"
"LDB4-489",55842696763,"L8YY-R1N","Female"
"LZF4-Y8X",55842696768,"MSNT-MCJ","Male"
"LZF4-Y8X",55842696769,"G6DN-8RC","Female"
"9HM8-KNP",55842696776,"GGW9-K2T","Male"
"9HM8-KNP",55842696777,"G39X-ST6","Female"
"2W31-DF3",55842696778,"GQMG-Y4W","Male"
"2W31-DF3",55842696779,"GSBT-JM7","Female"
"KNW5-CM9",55842696784,"LVMF-2YH","Male"
"KNW5-CM9",55842696785,"GH4Y-2HC","Female"
"LCRM-5HJ",55842696786,"LCQX-XJS","Male"
"LCRM-5HJ",55842696787,"L78P-85J","Female"
"LHW9-VZ4",55842696788,"L1MT-HC1","Male"
"LHW9-VZ4",55842696789,"GVGZ-DCK","Female"
"GGWF-VYW",55842696792,"GGWF-6J3","Male"
"M74H-989",55842696800,"MBVX-N1Y","Male"
"M74H-989",55842696801,"MBVX-JMZ","Female"
"93QT-3QP",55842696804,"L1MT-HC1","Male"
"93QT-3QP",55842696805,"GVGZ-DCK","Female"
"L71C-CSZ",55842696806,"GGW9-K2T","Male"
"L71C-CSZ",55842696807,"GV72-LLP","Female"
"KF56-979",55842696808,"GJT5-24B","Male"
"KF56-979",55842696809,"GNTY-8RN","Female"
"9HM8-KNP",55842696832,"GGW9-K2T","Male"
"9HM8-KNP",55842696833,"G39X-ST6","Female"
"2W31-DF3",55842696834,"GQMG-Y4W","Male"
"2W31-DF3",55842696835,"GSBT-JM7","Female"
"L1MT-HC1",55842696840,"L134-D1P","Male"
"L1MT-HC1",55842696841,"L8YY-R1N","Female"
"GVGZ-DCK",55842696842,"LDQ1-RBN","Male"
"GVGZ-DCK",55842696843,"GVN6-YQL","Female"
"LHJ1-Z2N",55842696856,"G269-7QK","Male"
"GVS5-FJH",55842696864,"9HM8-KNP","Male"
"GVS5-FJH",55842696865,"2W31-DF3","Female"
"LHJ1-Z2N",55842696872,"G269-7QK","Male"
"L7B5-9CH",55842696880,"LJ5V-MZH","Male"
"L7B5-9CH",55842696881,"GNTQ-6HT","Female"
"L27L-XYL",55842696882,"LH74-HV9","Male"
"L27L-XYL",55842696883,"G2ZL-2MS","Female"
"LJ5R-TT4",55842696888,"2S3R-SRG","Male"
"LJ5R-TT4",55842696889,"L7BK-5RX","Female"
"LD3L-3L1",55842696896,"LD3L-3PY","Male"
"LD3L-3L1",55842696897,"9H47-T4V","Female"
"G8WB-3VQ",55842696904,"G269-7QK","Male"
"G2VL-4QK",55842696912,"G8R4-ZBJ","Male"
"LVZ5-9LT",55842696916,"KFYT-G84","Male"
"LVZ5-9LT",55842696917,"LDSS-LKR","Female"
"LTFJ-P8P",55842696918,"LDMT-HMZ","Male"
"LTFJ-P8P",55842696919,"LD91-ST3","Female"
"GZGY-PHB",55842696920,"KFPX-KY8","Male"
"GZGY-PHB",55842696921,"LZX2-BDJ","Female"
"GW2T-W8K",55842696923,"GZ68-X5M","Female"
"GW2T-W8K",55842696922,"GLMN-FFB","Male"
"G72Y-4GB",55842696924,"LCRB-Q2R","Male"
"G72Y-4GB",55842696925,"G865-DJ7","Female"
"GJT8-5BS",55842696932,"GJT8-PTZ","Male"
"LTQP-NP6",55842696936,"9HM8-KNP","Male"
"LTQP-NP6",55842696937,"2W31-DF3","Female"
"G2F3-2MP",55842696944,"G84M-4VH","Male"
"937W-Z8H",55842696948,"LHWM-193","Male"
"937W-Z8H",55842696949,"9H1Y-2F2","Female"
"LB8M-L15",55842696952,"G2ZK-91W","Male"
"LB8M-L15",55842696953,"GF6N-BW8","Female"
"LDB4-489",55842696954,"L134-D1P","Male"
"LDB4-489",55842696955,"L8YY-R1N","Female"
"GGWK-CH2",55842697216,"GGWK-PPB","Male"
"GGWK-CH2",55842697217,"GG49-LN7","Female"
"G7LK-VGP",55842697220,"G7LK-P3T","Male"
"G7LK-VGP",55842697221,"GW87-X5M","Female"
"LZS9-ZC2",55842697280,"9HYQ-M4G","Male"
"LZS9-ZC2",55842697281,"GJGW-QM6","Female"
"LZ61-F76",55842697282,"LZ19-924","Male"
"LZ61-F76",55842697283,"GL5F-YH1","Female"
"G2P3-DZN",55842697344,"KFK5-ZL5","Male"
"G2P3-DZN",55842697345,"LBCC-DW3","Female"
"LZS9-ZC2",55842697504,"9HYQ-M4G","Male"
"LZS9-ZC2",55842697505,"GJGW-QM6","Female"
"LZ61-F76",55842697506,"LZ19-924","Male"
"LZ61-F76",55842697507,"GL5F-YH1","Female"
"LZS9-ZC2",55842697508,"9HYQ-M4G","Male"
"LZS9-ZC2",55842697509,"GJGW-QM6","Female"
"LZ61-F76",55842697510,"LZ19-924","Male"
"LZ61-F76",55842697511,"GL5F-YH1","Female"
"LRFW-FFD",55842697512,"LTFG-ZR8","Male"
"LRFW-FFD",55842697513,"99HN-W8M","Female"
"GDQ1-93V",55842697514,"GX4S-B53","Male"
"GDQ1-93V",55842697515,"GVLD-N4D","Female"
"LZS9-ZC2",55842697520,"9HYQ-M4G","Male"
"LZS9-ZC2",55842697521,"GJGW-QM6","Female"
"LZ61-F76",55842697522,"LZ19-924","Male"
"LZ61-F76",55842697523,"GL5F-YH1","Female"
"LRFW-FFD",55842697528,"LTFG-ZR8","Male"
"LRFW-FFD",55842697529,"99HN-W8M","Female"
"GDQ1-93V",55842697530,"GX4S-B53","Male"
"GDQ1-93V",55842697531,"GVLD-N4D","Female"
"GK2B-SNY",55842697600,"LVYZ-1TY","Male"
"GK2B-SNY",55842697601,"G2M8-SMJ","Female"
"G8D1-GN6",55842697602,"GZKV-KZB","Male"
"G8D1-GN6",55842697603,"G251-23T","Female"
"GNS3-6W9",55842697604,"G9CY-V57","Male"
"GNS3-6W9",55842697605,"GJZG-72Y","Female"
"GZRY-QY7",55842697606,"G2NV-4PR","Male"
"GZRY-QY7",55842697607,"G2NJ-18J","Female"
"LD9R-RCZ",55842697728,"GGT6-NYC","Male"
"LD9R-RCZ",55842697729,"GGTD-5CG","Female"
"MBWQ-SF3",55842697730,"LH3J-XVF","Male"
"MBWQ-SF3",55842697731,"KN3T-TR3","Female"
"L1R3-QH7",55842697732,"LD9R-5PH","Male"
"L1R3-QH7",55842697733,"LZM1-YM9","Female"
"M33Z-FHV",55842697734,"GGQ2-T6Y","Male"
"M33Z-FHV",55842697735,"GGQ2-FDK","Female"
"G8W1-9VC",55842697736,"GQ61-KWP","Male"
"G8W1-9VC",55842697737,"G286-7NZ","Female"
"LCZD-G2Y",55842697738,"G242-XCP","Male"
"LCZD-G2Y",55842697739,"G2L3-V7G","Female"
"9C9Z-FWN",55842697740,"LBV8-GDB","Male"
"KJ5F-4ZR",55842697744,"LZS9-ZC2","Male"
"KJ5F-4ZR",55842697745,"LZ61-F76","Female"
"LDMG-1HD",55842697746,"KZPV-BQM","Male"
"LDMG-1HD",55842697747,"MP6J-D9N","Female"
"GJW6-BQP",55842697748,"GGT9-98G","Male"
"GJW6-BQP",55842697749,"GGTM-B2D","Female"
"G26B-199",55842697752,"GKJW-D8S","Male"
"G26B-199",55842697753,"GJY8-7WZ","Female"
"GQP1-SWH",55842698016,"GJV1-2WG","Male"
"GQP1-SWH",55842698017,"2BH6-ZWG","Female"
"GQ5M-6ZQ",55842698018,"GKBL-HC7","Male"
"GJV1-2WG",55842698048,"G897-W73","Male"
"2BH6-ZWG",55842698050,"GMN5-65K","Male"
"2BH6-ZWG",55842698051,"GMNZ-MSP","Female"
"KN4J-P1M",55842698112,"K8D7-F5D","Male"
"KN4J-P1M",55842698113,"L8MB-CYC","Female"
"L8M6-YW7",55842698114,"LDZ2-8G7","Male"
"L8M6-YW7",55842698115,"LY6V-8G3","Female"
"9SZ7-ST1",55842698116,"L4S5-G86","Male"
"9SZ7-ST1",55842698117,"9HYH-BLK","Female"
"GLFN-R55",55842698118,"GDG8-GMK","Male"
"GLFN-R55",55842698119,"GXT8-RQB","Female"
"G652-89H",55842698144,"LDSS-8LB","Male"
"G652-89H",55842698145,"G2RP-CG1","Female"
"GQJ4-YYT",55842698146,"GKZZ-9SN","Male"
"GQJ4-YYT",55842698147,"GLND-D3K","Female"
"G78W-VCW",55842698148,"GXB3-LRB","Male"
"G78W-VCW",55842698149,"G2N1-CGQ","Female"
"MM93-ND3",55842698150,"GLB1-ZRJ","Male"
"LDW5-66P",55842698152,"LD9R-RB7","Male"
"LDW5-66P",55842698153,"LDSS-6H5","Female"
"LDW5-623",55842698154,"LDMT-HMZ","Male"
"LDW5-623",55842698155,"LD91-ST3","Female"
"KCXK-S69",55842698156,"L8MB-ZMK","Male"
"KCXK-S69",55842698157,"MB1Q-ZWW","Female"
"GJR2-7VD",55842698158,"LDMT-W6R","Male"
"GJR2-7VD",55842698159,"LT83-H6M","Female"
"L4XX-97T",55842698160,"GJXT-WPH","Male"
"L4XX-97T",55842698161,"G2NZ-FN6","Female"
"GHT6-P7M",55842698176,"GHT6-GVY","Male"
"GHT6-P7M",55842698177,"GFQ9-6S2","Female"
"GHT6-P7M",55842698184,"GHT6-GVY","Male"
"GHT6-P7M",55842698185,"GFQ9-6S2","Female"
